1626654917713 0 49
1626654957262 0 99
1626654994667 0 149
1626655033615 0 199
1626655071081 0 249
1626655109472 0 299
1626655146388 0 349
1626655181527 0 399
1626655218857 0 449
1626655253995 0 499
1626655289150 0 549
1626655323653 0 599
1626655358044 0 649
1626655392007 0 699
1626655424376 0 749
1626655458440 0 799
1626655491058 0 849
1626655522653 0 899
1626655555620 0 949
1626655589279 0 999
1626655621796 0 1049
1626655655256 0 1099
1626655689524 0 1149
1626655722624 0 1199
1626655755493 0 1249
1626655787469 0 1299
1626655821258 0 1349
1626655857252 0 1399
1626655894401 0 1449
1626655929485 0 1499
1626655964767 0 1549
1626656000353 0 1599
1626656035997 0 1649
1626656069165 0 1699
1626656103661 0 1749
1626656136051 0 1799
1626656171374 0 1849
1626656205533 0 1899
1626656242012 0 1949
1626656276195 0 1999
1626656309202 0 2049
1626656343765 0 2099
1626656378760 0 2149
1626656413200 0 2199
1626656447957 0 2249
1626656484781 0 2299
1626656517611 0 2349
1626656554568 0 2399
1626656589491 0 2449
1626656623208 0 2499
1626656655896 0 2549
1626656690488 0 2599
1626656724381 0 2649
1626656759724 0 2699
1626656793597 0 2749
1626656830363 0 2799
1626656866109 0 2849
1626656902284 0 2899
1626656937125 0 2949
1626656973890 0 2999
1626657007600 0 3049
1626657042106 0 3099
1626657060569 0 3124
1626657342264 0 3124
1626657361365 1 3149
1626657394689 1 3199
1626657424724 1 3249
1626657458255 1 3299
1626657492189 1 3349
1626657526675 1 3399
1626657562005 1 3449
1626657594014 1 3499
1626657628613 1 3549
1626657663669 1 3599
1626657697878 1 3649
1626657733689 1 3699
1626657769191 1 3749
1626657804974 1 3799
1626657838471 1 3849
1626657869431 1 3899
1626657901568 1 3949
1626657932347 1 3999
1626657964265 1 4049
1626657997497 1 4099
1626658030499 1 4149
1626658064109 1 4199
1626658097539 1 4249
1626658130764 1 4299
1626658166581 1 4349
1626658199737 1 4399
1626658234669 1 4449
1626658267953 1 4499
1626658301795 1 4549
1626658336762 1 4599
1626658370479 1 4649
1626658406136 1 4699
1626658441366 1 4749
1626658476445 1 4799
1626658508765 1 4849
1626658542073 1 4899
1626658578123 1 4949
1626658613447 1 4999
1626658645575 1 5049
1626658679725 1 5099
1626658716131 1 5149
1626658751473 1 5199
1626658786538 1 5249
1626658819920 1 5299
1626658853253 1 5349
1626658888064 1 5399
1626658922358 1 5449
1626658958184 1 5499
1626658992419 1 5549
1626659026532 1 5599
1626659060386 1 5649
1626659094394 1 5699
1626659128744 1 5749
1626659161539 1 5799
1626659196468 1 5849
1626659229659 1 5899
1626659263044 1 5949
1626659297214 1 5999
1626659330718 1 6049
1626659365176 1 6099
1626659401747 1 6149
1626659436721 1 6199
1626659472166 1 6249
1626659472588 1 6249
1626659757284 1 6249
1626659790682 2 6299
1626659824569 2 6349
1626659857871 2 6399
1626659890712 2 6449
1626659923506 2 6499
1626659956073 2 6549
1626659988916 2 6599
1626660020092 2 6649
1626660052177 2 6699
1626660085228 2 6749
1626660118362 2 6799
1626660152577 2 6849
1626660185645 2 6899
1626660217352 2 6949
1626660250726 2 6999
1626660284934 2 7049
1626660318642 2 7099
1626660351083 2 7149
1626660384751 2 7199
1626660418394 2 7249
1626660456462 2 7299
1626660493428 2 7349
1626660531972 2 7399
1626660567052 2 7449
1626660602524 2 7499
1626660638949 2 7549
1626660677865 2 7599
1626660713058 2 7649
1626660747920 2 7699
1626660783567 2 7749
1626660820432 2 7799
1626660855236 2 7849
1626660891488 2 7899
1626660929689 2 7949
1626660965182 2 7999
1626661001087 2 8049
1626661035302 2 8099
1626661070343 2 8149
1626661105858 2 8199
1626661139429 2 8249
1626661173940 2 8299
1626661208768 2 8349
1626661241903 2 8399
1626661275206 2 8449
1626661310369 2 8499
1626661345283 2 8549
1626661377422 2 8599
1626661409999 2 8649
1626661443525 2 8699
1626661477757 2 8749
1626661512034 2 8799
1626661546877 2 8849
1626661580372 2 8899
1626661613674 2 8949
1626661648838 2 8999
1626661684653 2 9049
1626661717448 2 9099
1626661750102 2 9149
1626661784259 2 9199
1626661818569 2 9249
1626661852798 2 9299
1626661887237 2 9349
1626661906012 2 9374
1626662189321 2 9374
1626662208055 3 9399
1626662242437 3 9449
1626662275400 3 9499
1626662309433 3 9549
1626662342003 3 9599
1626662373712 3 9649
1626662408507 3 9699
1626662442755 3 9749
1626662477642 3 9799
1626662510901 3 9849
1626662543304 3 9899
1626662576454 3 9949
1626662611547 3 9999
1626662646505 3 10049
1626662682313 3 10099
1626662715660 3 10149
1626662751234 3 10199
1626662786003 3 10249
1626662820344 3 10299
1626662856245 3 10349
1626662890798 3 10399
1626662927289 3 10449
1626662962605 3 10499
1626662994449 3 10549
1626663029478 3 10599
1626663065528 3 10649
1626663102244 3 10699
1626663139401 3 10749
1626663177535 3 10799
1626663211025 3 10849
1626663247589 3 10899
1626663280586 3 10949
1626663316246 3 10999
1626663351045 3 11049
1626663385479 3 11099
1626663420912 3 11149
1626663460615 3 11199
1626663498776 3 11249
1626663534831 3 11299
1626663567629 3 11349
1626663603953 3 11399
1626663637487 3 11449
1626663670395 3 11499
1626663703997 3 11549
1626663734933 3 11599
1626663769043 3 11649
1626663804119 3 11699
1626663838898 3 11749
1626663871485 3 11799
1626663903793 3 11849
1626663937997 3 11899
1626663973152 3 11949
1626664007831 3 11999
1626664041775 3 12049
1626664075212 3 12099
1626664109082 3 12149
1626664143427 3 12199
1626664178384 3 12249
1626664211118 3 12299
1626664245190 3 12349
1626664281893 3 12399
1626664315709 3 12449
1626664351543 3 12499
1626664352228 3 12499
1626664633203 3 12499
1626664668793 4 12549
1626664699327 4 12599
1626664732004 4 12649
1626664766074 4 12699
1626664801037 4 12749
1626664833648 4 12799
1626664866277 4 12849
1626664899122 4 12899
1626664931390 4 12949
1626664964485 4 12999
1626664998272 4 13049
1626665030514 4 13099
1626665064116 4 13149
1626665097273 4 13199
1626665131166 4 13249
1626665165697 4 13299
1626665200794 4 13349
1626665235172 4 13399
1626665269678 4 13449
1626665302098 4 13499
1626665335412 4 13549
1626665366218 4 13599
1626665398215 4 13649
1626665432482 4 13699
1626665465683 4 13749
1626665498606 4 13799
1626665533465 4 13849
1626665569480 4 13899
1626665604647 4 13949
1626665638979 4 13999
1626665673519 4 14049
1626665707898 4 14099
1626665740789 4 14149
1626665775350 4 14199
1626665810210 4 14249
1626665844112 4 14299
1626665878024 4 14349
1626665912824 4 14399
1626665948917 4 14449
1626665985387 4 14499
1626666018141 4 14549
1626666051707 4 14599
1626666086216 4 14649
1626666120186 4 14699
1626666154728 4 14749
1626666188730 4 14799
1626666223815 4 14849
1626666257340 4 14899
1626666294416 4 14949
1626666329771 4 14999
1626666366873 4 15049
1626666402710 4 15099
1626666439745 4 15149
1626666476140 4 15199
1626666514698 4 15249
1626666548239 4 15299
1626666580969 4 15349
1626666614036 4 15399
1626666647235 4 15449
1626666679995 4 15499
1626666714555 4 15549
1626666747469 4 15599
1626666767859 4 15624
1626667060631 4 15624
1626667080368 5 15649
1626667108704 5 15699
1626667141001 5 15749
1626667172888 5 15799
1626667207114 5 15849
1626667241800 5 15899
1626667276038 5 15949
1626667309620 5 15999
1626667343654 5 16049
1626667379397 5 16099
1626667411541 5 16149
1626667448846 5 16199
1626667479144 5 16249
1626667511902 5 16299
1626667543696 5 16349
1626667580110 5 16399
1626667611815 5 16449
1626667647171 5 16499
1626667679247 5 16549
1626667712230 5 16599
1626667746974 5 16649
1626667782001 5 16699
1626667815443 5 16749
1626667851224 5 16799
1626667883318 5 16849
1626667917815 5 16899
1626667951663 5 16949
1626667987855 5 16999
1626668020306 5 17049
1626668051858 5 17099
1626668087504 5 17149
1626668123760 5 17199
1626668158108 5 17249
1626668193211 5 17299
1626668226076 5 17349
1626668259460 5 17399
1626668293714 5 17449
1626668326072 5 17499
1626668360353 5 17549
1626668397252 5 17599
1626668433211 5 17649
1626668466707 5 17699
1626668499396 5 17749
1626668534512 5 17799
1626668569444 5 17849
1626668600635 5 17899
1626668635513 5 17949
1626668669326 5 17999
1626668706904 5 18049
1626668740797 5 18099
1626668774508 5 18149
1626668810065 5 18199
1626668845941 5 18249
1626668881300 5 18299
1626668913315 5 18349
1626668948330 5 18399
1626668982168 5 18449
1626669014456 5 18499
1626669048098 5 18549
1626669081702 5 18599
1626669116427 5 18649
1626669149725 5 18699
1626669186697 5 18749
1626669187205 5 18749
1626669499546 5 18749
1626669533636 6 18799
1626669568456 6 18849
1626669600880 6 18899
1626669633432 6 18949
1626669669415 6 18999
1626669703015 6 19049
1626669735566 6 19099
1626669768906 6 19149
1626669802174 6 19199
1626669836294 6 19249
1626669868933 6 19299
1626669901353 6 19349
1626669932464 6 19399
1626669966810 6 19449
1626670001585 6 19499
1626670036720 6 19549
1626670069996 6 19599
1626670104805 6 19649
1626670138803 6 19699
1626670174036 6 19749
1626670207861 6 19799
1626670242355 6 19849
1626670277415 6 19899
1626670314585 6 19949
1626670347903 6 19999
1626670383106 6 20049
1626670417533 6 20099
1626670452858 6 20149
1626670487298 6 20199
1626670524068 6 20249
1626670557647 6 20299
1626670590168 6 20349
1626670626620 6 20399
1626670662031 6 20449
1626670695853 6 20499
1626670731235 6 20549
1626670765827 6 20599
1626670800390 6 20649
1626670835333 6 20699
1626670869965 6 20749
1626670905227 6 20799
1626670939197 6 20849
1626670974672 6 20899
1626671011068 6 20949
1626671044609 6 20999
1626671077927 6 21049
1626671111920 6 21099
1626671145960 6 21149
1626671178873 6 21199
1626671213082 6 21249
1626671247239 6 21299
1626671281161 6 21349
1626671316003 6 21399
1626671349549 6 21449
1626671387101 6 21499
1626671419964 6 21549
1626671453926 6 21599
1626671488468 6 21649
1626671523299 6 21699
1626671555660 6 21749
1626671590366 6 21799
1626671625746 6 21849
1626671644706 6 21874
1626671930268 6 21874
1626671950758 7 21899
1626671978620 7 21949
1626672006517 7 21999
1626672039666 7 22049
1626672072424 7 22099
1626672106194 7 22149
1626672139465 7 22199
1626672174486 7 22249
1626672208998 7 22299
1626672241497 7 22349
1626672276348 7 22399
1626672313961 7 22449
1626672348137 7 22499
1626672381223 7 22549
1626672413957 7 22599
1626672445877 7 22649
1626672479378 7 22699
1626672510864 7 22749
1626672540312 7 22799
1626672571363 7 22849
1626672605243 7 22899
1626672638716 7 22949
1626672672067 7 22999
1626672705742 7 23049
1626672738677 7 23099
1626672771605 7 23149
1626672802082 7 23199
1626672836161 7 23249
1626672868704 7 23299
1626672901622 7 23349
1626672935172 7 23399
1626672968771 7 23449
1626673003706 7 23499
1626673038437 7 23549
1626673072602 7 23599
1626673105775 7 23649
1626673141061 7 23699
1626673174374 7 23749
1626673208169 7 23799
1626673241677 7 23849
1626673275130 7 23899
1626673306706 7 23949
1626673340992 7 23999
1626673372885 7 24049
1626673406617 7 24099
1626673440195 7 24149
1626673473028 7 24199
1626673508703 7 24249
1626673543346 7 24299
1626673575631 7 24349
1626673610455 7 24399
1626673643554 7 24449
1626673676794 7 24499
1626673709348 7 24549
1626673739835 7 24599
1626673772582 7 24649
1626673806707 7 24699
1626673840822 7 24749
1626673873347 7 24799
1626673908134 7 24849
1626673943919 7 24899
1626673979248 7 24949
1626674013266 7 24999
1626674013971 7 24999
1626674298739 7 24999
1626674333806 8 25049
1626674367482 8 25099
1626674398869 8 25149
1626674431178 8 25199
1626674463061 8 25249
1626674492419 8 25299
1626674523135 8 25349
1626674556991 8 25399
1626674587249 8 25449
1626674619598 8 25499
1626674649591 8 25549
1626674678163 8 25599
1626674712164 8 25649
1626674743174 8 25699
1626674775692 8 25749
1626674806616 8 25799
1626674840841 8 25849
1626674872008 8 25899
1626674905713 8 25949
1626674939132 8 25999
1626674972109 8 26049
1626675005084 8 26099
1626675039433 8 26149
1626675073486 8 26199
1626675107704 8 26249
1626675143010 8 26299
1626675178322 8 26349
1626675216067 8 26399
1626675252011 8 26449
1626675287280 8 26499
1626675322877 8 26549
1626675358062 8 26599
1626675390315 8 26649
1626675422256 8 26699
1626675458032 8 26749
1626675493636 8 26799
1626675527255 8 26849
1626675562007 8 26899
1626675594805 8 26949
1626675629298 8 26999
1626675663133 8 27049
1626675696584 8 27099
1626675733753 8 27149
1626675767527 8 27199
1626675801383 8 27249
1626675834950 8 27299
1626675869247 8 27349
1626675902847 8 27399
1626675935454 8 27449
1626675966149 8 27499
1626676000904 8 27549
1626676036110 8 27599
1626676069608 8 27649
1626676101010 8 27699
1626676135692 8 27749
1626676169162 8 27799
1626676202702 8 27849
1626676234626 8 27899
1626676268912 8 27949
1626676302630 8 27999
1626676331310 8 28049
1626676364246 8 28099
1626676383856 8 28124
1626676667074 8 28124
1626676688208 9 28149
1626676717689 9 28199
1626676747960 9 28249
1626676783440 9 28299
1626676817250 9 28349
1626676851247 9 28399
1626676884340 9 28449
1626676915414 9 28499
1626676950521 9 28549
1626676982271 9 28599
1626677012139 9 28649
1626677041808 9 28699
1626677074972 9 28749
1626677107547 9 28799
1626677141340 9 28849
1626677174325 9 28899
1626677207599 9 28949
1626677237371 9 28999
1626677269382 9 29049
1626677301333 9 29099
1626677334569 9 29149
1626677364823 9 29199
1626677398396 9 29249
1626677432911 9 29299
1626677468787 9 29349
1626677500859 9 29399
1626677530876 9 29449
1626677566223 9 29499
1626677602916 9 29549
1626677636957 9 29599
1626677671597 9 29649
1626677703311 9 29699
1626677740833 9 29749
1626677774256 9 29799
1626677806059 9 29849
1626677840080 9 29899
1626677871688 9 29949
1626677905830 9 29999
1626677939847 9 30049
1626677973844 9 30099
1626678005844 9 30149
1626678042265 9 30199
1626678074018 9 30249
1626678110140 9 30299
1626678144376 9 30349
1626678183964 9 30399
1626678221211 9 30449
1626678256927 9 30499
1626678292247 9 30549
1626678324520 9 30599
1626678357385 9 30649
1626678391745 9 30699
1626678424618 9 30749
1626678457253 9 30799
1626678488738 9 30849
1626678524112 9 30899
1626678557090 9 30949
1626678589373 9 30999
1626678619518 9 31049
1626678653414 9 31099
1626678685568 9 31149
1626678720877 9 31199
1626678756714 9 31249
1626678757438 9 31249
1626679046106 9 31249
1626679080622 10 31299
1626679108608 10 31349
1626679140685 10 31399
1626679174795 10 31449
1626679206942 10 31499
1626679240119 10 31549
1626679272096 10 31599
1626679302337 10 31649
1626679333864 10 31699
1626679361919 10 31749
1626679389855 10 31799
1626679420284 10 31849
1626679450881 10 31899
1626679483414 10 31949
1626679516237 10 31999
1626679546884 10 32049
1626679577269 10 32099
1626679610383 10 32149
1626679640085 10 32199
1626679673454 10 32249
1626679707016 10 32299
1626679741220 10 32349
1626679776192 10 32399
1626679811533 10 32449
1626679845117 10 32499
1626679879321 10 32549
1626679913899 10 32599
1626679946355 10 32649
1626679979387 10 32699
1626680011493 10 32749
1626680042897 10 32799
1626680079401 10 32849
1626680109315 10 32899
1626680143115 10 32949
1626680178564 10 32999
1626680214079 10 33049
1626680249084 10 33099
1626680284017 10 33149
1626680314927 10 33199
1626680345698 10 33249
1626680379751 10 33299
1626680413121 10 33349
1626680445859 10 33399
1626680475721 10 33449
1626680507951 10 33499
1626680541146 10 33549
1626680574106 10 33599
1626680608858 10 33649
1626680642773 10 33699
1626680679669 10 33749
1626680713756 10 33799
1626680748565 10 33849
1626680779964 10 33899
1626680815284 10 33949
1626680847610 10 33999
1626680878603 10 34049
1626680912825 10 34099
1626680948254 10 34149
1626680982156 10 34199
1626681017845 10 34249
1626681052241 10 34299
1626681085639 10 34349
1626681105311 10 34374
1626681407713 10 34374
1626681428071 11 34399
1626681456016 11 34449
1626681484247 11 34499
1626681517431 11 34549
1626681551419 11 34599
1626681583834 11 34649
1626681615132 11 34699
1626681646040 11 34749
1626681675424 11 34799
1626681710024 11 34849
1626681741947 11 34899
1626681774527 11 34949
1626681808697 11 34999
1626681843565 11 35049
1626681874249 11 35099
1626681906184 11 35149
1626681942348 11 35199
1626681974638 11 35249
1626682003437 11 35299
1626682036408 11 35349
1626682071695 11 35399
1626682105775 11 35449
1626682136471 11 35499
1626682168402 11 35549
1626682203437 11 35599
1626682236683 11 35649
1626682272092 11 35699
1626682305013 11 35749
1626682339661 11 35799
1626682376287 11 35849
1626682410984 11 35899
1626682444475 11 35949
1626682474724 11 35999
1626682508585 11 36049
1626682541984 11 36099
1626682578334 11 36149
1626682610336 11 36199
1626682641922 11 36249
1626682671701 11 36299
1626682704028 11 36349
1626682737505 11 36399
1626682769056 11 36449
1626682802360 11 36499
1626682832763 11 36549
1626682867721 11 36599
1626682901257 11 36649
1626682934051 11 36699
1626682966844 11 36749
1626683001007 11 36799
1626683034940 11 36849
1626683068073 11 36899
1626683103534 11 36949
1626683138194 11 36999
1626683171474 11 37049
1626683205250 11 37099
1626683239656 11 37149
1626683275251 11 37199
1626683309281 11 37249
1626683344870 11 37299
1626683378834 11 37349
1626683411267 11 37399
1626683444682 11 37449
1626683480098 11 37499
1626683480652 11 37499
1626683767005 11 37499
1626683801295 12 37549
1626683836422 12 37599
1626683869066 12 37649
1626683902662 12 37699
1626683937909 12 37749
1626683967010 12 37799
1626683998312 12 37849
1626684030265 12 37899
1626684067122 12 37949
1626684101845 12 37999
1626684135207 12 38049
1626684169413 12 38099
1626684199411 12 38149
1626684233054 12 38199
1626684264432 12 38249
1626684297020 12 38299
1626684330590 12 38349
1626684364269 12 38399
1626684394247 12 38449
1626684427261 12 38499
1626684458621 12 38549
1626684491804 12 38599
1626684525025 12 38649
1626684557944 12 38699
1626684592320 12 38749
1626684626117 12 38799
1626684658792 12 38849
1626684690897 12 38899
1626684723622 12 38949
1626684756798 12 38999
1626684789250 12 39049
1626684822398 12 39099
1626684854046 12 39149
1626684887576 12 39199
1626684919731 12 39249
1626684953518 12 39299
1626684987234 12 39349
1626685019852 12 39399
1626685050305 12 39449
1626685085944 12 39499
1626685119179 12 39549
1626685152848 12 39599
1626685185895 12 39649
1626685218832 12 39699
1626685253417 12 39749
1626685287446 12 39799
1626685320371 12 39849
1626685354474 12 39899
1626685386096 12 39949
1626685421290 12 39999
1626685452765 12 40049
1626685487405 12 40099
1626685520194 12 40149
1626685555896 12 40199
1626685586724 12 40249
1626685618625 12 40299
1626685648427 12 40349
1626685682512 12 40399
1626685716264 12 40449
1626685749956 12 40499
1626685783870 12 40549
1626685816884 12 40599
1626685835627 12 40624
1626686128221 12 40624
1626686151553 13 40649
1626686180721 13 40699
1626686213822 13 40749
1626686243189 13 40799
1626686275755 13 40849
1626686307896 13 40899
1626686341082 13 40949
1626686374725 13 40999
1626686406401 13 41049
1626686439145 13 41099
1626686470718 13 41149
1626686503443 13 41199
1626686536062 13 41249
1626686568528 13 41299
1626686598800 13 41349
1626686631794 13 41399
1626686664547 13 41449
1626686699266 13 41499
1626686731874 13 41549
1626686766607 13 41599
1626686798414 13 41649
1626686830621 13 41699
1626686864713 13 41749
1626686898487 13 41799
1626686930641 13 41849
1626686963854 13 41899
1626686995976 13 41949
1626687030613 13 41999
1626687064742 13 42049
1626687101294 13 42099
1626687135625 13 42149
1626687171298 13 42199
1626687206245 13 42249
1626687242631 13 42299
1626687278220 13 42349
1626687314716 13 42399
1626687350685 13 42449
1626687384959 13 42499
1626687420219 13 42549
1626687454694 13 42599
1626687489227 13 42649
1626687523561 13 42699
1626687557270 13 42749
1626687588330 13 42799
1626687620351 13 42849
1626687652670 13 42899
1626687684559 13 42949
1626687716671 13 42999
1626687750615 13 43049
1626687783095 13 43099
1626687817259 13 43149
1626687849028 13 43199
1626687881652 13 43249
1626687915230 13 43299
1626687946177 13 43349
1626687978874 13 43399
1626688013726 13 43449
1626688047942 13 43499
1626688081575 13 43549
1626688114951 13 43599
1626688147356 13 43649
1626688180254 13 43699
1626688215196 13 43749
1626688215867 13 43749
1626688501683 13 43749
1626688536980 14 43799
1626688566140 14 43849
1626688594399 14 43899
1626688627010 14 43949
1626688659586 14 43999
1626688692176 14 44049
1626688726020 14 44099
1626688758179 14 44149
1626688792501 14 44199
1626688825868 14 44249
1626688855078 14 44299
1626688883130 14 44349
1626688913909 14 44399
1626688945983 14 44449
1626688976428 14 44499
1626689005959 14 44549
1626689034745 14 44599
1626689067798 14 44649
1626689096788 14 44699
1626689131015 14 44749
1626689163104 14 44799
1626689198765 14 44849
1626689232423 14 44899
1626689267890 14 44949
1626689301081 14 44999
1626689335289 14 45049
1626689369512 14 45099
1626689402927 14 45149
1626689434497 14 45199
1626689467309 14 45249
1626689498856 14 45299
1626689533222 14 45349
1626689566180 14 45399
1626689599197 14 45449
1626689631331 14 45499
1626689666920 14 45549
1626689701292 14 45599
1626689737365 14 45649
1626689771385 14 45699
1626689804106 14 45749
1626689837883 14 45799
1626689871574 14 45849
1626689905996 14 45899
1626689942433 14 45949
1626689973972 14 45999
1626690006950 14 46049
1626690042996 14 46099
1626690077660 14 46149
1626690110483 14 46199
1626690143507 14 46249
1626690176916 14 46299
1626690210116 14 46349
1626690242956 14 46399
1626690278047 14 46449
1626690312307 14 46499
1626690345692 14 46549
1626690378594 14 46599
1626690417051 14 46649
1626690449924 14 46699
1626690482339 14 46749
1626690516716 14 46799
1626690551869 14 46849
1626690568971 14 46874
1626690850416 14 46874
1626690871373 15 46899
1626690899482 15 46949
1626690927527 15 46999
1626690955584 15 47049
1626690983569 15 47099
1626691011561 15 47149
1626691039433 15 47199
1626691069937 15 47249
1626691100843 15 47299
1626691131399 15 47349
1626691159461 15 47399
1626691192308 15 47449
1626691226692 15 47499
1626691257210 15 47549
1626691290223 15 47599
1626691323768 15 47649
1626691359173 15 47699
1626691388983 15 47749
1626691417135 15 47799
1626691447658 15 47849
1626691480561 15 47899
1626691513557 15 47949
1626691544278 15 47999
1626691572471 15 48049
1626691606110 15 48099
1626691640332 15 48149
1626691674889 15 48199
1626691709872 15 48249
1626691741637 15 48299
1626691772977 15 48349
1626691805570 15 48399
1626691839269 15 48449
1626691872190 15 48499
1626691906000 15 48549
1626691939461 15 48599
1626691972393 15 48649
1626692004935 15 48699
1626692038220 15 48749
1626692072643 15 48799
1626692106268 15 48849
1626692136120 15 48899
1626692172745 15 48949
1626692206305 15 48999
1626692241020 15 49049
1626692274583 15 49099
1626692307872 15 49149
1626692341043 15 49199
1626692372338 15 49249
1626692404097 15 49299
1626692435062 15 49349
1626692468922 15 49399
1626692502634 15 49449
1626692533577 15 49499
1626692565777 15 49549
1626692597254 15 49599
1626692629333 15 49649
1626692663484 15 49699
1626692696847 15 49749
1626692731328 15 49799
1626692765438 15 49849
1626692799219 15 49899
1626692833127 15 49949
1626692867839 15 49999
1626692868463 15 49999
1626693167979 15 49999
1626693203177 16 50049
1626693234870 16 50099
1626693267870 16 50149
1626693302978 16 50199
1626693335380 16 50249
1626693370002 16 50299
1626693403351 16 50349
1626693435821 16 50399
1626693468927 16 50449
1626693500592 16 50499
1626693533221 16 50549
1626693565573 16 50599
1626693599822 16 50649
1626693635139 16 50699
1626693667650 16 50749
1626693702374 16 50799
1626693735894 16 50849
1626693769524 16 50899
1626693803671 16 50949
1626693836352 16 50999
1626693868310 16 51049
1626693902998 16 51099
1626693937778 16 51149
1626693968443 16 51199
1626694002711 16 51249
1626694035114 16 51299
1626694069553 16 51349
1626694103087 16 51399
1626694138349 16 51449
1626694173801 16 51499
1626694207885 16 51549
1626694238663 16 51599
1626694275811 16 51649
1626694311284 16 51699
1626694346364 16 51749
1626694381461 16 51799
1626694418505 16 51849
1626694451979 16 51899
1626694485967 16 51949
1626694520234 16 51999
1626694554944 16 52049
1626694589366 16 52099
1626694622782 16 52149
1626694656964 16 52199
1626694693089 16 52249
1626694726528 16 52299
1626694762382 16 52349
1626694797015 16 52399
1626694833332 16 52449
1626694867307 16 52499
1626694903172 16 52549
1626694934149 16 52599
1626694970214 16 52649
1626695005912 16 52699
1626695037520 16 52749
1626695070383 16 52799
1626695105766 16 52849
1626695137568 16 52899
1626695169097 16 52949
1626695202128 16 52999
1626695237946 16 53049
1626695272605 16 53099
1626695292066 16 53124
1626695579608 16 53124
1626695599997 17 53149
1626695628208 17 53199
1626695661885 17 53249
1626695694169 17 53299
1626695725839 17 53349
1626695759612 17 53399
1626695795396 17 53449
1626695827072 17 53499
1626695860573 17 53549
1626695893080 17 53599
1626695925785 17 53649
1626695957804 17 53699
1626695990649 17 53749
1626696023403 17 53799
1626696055298 17 53849
1626696087893 17 53899
1626696121968 17 53949
1626696155711 17 53999
1626696189858 17 54049
1626696229331 17 54099
1626696262396 17 54149
1626696294292 17 54199
1626696328197 17 54249
1626696362301 17 54299
1626696396883 17 54349
1626696432332 17 54399
1626696468475 17 54449
1626696504352 17 54499
1626696538932 17 54549
1626696571684 17 54599
1626696605284 17 54649
1626696638646 17 54699
1626696672497 17 54749
1626696704911 17 54799
1626696738798 17 54849
1626696773845 17 54899
1626696806917 17 54949
1626696841129 17 54999
1626696874921 17 55049
1626696908513 17 55099
1626696942135 17 55149
1626696977344 17 55199
1626697015642 17 55249
1626697048893 17 55299
1626697081627 17 55349
1626697116347 17 55399
1626697151225 17 55449
1626697186860 17 55499
1626697220281 17 55549
1626697253233 17 55599
1626697288769 17 55649
1626697320634 17 55699
1626697353972 17 55749
1626697388170 17 55799
1626697423565 17 55849
1626697458150 17 55899
1626697492728 17 55949
1626697527505 17 55999
1626697564899 17 56049
1626697598414 17 56099
1626697632448 17 56149
1626697664309 17 56199
1626697700092 17 56249
1626697700672 17 56249
1626697984796 17 56249
1626698019694 18 56299
1626698049282 18 56349
1626698077332 18 56399
1626698108397 18 56449
1626698142054 18 56499
1626698175993 18 56549
1626698209454 18 56599
1626698239746 18 56649
1626698269399 18 56699
1626698302998 18 56749
1626698336171 18 56799
1626698367577 18 56849
1626698398765 18 56899
1626698432435 18 56949
1626698464897 18 56999
1626698499325 18 57049
1626698529538 18 57099
1626698561222 18 57149
1626698593910 18 57199
1626698627427 18 57249
1626698661546 18 57299
1626698696023 18 57349
1626698727708 18 57399
1626698760170 18 57449
1626698792220 18 57499
1626698827217 18 57549
1626698860324 18 57599
1626698894202 18 57649
1626698929872 18 57699
1626698965794 18 57749
1626698999786 18 57799
1626699035775 18 57849
1626699069561 18 57899
1626699105263 18 57949
1626699138495 18 57999
1626699174371 18 58049
1626699208447 18 58099
1626699243382 18 58149
1626699277358 18 58199
1626699314821 18 58249
1626699350972 18 58299
1626699387041 18 58349
1626699421212 18 58399
1626699455374 18 58449
1626699489082 18 58499
1626699524747 18 58549
1626699557307 18 58599
1626699590062 18 58649
1626699625310 18 58699
1626699659088 18 58749
1626699691768 18 58799
1626699721970 18 58849
1626699754065 18 58899
1626699789522 18 58949
1626699820453 18 58999
1626699854618 18 59049
1626699888444 18 59099
1626699921662 18 59149
1626699953053 18 59199
1626699985688 18 59249
1626700020367 18 59299
1626700053641 18 59349
1626700072788 18 59374
1626700357067 18 59374
1626700377456 19 59399
1626700405551 19 59449
1626700439064 19 59499
1626700472282 19 59549
1626700506277 19 59599
1626700539817 19 59649
1626700572543 19 59699
1626700605497 19 59749
1626700638271 19 59799
1626700669598 19 59849
1626700700587 19 59899
1626700734912 19 59949
1626700768221 19 59999
1626700801271 19 60049
1626700834105 19 60099
1626700868229 19 60149
1626700901691 19 60199
1626700935250 19 60249
1626700969627 19 60299
1626700999055 19 60349
1626701032718 19 60399
1626701065951 19 60449
1626701101510 19 60499
1626701134265 19 60549
1626701166607 19 60599
1626701200069 19 60649
1626701234292 19 60699
1626701267354 19 60749
1626701302753 19 60799
1626701337948 19 60849
1626701373801 19 60899
1626701408422 19 60949
1626701441980 19 60999
1626701476103 19 61049
1626701510166 19 61099
1626701547148 19 61149
1626701581686 19 61199
1626701615329 19 61249
1626701650519 19 61299
1626701684412 19 61349
1626701718449 19 61399
1626701752506 19 61449
1626701787142 19 61499
1626701822739 19 61549
1626701855569 19 61599
1626701891823 19 61649
1626701925509 19 61699
1626701960164 19 61749
1626701993149 19 61799
1626702030079 19 61849
1626702062133 19 61899
1626702095168 19 61949
1626702127510 19 61999
1626702160952 19 62049
1626702196471 19 62099
1626702232369 19 62149
1626702267274 19 62199
1626702299491 19 62249
1626702333818 19 62299
1626702369774 19 62349
1626702403541 19 62399
1626702438905 19 62449
1626702474404 19 62499
1626702475049 19 62499
1626702768042 19 62499
1626702803776 20 62549
1626702835035 20 62599
1626702868099 20 62649
1626702899719 20 62699
1626702930856 20 62749
1626702962774 20 62799
1626702994211 20 62849
1626703026048 20 62899
1626703059139 20 62949
1626703090842 20 62999
1626703121055 20 63049
1626703154991 20 63099
1626703188009 20 63149
1626703218161 20 63199
1626703251532 20 63249
1626703285465 20 63299
1626703317339 20 63349
1626703350867 20 63399
1626703385434 20 63449
1626703418499 20 63499
1626703450382 20 63549
1626703482562 20 63599
1626703516862 20 63649
1626703549047 20 63699
1626703583480 20 63749
1626703616699 20 63799
1626703649841 20 63849
1626703685096 20 63899
1626703719396 20 63949
1626703755297 20 63999
1626703789016 20 64049
1626703824253 20 64099
1626703857799 20 64149
1626703894230 20 64199
1626703929981 20 64249
1626703963977 20 64299
1626703998280 20 64349
1626704032167 20 64399
1626704066950 20 64449
1626704102477 20 64499
1626704136583 20 64549
1626704172470 20 64599
1626704206839 20 64649
1626704239933 20 64699
1626704274713 20 64749
1626704307248 20 64799
1626704339468 20 64849
1626704375172 20 64899
1626704409091 20 64949
1626704443328 20 64999
1626704477223 20 65049
1626704512167 20 65099
1626704546784 20 65149
1626704581475 20 65199
1626704617795 20 65249
1626704652603 20 65299
1626704687682 20 65349
1626704725192 20 65399
1626704761468 20 65449
1626704794965 20 65499
1626704831746 20 65549
1626704868997 20 65599
1626704887820 20 65624
1626705178061 20 65624
1626705198527 21 65649
1626705228164 21 65699
1626705263697 21 65749
1626705297120 21 65799
1626705331908 21 65849
1626705363414 21 65899
1626705397114 21 65949
1626705431665 21 65999
1626705468127 21 66049
1626705501871 21 66099
1626705535719 21 66149
1626705568705 21 66199
1626705604253 21 66249
1626705637121 21 66299
1626705671855 21 66349
1626705702891 21 66399
1626705736798 21 66449
1626705772411 21 66499
1626705806491 21 66549
1626705839070 21 66599
1626705873119 21 66649
1626705906807 21 66699
1626705942143 21 66749
1626705975922 21 66799
1626706008905 21 66849
1626706042995 21 66899
1626706079047 21 66949
1626706113583 21 66999
1626706149749 21 67049
1626706184966 21 67099
1626706221177 21 67149
1626706253164 21 67199
1626706287256 21 67249
1626706321134 21 67299
1626706356546 21 67349
1626706391018 21 67399
1626706423989 21 67449
1626706458908 21 67499
1626706492762 21 67549
1626706528984 21 67599
1626706563163 21 67649
1626706599110 21 67699
1626706635005 21 67749
1626706668840 21 67799
1626706700759 21 67849
1626706734658 21 67899
1626706767547 21 67949
1626706803555 21 67999
1626706837577 21 68049
1626706871965 21 68099
1626706906056 21 68149
1626706940995 21 68199
1626706976040 21 68249
1626707010314 21 68299
1626707042617 21 68349
1626707076512 21 68399
1626707110320 21 68449
1626707144788 21 68499
1626707179171 21 68549
1626707214168 21 68599
1626707247387 21 68649
1626707279325 21 68699
1626707316405 21 68749
1626707317104 21 68749
1626707615316 21 68749
1626707651527 22 68799
1626707683564 22 68849
1626707717266 22 68899
1626707751742 22 68949
1626707783007 22 68999
1626707814355 22 69049
1626707849065 22 69099
1626707882579 22 69149
1626707916671 22 69199
1626707949134 22 69249
1626707982939 22 69299
1626708015243 22 69349
1626708046492 22 69399
1626708082203 22 69449
1626708116324 22 69499
1626708149899 22 69549
1626708184523 22 69599
1626708218815 22 69649
1626708253543 22 69699
1626708287745 22 69749
1626708321239 22 69799
1626708353044 22 69849
1626708389368 22 69899
1626708424710 22 69949
1626708459349 22 69999
1626708492644 22 70049
1626708526911 22 70099
1626708560563 22 70149
1626708596625 22 70199
1626708630731 22 70249
1626708664030 22 70299
1626708698285 22 70349
1626708733820 22 70399
1626708768824 22 70449
1626708803628 22 70499
1626708840054 22 70549
1626708875895 22 70599
1626708913593 22 70649
1626708945116 22 70699
1626708979623 22 70749
1626709013015 22 70799
1626709048199 22 70849
1626709080180 22 70899
1626709112678 22 70949
1626709145294 22 70999
1626709180196 22 71049
1626709214689 22 71099
1626709248484 22 71149
1626709284078 22 71199
1626709319395 22 71249
1626709352055 22 71299
1626709385015 22 71349
1626709419402 22 71399
1626709452737 22 71449
1626709486180 22 71499
1626709518564 22 71549
1626709553041 22 71599
1626709587573 22 71649
1626709621253 22 71699
1626709654400 22 71749
1626709688392 22 71799
1626709720964 22 71849
1626709738881 22 71874
1626710022733 22 71874
1626710043074 23 71899
1626710071729 23 71949
1626710103508 23 71999
1626710136013 23 72049
1626710166706 23 72099
1626710197269 23 72149
1626710228538 23 72199
1626710260736 23 72249
1626710292165 23 72299
1626710322277 23 72349
1626710354842 23 72399
1626710383068 23 72449
1626710410937 23 72499
1626710438838 23 72549
1626710468624 23 72599
1626710500618 23 72649
1626710532261 23 72699
1626710564929 23 72749
1626710597504 23 72799
1626710630361 23 72849
1626710663686 23 72899
1626710697527 23 72949
1626710732371 23 72999
1626710767651 23 73049
1626710802098 23 73099
1626710836365 23 73149
1626710866635 23 73199
1626710900359 23 73249
1626710931067 23 73299
1626710965297 23 73349
1626710999425 23 73399
1626711035387 23 73449
1626711070284 23 73499
1626711106019 23 73549
1626711140913 23 73599
1626711176298 23 73649
1626711211201 23 73699
1626711244127 23 73749
1626711278925 23 73799
1626711312551 23 73849
1626711344792 23 73899
1626711378670 23 73949
1626711414313 23 73999
1626711449054 23 74049
1626711483380 23 74099
1626711516895 23 74149
1626711548921 23 74199
1626711580118 23 74249
1626711613613 23 74299
1626711645962 23 74349
1626711680044 23 74399
1626711711538 23 74449
1626711745073 23 74499
1626711779791 23 74549
1626711812160 23 74599
1626711844019 23 74649
1626711877068 23 74699
1626711909560 23 74749
1626711941600 23 74799
1626711977515 23 74849
1626712012096 23 74899
1626712045749 23 74949
1626712080238 23 74999
1626712081012 23 74999
1626712366751 23 74999
1626712400188 24 75049
1626712431673 24 75099
1626712464495 24 75149
1626712496868 24 75199
1626712527721 24 75249
1626712561813 24 75299
1626712596057 24 75349
1626712626699 24 75399
1626712655558 24 75449
1626712686697 24 75499
1626712716449 24 75549
1626712747057 24 75599
1626712777212 24 75649
1626712808955 24 75699
1626712842954 24 75749
1626712871524 24 75799
1626712904762 24 75849
1626712932889 24 75899
1626712961013 24 75949
1626712991161 24 75999
1626713022879 24 76049
1626713056399 24 76099
1626713090227 24 76149
1626713122354 24 76199
1626713155277 24 76249
1626713189438 24 76299
1626713222007 24 76349
1626713255021 24 76399
1626713290777 24 76449
1626713326512 24 76499
1626713358297 24 76549
1626713392703 24 76599
1626713427821 24 76649
1626713461492 24 76699
1626713492882 24 76749
1626713526440 24 76799
1626713561901 24 76849
1626713597287 24 76899
1626713631790 24 76949
1626713666778 24 76999
1626713702209 24 77049
1626713734353 24 77099
1626713767198 24 77149
1626713797541 24 77199
1626713831249 24 77249
1626713864337 24 77299
1626713898618 24 77349
1626713929447 24 77399
1626713964479 24 77449
1626713997936 24 77499
1626714031398 24 77549
1626714064808 24 77599
1626714098462 24 77649
1626714131467 24 77699
1626714165863 24 77749
1626714196078 24 77799
1626714231498 24 77849
1626714267071 24 77899
1626714301145 24 77949
1626714335466 24 77999
1626714370483 24 78049
1626714403381 24 78099
1626714423875 24 78124
1626714712523 24 78124
1626714733408 25 78149
1626714761239 25 78199
1626714793026 25 78249
1626714824136 25 78299
1626714852115 25 78349
1626714880168 25 78399
1626714909141 25 78449
1626714946100 25 78499
1626714976890 25 78549
1626715007092 25 78599
1626715038401 25 78649
1626715072125 25 78699
1626715102763 25 78749
1626715136914 25 78799
1626715169346 25 78849
1626715205442 25 78899
1626715236584 25 78949
1626715268337 25 78999
1626715300294 25 79049
1626715333742 25 79099
1626715367678 25 79149
1626715401440 25 79199
1626715435266 25 79249
1626715471811 25 79299
1626715504534 25 79349
1626715534277 25 79399
1626715568932 25 79449
1626715602304 25 79499
1626715635892 25 79549
1626715670771 25 79599
1626715705722 25 79649
1626715739553 25 79699
1626715767637 25 79749
1626715798737 25 79799
1626715833537 25 79849
1626715865223 25 79899
1626715900237 25 79949
1626715934101 25 79999
1626715971000 25 80049
1626716002819 25 80099
1626716033620 25 80149
1626716066470 25 80199
1626716099972 25 80249
1626716133421 25 80299
1626716165057 25 80349
1626716193701 25 80399
1626716224183 25 80449
1626716252968 25 80499
1626716282774 25 80549
1626716316166 25 80599
1626716350920 25 80649
1626716385380 25 80699
1626716417763 25 80749
1626716452194 25 80799
1626716483260 25 80849
1626716519917 25 80899
1626716554132 25 80949
1626716585322 25 80999
1626716619547 25 81049
1626716651756 25 81099
1626716686608 25 81149
1626716720591 25 81199
1626716754937 25 81249
1626716755750 25 81249
1626717035525 25 81249
1626717070439 26 81299
1626717099894 26 81349
1626717130689 26 81399
1626717164313 26 81449
1626717197308 26 81499
1626717231403 26 81549
1626717263681 26 81599
1626717295499 26 81649
1626717327830 26 81699
1626717361565 26 81749
1626717393238 26 81799
1626717426463 26 81849
1626717459084 26 81899
1626717492753 26 81949
1626717524696 26 81999
1626717557657 26 82049
1626717591078 26 82099
1626717619739 26 82149
1626717647927 26 82199
1626717676031 26 82249
1626717704080 26 82299
1626717732271 26 82349
1626717761260 26 82399
1626717793959 26 82449
1626717824703 26 82499
1626717857842 26 82549
1626717891221 26 82599
1626717923478 26 82649
1626717957324 26 82699
1626717988561 26 82749
1626718016691 26 82799
1626718047392 26 82849
1626718080665 26 82899
1626718111066 26 82949
1626718139219 26 82999
1626718170811 26 83049
1626718203834 26 83099
1626718234757 26 83149
1626718265841 26 83199
1626718299244 26 83249
1626718333238 26 83299
1626718364639 26 83349
1626718396750 26 83399
1626718425913 26 83449
1626718458921 26 83499
1626718490724 26 83549
1626718522086 26 83599
1626718554546 26 83649
1626718588170 26 83699
1626718618581 26 83749
1626718646645 26 83799
1626718676231 26 83849
1626718710163 26 83899
1626718743242 26 83949
1626718775833 26 83999
1626718812025 26 84049
1626718843861 26 84099
1626718876516 26 84149
1626718909397 26 84199
1626718944063 26 84249
1626718977910 26 84299
1626719012644 26 84349
1626719030784 26 84374
1626719302316 26 84374
1626719323001 27 84399
1626719351050 27 84449
1626719382047 27 84499
1626719415740 27 84549
1626719447385 27 84599
1626719479084 27 84649
1626719511924 27 84699
1626719539947 27 84749
1626719567964 27 84799
1626719595980 27 84849
1626719623955 27 84899
1626719651999 27 84949
1626719679977 27 84999
1626719707995 27 85049
1626719736034 27 85099
1626719763942 27 85149
1626719792861 27 85199
1626719820904 27 85249
1626719849021 27 85299
1626719881158 27 85349
1626719914197 27 85399
1626719945694 27 85449
1626719977674 27 85499
1626720006883 27 85549
1626720038507 27 85599
1626720069396 27 85649
1626720103084 27 85699
1626720136815 27 85749
1626720170582 27 85799
1626720203145 27 85849
1626720236540 27 85899
1626720270565 27 85949
1626720301989 27 85999
1626720335345 27 86049
1626720368857 27 86099
1626720403226 27 86149
1626720437256 27 86199
1626720468395 27 86249
1626720501544 27 86299
1626720534425 27 86349
1626720565363 27 86399
1626720594011 27 86449
1626720625371 27 86499
1626720655219 27 86549
1626720683390 27 86599
1626720715658 27 86649
1626720748437 27 86699
1626720779188 27 86749
1626720808612 27 86799
1626720836978 27 86849
1626720870964 27 86899
1626720904156 27 86949
1626720935842 27 86999
1626720967291 27 87049
1626721000949 27 87099
1626721033367 27 87149
1626721067092 27 87199
1626721097799 27 87249
1626721128987 27 87299
1626721161452 27 87349
1626721193512 27 87399
1626721227703 27 87449
1626721262539 27 87499
1626721263304 27 87499
1626721534986 27 87499
1626721569636 28 87549
1626721598155 28 87599
1626721631617 28 87649
1626721664572 28 87699
1626721694632 28 87749
1626721725659 28 87799
1626721753625 28 87849
1626721781697 28 87899
1626721811226 28 87949
1626721839348 28 87999
1626721867297 28 88049
1626721895323 28 88099
1626721923411 28 88149
1626721951445 28 88199
1626721979358 28 88249
1626722007348 28 88299
1626722035343 28 88349
1626722063355 28 88399
1626722091504 28 88449
1626722119714 28 88499
1626722147863 28 88549
1626722175862 28 88599
1626722203902 28 88649
1626722231966 28 88699
1626722260383 28 88749
1626722292964 28 88799
1626722325625 28 88849
1626722356398 28 88899
1626722389225 28 88949
1626722420588 28 88999
1626722455261 28 89049
1626722487005 28 89099
1626722520690 28 89149
1626722551864 28 89199
1626722586374 28 89249
1626722619112 28 89299
1626722652343 28 89349
1626722685176 28 89399
1626722714468 28 89449
1626722746861 28 89499
1626722775801 28 89549
1626722807847 28 89599
1626722839682 28 89649
1626722874078 28 89699
1626722903962 28 89749
1626722934673 28 89799
1626722964945 28 89849
1626722996734 28 89899
1626723025071 28 89949
1626723058769 28 89999
1626723090669 28 90049
1626723124477 28 90099
1626723155986 28 90149
1626723183991 28 90199
1626723217791 28 90249
1626723250123 28 90299
1626723283804 28 90349
1626723318518 28 90399
1626723349417 28 90449
1626723378800 28 90499
1626723410144 28 90549
1626723443618 28 90599
1626723460982 28 90624
1626723732687 28 90624
1626723752460 29 90649
1626723780659 29 90699
1626723809208 29 90749
1626723837234 29 90799
1626723865135 29 90849
1626723895962 29 90899
1626723923905 29 90949
1626723952960 29 90999
1626723983284 29 91049
1626724014317 29 91099
1626724043920 29 91149
1626724071956 29 91199
1626724099980 29 91249
1626724127904 29 91299
1626724155792 29 91349
1626724184843 29 91399
1626724213594 29 91449
1626724244391 29 91499
1626724275683 29 91549
1626724303827 29 91599
1626724331967 29 91649
1626724365759 29 91699
1626724398458 29 91749
1626724427926 29 91799
1626724459877 29 91849
1626724491917 29 91899
1626724524142 29 91949
1626724556142 29 91999
1626724589037 29 92049
1626724620233 29 92099
1626724652009 29 92149
1626724685041 29 92199
1626724717453 29 92249
1626724748473 29 92299
1626724782061 29 92349
1626724813017 29 92399
1626724842037 29 92449
1626724873851 29 92499
1626724905488 29 92549
1626724936327 29 92599
1626724968596 29 92649
1626725000707 29 92699
1626725031164 29 92749
1626725059203 29 92799
1626725089226 29 92849
1626725122347 29 92899
1626725152413 29 92949
1626725184450 29 92999
1626725217991 29 93049
1626725251259 29 93099
1626725283640 29 93149
1626725318653 29 93199
1626725351787 29 93249
1626725384143 29 93299
1626725416708 29 93349
1626725448513 29 93399
1626725478909 29 93449
1626725507015 29 93499
1626725535980 29 93549
1626725564376 29 93599
1626725593398 29 93649
1626725622244 29 93699
1626725655943 29 93749
1626725656660 29 93749
1626725929994 29 93749
