1626654864782 0.001 0
1626657342270 0.0009972609476841367 3125
1626659757289 0.0009890738003669028 6250
1626662189347 0.0009755282581475768 9375
1626664633210 0.0009567727288213003 12500
1626667060637 0.0009330127018922195 15625
1626669499568 0.0009045084971874739 18750
1626671930274 0.0008715724127386972 21875
1626674298768 0.0008345653031794292 25000
1626676667100 0.0007938926261462366 28125
1626679046128 0.00075 31250
1626681407732 0.0007033683215379003 34375
1626683767023 0.0006545084971874739 37500
1626686128228 0.0006039558454088797 40625
1626688501710 0.0005522642316338269 43750
1626690850422 0.0005000000000000002 46875
1626693167999 0.0004477357683661734 50000
1626695579627 0.00039604415459112036 53125
1626697984802 0.0003454915028125264 56250
1626700357090 0.00029663167846210003 59375
1626702768048 0.00025000000000000017 62500
1626705178084 0.00020610737385376354 65625
1626707615343 0.00016543469682057108 68750
1626710022753 0.00012842758726130303 71875
1626712366766 9.549150281252637e-05 75000
1626714712553 6.698729810778068e-05 78125
1626717035547 4.322727117869953e-05 81250
1626719302332 2.447174185242324e-05 84375
1626721535013 1.092619963309716e-05 87500
1626723732702 2.7390523158633003e-06 90625
