1626657060569 20.356090545654297 3124
1626657342206 20.356090545654297 0
1626659472588 16.264528274536133 6249
1626659757161 16.264528274536133 1
1626661906012 15.7317476272583 9374
1626662189027 15.7317476272583 2
1626664352228 15.297557830810547 12499
1626664633046 15.297557830810547 3
1626666767859 15.022211074829102 15624
1626667059126 15.022211074829102 4
1626669187205 14.810429573059082 18749
1626669499426 14.810429573059082 5
1626671644706 14.62021541595459 21874
1626671930206 14.62021541595459 6
1626674013971 14.471549034118652 24999
1626674298430 14.471549034118652 7
1626676383856 14.311059951782227 28124
1626676666761 14.311059951782227 8
1626678757438 14.198080062866211 31249
1626679045703 14.198080062866211 9
1626681105311 14.089046478271484 34374
1626681407660 14.089046478271484 10
1626683480652 14.002731323242188 37499
1626683766887 14.002731323242188 11
1626685835627 13.969779014587402 40624
1626686127870 13.969779014587402 12
1626688215867 13.860282897949219 43749
1626688501395 13.860282897949219 13
1626690568971 13.834432601928711 46874
1626690850181 13.834432601928711 14
1626692868463 13.734579086303711 49999
1626693167901 13.734579086303711 15
1626695292066 13.661840438842773 53124
1626695579564 13.661840438842773 16
1626697700672 13.668524742126465 56249
1626697984471 13.668524742126465 17
1626700072788 13.579460144042969 59374
1626700356987 13.579460144042969 18
1626702475049 13.586424827575684 62499
1626702767653 13.586424827575684 19
1626704887820 13.473518371582031 65624
1626705177844 13.473518371582031 20
1626707317104 13.441654205322266 68749
1626707615093 13.441654205322266 21
1626709738881 13.385717391967773 71874
1626710022537 13.385717391967773 22
1626712081012 13.365302085876465 74999
1626712366437 13.365302085876465 23
1626714423875 13.313057899475098 78124
1626714711777 13.313057899475098 24
1626716755750 13.321152687072754 81249
1626717035266 13.321152687072754 25
1626719030784 13.260223388671875 84374
1626719302243 13.260223388671875 26
1626721263304 13.24100112915039 87499
1626721534654 13.24100112915039 27
1626723460982 13.232897758483887 90624
1626723732532 13.232897758483887 28
1626725656660 13.221132278442383 93749
1626725929191 13.221132278442383 29
