1626654917713 30.045848846435547 49
1626654957262 28.183303833007812 99
1626654994667 27.15734100341797 149
1626655033615 27.320873260498047 199
1626655071081 25.729270935058594 249
1626655109472 25.795209884643555 299
1626655146388 25.03499984741211 349
1626655181527 24.177143096923828 399
1626655218857 23.467426300048828 449
1626655253995 23.036474227905273 499
1626655289150 23.127300262451172 549
1626655323653 22.313398361206055 599
1626655358044 20.99338150024414 649
1626655392007 20.539827346801758 699
1626655424376 20.592958450317383 749
1626655458440 20.745101928710938 799
1626655491058 20.630210876464844 849
1626655522653 20.009462356567383 899
1626655555620 20.258121490478516 949
1626655589279 19.848731994628906 999
1626655621796 19.507823944091797 1049
1626655655256 19.674840927124023 1099
1626655689524 19.104145050048828 1149
1626655722624 19.466106414794922 1199
1626655755493 19.567272186279297 1249
1626655787469 19.24257469177246 1299
1626655821258 19.498428344726562 1349
1626655857252 19.02320098876953 1399
1626655894401 19.00696563720703 1449
1626655929485 18.86086654663086 1499
1626655964767 19.012922286987305 1549
1626656000353 18.75542449951172 1599
1626656035997 19.009004592895508 1649
1626656069165 18.570106506347656 1699
1626656103661 18.455490112304688 1749
1626656136051 18.315093994140625 1799
1626656171374 17.694658279418945 1849
1626656205533 18.439228057861328 1899
1626656242012 17.887039184570312 1949
1626656276195 17.849159240722656 1999
1626656309202 18.507461547851562 2049
1626656343765 17.651123046875 2099
1626656378760 17.37586784362793 2149
1626656413200 17.486244201660156 2199
1626656447957 18.26097869873047 2249
1626656484781 17.720783233642578 2299
1626656517611 18.372806549072266 2349
1626656554568 17.569881439208984 2399
1626656589491 17.796594619750977 2449
1626656623208 17.934236526489258 2499
1626656655896 18.321624755859375 2549
1626656690488 17.704776763916016 2599
1626656724381 17.418262481689453 2649
1626656759724 17.289806365966797 2699
1626656793597 17.49535369873047 2749
1626656830363 17.30278205871582 2799
1626656866109 17.454326629638672 2849
1626656902284 17.560447692871094 2899
1626656937125 17.61235809326172 2949
1626656973890 17.59294891357422 2999
1626657007600 16.8994140625 3049
1626657042106 17.087234497070312 3099
1626657342206 18.148191452026367 0
1626657361365 16.986675262451172 3149
1626657394689 16.83246612548828 3199
1626657424724 17.01634979248047 3249
1626657458255 17.178924560546875 3299
1626657492189 17.149660110473633 3349
1626657526675 16.753040313720703 3399
1626657562005 17.378921508789062 3449
1626657594014 16.689777374267578 3499
1626657628613 16.542110443115234 3549
1626657663669 16.60808563232422 3599
1626657697878 16.778276443481445 3649
1626657733689 16.278846740722656 3699
1626657769191 16.05413246154785 3749
1626657804974 16.437917709350586 3799
1626657838471 16.447744369506836 3849
1626657869431 16.36224365234375 3899
1626657901568 16.741329193115234 3949
1626657932347 16.978130340576172 3999
1626657964265 16.047517776489258 4049
1626657997497 16.28433609008789 4099
1626658030499 16.292203903198242 4149
1626658064109 16.459583282470703 4199
1626658097539 16.09016227722168 4249
1626658130764 15.92173957824707 4299
1626658166581 16.42823600769043 4349
1626658199737 16.465471267700195 4399
1626658234669 16.40755844116211 4449
1626658267953 16.08190155029297 4499
1626658301795 16.218914031982422 4549
1626658336762 16.006235122680664 4599
1626658370479 15.69264030456543 4649
1626658406136 16.23200035095215 4699
1626658441366 15.866077423095703 4749
1626658476445 15.951164245605469 4799
1626658508765 15.993799209594727 4849
1626658542073 15.97906494140625 4899
1626658578123 16.093008041381836 4949
1626658613447 15.938314437866211 4999
1626658645575 15.702260971069336 5049
1626658679725 15.699478149414062 5099
1626658716131 16.04969024658203 5149
1626658751473 15.793872833251953 5199
1626658786538 16.51686668395996 5249
1626658819920 16.011411666870117 5299
1626658853253 15.74778938293457 5349
1626658888064 15.705698013305664 5399
1626658922358 16.083553314208984 5449
1626658958184 16.22426986694336 5499
1626658992419 15.675370216369629 5549
1626659026532 15.40829849243164 5599
1626659060386 16.028594970703125 5649
1626659094394 15.787145614624023 5699
1626659128744 16.206424713134766 5749
1626659161539 16.14139175415039 5799
1626659196468 15.940855026245117 5849
1626659229659 15.735551834106445 5899
1626659263044 15.782230377197266 5949
1626659297214 15.486597061157227 5999
1626659330718 15.735567092895508 6049
1626659365176 15.512887954711914 6099
1626659401747 15.574200630187988 6149
1626659436721 15.447443008422852 6199
1626659472166 15.51620864868164 6249
1626659757161 15.51620864868164 1
1626659790682 16.2601261138916 6299
1626659824569 15.47530746459961 6349
1626659857871 15.438323974609375 6399
1626659890712 15.506258010864258 6449
1626659923506 15.595573425292969 6499
1626659956073 15.915348052978516 6549
1626659988916 15.769634246826172 6599
1626660020092 18.448589324951172 6649
1626660052177 16.474653244018555 6699
1626660085228 16.227176666259766 6749
1626660118362 15.843234062194824 6799
1626660152577 15.592849731445312 6849
1626660185645 15.691324234008789 6899
1626660217352 16.470375061035156 6949
1626660250726 16.592388153076172 6999
1626660284934 16.16065216064453 7049
1626660318642 16.026622772216797 7099
1626660351083 15.871432304382324 7149
1626660384751 16.89521598815918 7199
1626660418394 16.074813842773438 7249
1626660456462 15.571661949157715 7299
1626660493428 15.597969055175781 7349
1626660531972 15.605655670166016 7399
1626660567052 15.100712776184082 7449
1626660602524 15.769411087036133 7499
1626660638949 16.057952880859375 7549
1626660677865 15.6363525390625 7599
1626660713058 15.574501037597656 7649
1626660747920 15.603982925415039 7699
1626660783567 16.217811584472656 7749
1626660820432 15.302324295043945 7799
1626660855236 15.88343620300293 7849
1626660891488 15.902796745300293 7899
1626660929689 16.01304817199707 7949
1626660965182 15.579217910766602 7999
1626661001087 15.337736129760742 8049
1626661035302 15.687799453735352 8099
1626661070343 16.09520149230957 8149
1626661105858 15.132427215576172 8199
1626661139429 15.605594635009766 8249
1626661173940 15.240769386291504 8299
1626661208768 15.417594909667969 8349
1626661241903 15.813404083251953 8399
1626661275206 15.71762752532959 8449
1626661310369 15.380727767944336 8499
1626661345283 15.40855884552002 8549
1626661377422 15.564493179321289 8599
1626661409999 15.62291431427002 8649
1626661443525 15.874139785766602 8699
1626661477757 15.698784828186035 8749
1626661512034 15.079370498657227 8799
1626661546877 15.43977165222168 8849
1626661580372 15.349148750305176 8899
1626661613674 15.368356704711914 8949
1626661648838 15.544085502624512 8999
1626661684653 15.094663619995117 9049
1626661717448 15.567891120910645 9099
1626661750102 15.907297134399414 9149
1626661784259 14.956598281860352 9199
1626661818569 15.299650192260742 9249
1626661852798 15.487997055053711 9299
1626661887237 16.07720184326172 9349
1626662189027 15.187338829040527 2
1626662208055 15.210823059082031 9399
1626662242437 15.226217269897461 9449
1626662275400 15.755749702453613 9499
1626662309433 15.780942916870117 9549
1626662342003 15.084094047546387 9599
1626662373712 15.326603889465332 9649
1626662408507 15.566394805908203 9699
1626662442755 15.4164457321167 9749
1626662477642 15.43086051940918 9799
1626662510901 15.111236572265625 9849
1626662543304 15.59130859375 9899
1626662576454 15.262130737304688 9949
1626662611547 15.29928207397461 9999
1626662646505 15.570756912231445 10049
1626662682313 15.267258644104004 10099
1626662715660 15.450790405273438 10149
1626662751234 15.349236488342285 10199
1626662786003 15.55163288116455 10249
1626662820344 15.170681953430176 10299
1626662856245 15.644779205322266 10349
1626662890798 15.735649108886719 10399
1626662927289 15.640604019165039 10449
1626662962605 15.153329849243164 10499
1626662994449 15.277416229248047 10549
1626663029478 15.480575561523438 10599
1626663065528 14.762375831604004 10649
1626663102244 14.953231811523438 10699
1626663139401 15.672622680664062 10749
1626663177535 15.134286880493164 10799
1626663211025 15.343843460083008 10849
1626663247589 15.269201278686523 10899
1626663280586 15.14933967590332 10949
1626663316246 15.624274253845215 10999
1626663351045 15.69007396697998 11049
1626663385479 15.417034149169922 11099
1626663420912 15.002084732055664 11149
1626663460615 15.021661758422852 11199
1626663498776 15.144280433654785 11249
1626663534831 15.377336502075195 11299
1626663567629 15.27662181854248 11349
1626663603953 14.968804359436035 11399
1626663637487 15.02747917175293 11449
1626663670395 15.710970878601074 11499
1626663703997 15.15267276763916 11549
1626663734933 15.802881240844727 11599
1626663769043 15.513747215270996 11649
1626663804119 15.130678176879883 11699
1626663838898 15.185653686523438 11749
1626663871485 15.47057056427002 11799
1626663903793 15.235100746154785 11849
1626663937997 15.268232345581055 11899
1626663973152 15.262666702270508 11949
1626664007831 15.20285415649414 11999
1626664041775 14.928365707397461 12049
1626664075212 15.063286781311035 12099
1626664109082 14.705122947692871 12149
1626664143427 15.3895902633667 12199
1626664178384 15.453078269958496 12249
1626664211118 14.855584144592285 12299
1626664245190 15.356426239013672 12349
1626664281893 15.25117015838623 12399
1626664315709 15.411653518676758 12449
1626664351543 15.005729675292969 12499
1626664633046 15.005729675292969 3
1626664668793 15.022244453430176 12549
1626664699327 15.113452911376953 12599
1626664732004 14.905458450317383 12649
1626664766074 14.898880958557129 12699
1626664801037 15.184863090515137 12749
1626664833648 15.060087203979492 12799
1626664866277 14.961466789245605 12849
1626664899122 15.351219177246094 12899
1626664931390 15.112737655639648 12949
1626664964485 14.935595512390137 12999
1626664998272 14.997339248657227 13049
1626665030514 14.424720764160156 13099
1626665064116 15.091399192810059 13149
1626665097273 15.029657363891602 13199
1626665131166 15.189323425292969 13249
1626665165697 14.957417488098145 13299
1626665200794 15.01205062866211 13349
1626665235172 15.148841857910156 13399
1626665269678 15.301996231079102 13449
1626665302098 15.056182861328125 13499
1626665335412 14.75065803527832 13549
1626665366218 14.944873809814453 13599
1626665398215 15.242002487182617 13649
1626665432482 14.774497032165527 13699
1626665465683 14.871723175048828 13749
1626665498606 14.927165985107422 13799
1626665533465 15.025167465209961 13849
1626665569480 15.077045440673828 13899
1626665604647 14.629791259765625 13949
1626665638979 15.345870018005371 13999
1626665673519 14.695322036743164 14049
1626665707898 14.423516273498535 14099
1626665740789 14.602472305297852 14149
1626665775350 14.945152282714844 14199
1626665810210 14.863357543945312 14249
1626665844112 14.654808044433594 14299
1626665878024 15.007854461669922 14349
1626665912824 15.039182662963867 14399
1626665948917 16.369579315185547 14449
1626665985387 14.83885383605957 14499
1626666018141 14.638971328735352 14549
1626666051707 14.56279182434082 14599
1626666086216 15.071807861328125 14649
1626666120186 15.256174087524414 14699
1626666154728 14.582084655761719 14749
1626666188730 14.883112907409668 14799
1626666223815 14.613252639770508 14849
1626666257340 14.718189239501953 14899
1626666294416 14.751110076904297 14949
1626666329771 14.431706428527832 14999
1626666366873 14.976953506469727 15049
1626666402710 14.991522789001465 15099
1626666439745 15.058990478515625 15149
1626666476140 14.649992942810059 15199
1626666514698 15.130970001220703 15249
1626666548239 14.677203178405762 15299
1626666580969 15.016141891479492 15349
1626666614036 14.500597953796387 15399
1626666647235 14.896931648254395 15449
1626666679995 14.664003372192383 15499
1626666714555 14.68331527709961 15549
1626666747469 14.772195816040039 15599
1626667059126 14.671090126037598 4
1626667080368 15.045971870422363 15649
1626667108704 14.72884750366211 15699
1626667141001 14.698067665100098 15749
1626667172888 14.476256370544434 15799
1626667207114 14.544137001037598 15849
1626667241800 14.738710403442383 15899
1626667276038 15.059804916381836 15949
1626667309620 14.649989128112793 15999
1626667343654 14.261296272277832 16049
1626667379397 14.856603622436523 16099
1626667411541 14.719298362731934 16149
1626667448846 14.916667938232422 16199
1626667479144 14.87406063079834 16249
1626667511902 14.802382469177246 16299
1626667543696 15.185819625854492 16349
1626667580110 15.102604866027832 16399
1626667611815 14.841395378112793 16449
1626667647171 15.015750885009766 16499
1626667679247 14.871728897094727 16549
1626667712230 14.6930570602417 16599
1626667746974 14.925424575805664 16649
1626667782001 14.469789505004883 16699
1626667815443 15.31661605834961 16749
1626667851224 14.717853546142578 16799
1626667883318 15.295938491821289 16849
1626667917815 14.628475189208984 16899
1626667951663 15.000227928161621 16949
1626667987855 14.92696475982666 16999
1626668020306 14.576643943786621 17049
1626668051858 15.301395416259766 17099
1626668087504 14.473795890808105 17149
1626668123760 14.847539901733398 17199
1626668158108 15.158245086669922 17249
1626668193211 14.887694358825684 17299
1626668226076 15.142587661743164 17349
1626668259460 15.297211647033691 17399
1626668293714 15.279974937438965 17449
1626668326072 14.553173065185547 17499
1626668360353 14.824309349060059 17549
1626668397252 14.733341217041016 17599
1626668433211 14.7610502243042 17649
1626668466707 14.145076751708984 17699
1626668499396 14.29864501953125 17749
1626668534512 14.496500015258789 17799
1626668569444 14.296018600463867 17849
1626668600635 14.386497497558594 17899
1626668635513 14.761336326599121 17949
1626668669326 14.777645111083984 17999
1626668706904 14.79747200012207 18049
1626668740797 14.698710441589355 18099
1626668774508 14.466464042663574 18149
1626668810065 14.895109176635742 18199
1626668845941 15.341968536376953 18249
1626668881300 14.70344352722168 18299
1626668913315 14.69740104675293 18349
1626668948330 14.915792465209961 18399
1626668982168 14.607503890991211 18449
1626669014456 15.114937782287598 18499
1626669048098 14.590923309326172 18549
1626669081702 14.85171127319336 18599
1626669116427 14.523816108703613 18649
1626669149725 15.087668418884277 18699
1626669186697 15.144577980041504 18749
1626669499426 15.144577980041504 5
1626669533636 15.065003395080566 18799
1626669568456 14.677410125732422 18849
1626669600880 15.024310111999512 18899
1626669633432 14.693205833435059 18949
1626669669415 15.268284797668457 18999
1626669703015 14.802392959594727 19049
1626669735566 14.655732154846191 19099
1626669768906 14.857189178466797 19149
1626669802174 15.26138687133789 19199
1626669836294 14.939019203186035 19249
1626669868933 14.207868576049805 19299
1626669901353 14.508025169372559 19349
1626669932464 14.667118072509766 19399
1626669966810 14.170098304748535 19449
1626670001585 14.81007194519043 19499
1626670036720 14.833168029785156 19549
1626670069996 14.700356483459473 19599
1626670104805 14.465483665466309 19649
1626670138803 14.874454498291016 19699
1626670174036 14.628423690795898 19749
1626670207861 14.271369934082031 19799
1626670242355 14.532197952270508 19849
1626670277415 14.52944564819336 19899
1626670314585 14.5977783203125 19949
1626670347903 14.298369407653809 19999
1626670383106 14.789286613464355 20049
1626670417533 14.304264068603516 20099
1626670452858 14.723941802978516 20149
1626670487298 14.745150566101074 20199
1626670524068 14.56850814819336 20249
1626670557647 14.841438293457031 20299
1626670590168 14.526398658752441 20349
1626670626620 14.297630310058594 20399
1626670662031 14.492670059204102 20449
1626670695853 14.584670066833496 20499
1626670731235 14.79697036743164 20549
1626670765827 14.540862083435059 20599
1626670800390 14.555841445922852 20649
1626670835333 14.300556182861328 20699
1626670869965 14.479294776916504 20749
1626670905227 14.816301345825195 20799
1626670939197 14.563511848449707 20849
1626670974672 13.960172653198242 20899
1626671011068 14.446797370910645 20949
1626671044609 14.636962890625 20999
1626671077927 14.470687866210938 21049
1626671111920 14.595224380493164 21099
1626671145960 14.335542678833008 21149
1626671178873 14.89369010925293 21199
1626671213082 14.317073822021484 21249
1626671247239 14.724021911621094 21299
1626671281161 14.775289535522461 21349
1626671316003 14.172330856323242 21399
1626671349549 14.517257690429688 21449
1626671387101 15.006189346313477 21499
1626671419964 14.519954681396484 21549
1626671453926 14.449729919433594 21599
1626671488468 14.414864540100098 21649
1626671523299 14.401498794555664 21699
1626671555660 15.156341552734375 21749
1626671590366 14.717728614807129 21799
1626671625746 15.03410816192627 21849
1626671930206 14.850188255310059 6
1626671950758 14.423182487487793 21899
1626671978620 14.556720733642578 21949
1626672006517 14.728845596313477 21999
1626672039666 14.366867065429688 22049
1626672072424 14.337638854980469 22099
1626672106194 14.710124969482422 22149
1626672139465 14.288524627685547 22199
1626672174486 14.641368865966797 22249
1626672208998 14.07021713256836 22299
1626672241497 14.600351333618164 22349
1626672276348 14.146141052246094 22399
1626672313961 14.396408081054688 22449
1626672348137 14.344614028930664 22499
1626672381223 14.817726135253906 22549
1626672413957 14.855159759521484 22599
1626672445877 14.191116333007812 22649
1626672479378 14.379656791687012 22699
1626672510864 13.92497444152832 22749
1626672540312 14.529029846191406 22799
1626672571363 14.455883979797363 22849
1626672605243 14.309929847717285 22899
1626672638716 14.221410751342773 22949
1626672672067 14.145589828491211 22999
1626672705742 14.554624557495117 23049
1626672738677 14.29397964477539 23099
1626672771605 14.4515380859375 23149
1626672802082 14.185745239257812 23199
1626672836161 15.17379379272461 23249
1626672868704 14.3173246383667 23299
1626672901622 14.219051361083984 23349
1626672935172 14.112970352172852 23399
1626672968771 14.241899490356445 23449
1626673003706 14.315042495727539 23499
1626673038437 14.704568862915039 23549
1626673072602 14.681617736816406 23599
1626673105775 14.507438659667969 23649
1626673141061 14.09665298461914 23699
1626673174374 14.331147193908691 23749
1626673208169 14.562960624694824 23799
1626673241677 14.328887939453125 23849
1626673275130 14.857765197753906 23899
1626673306706 14.608851432800293 23949
1626673340992 14.517523765563965 23999
1626673372885 14.081411361694336 24049
1626673406617 14.061752319335938 24099
1626673440195 14.273757934570312 24149
1626673473028 14.198312759399414 24199
1626673508703 14.401472091674805 24249
1626673543346 14.090534210205078 24299
1626673575631 14.032800674438477 24349
1626673610455 14.751468658447266 24399
1626673643554 14.414466857910156 24449
1626673676794 14.222508430480957 24499
1626673709348 14.03011417388916 24549
1626673739835 14.888915061950684 24599
1626673772582 14.48969841003418 24649
1626673806707 14.514398574829102 24699
1626673840822 14.539749145507812 24749
1626673873347 14.256744384765625 24799
1626673908134 14.298099517822266 24849
1626673943919 14.399033546447754 24899
1626673979248 14.562397003173828 24949
1626674013266 14.41698169708252 24999
1626674298430 14.41698169708252 7
1626674333806 13.929889678955078 25049
1626674367482 13.972309112548828 25099
1626674398869 14.221293449401855 25149
1626674431178 14.451322555541992 25199
1626674463061 14.717947959899902 25249
1626674492419 14.539558410644531 25299
1626674523135 14.033327102661133 25349
1626674556991 14.079957962036133 25399
1626674587249 14.120107650756836 25449
1626674619598 13.787105560302734 25499
1626674649591 14.327068328857422 25549
1626674678163 13.884599685668945 25599
1626674712164 14.371490478515625 25649
1626674743174 14.217907905578613 25699
1626674775692 14.461801528930664 25749
1626674806616 14.287567138671875 25799
1626674840841 14.343978881835938 25849
1626674872008 14.191951751708984 25899
1626674905713 14.200115203857422 25949
1626674939132 14.209335327148438 25999
1626674972109 14.265771865844727 26049
1626675005084 14.417341232299805 26099
1626675039433 14.235365867614746 26149
1626675073486 14.593503952026367 26199
1626675107704 13.934194564819336 26249
1626675143010 14.157455444335938 26299
1626675178322 14.460443496704102 26349
1626675216067 14.401647567749023 26399
1626675252011 14.302181243896484 26449
1626675287280 14.133262634277344 26499
1626675322877 14.267621994018555 26549
1626675358062 14.114742279052734 26599
1626675390315 14.263879776000977 26649
1626675422256 14.290323257446289 26699
1626675458032 14.341556549072266 26749
1626675493636 14.32241439819336 26799
1626675527255 14.511164665222168 26849
1626675562007 14.278219223022461 26899
1626675594805 14.11894416809082 26949
1626675629298 14.732101440429688 26999
1626675663133 14.598060607910156 27049
1626675696584 13.996200561523438 27099
1626675733753 14.145187377929688 27149
1626675767527 14.109930038452148 27199
1626675801383 14.047235488891602 27249
1626675834950 14.028074264526367 27299
1626675869247 14.914813995361328 27349
1626675902847 13.926274299621582 27399
1626675935454 14.054811477661133 27449
1626675966149 14.362358093261719 27499
1626676000904 14.254522323608398 27549
1626676036110 14.178485870361328 27599
1626676069608 14.085394859313965 27649
1626676101010 13.95661449432373 27699
1626676135692 14.056475639343262 27749
1626676169162 14.391765594482422 27799
1626676202702 14.204917907714844 27849
1626676234626 14.882476806640625 27899
1626676268912 14.024858474731445 27949
1626676302630 14.27431583404541 27999
1626676331310 14.39709758758545 28049
1626676364246 14.32728385925293 28099
1626676666761 14.526613235473633 8
1626676688208 14.67028522491455 28149
1626676717689 14.092418670654297 28199
1626676747960 14.237245559692383 28249
1626676783440 14.50114631652832 28299
1626676817250 13.976480484008789 28349
1626676851247 13.538219451904297 28399
1626676884340 14.24106502532959 28449
1626676915414 13.981385231018066 28499
1626676950521 13.875605583190918 28549
1626676982271 14.22622299194336 28599
1626677012139 13.999996185302734 28649
1626677041808 14.024072647094727 28699
1626677074972 14.324075698852539 28749
1626677107547 14.630221366882324 28799
1626677141340 14.415817260742188 28849
1626677174325 13.983688354492188 28899
1626677207599 14.291511535644531 28949
1626677237371 14.081527709960938 28999
1626677269382 14.47071647644043 29049
1626677301333 14.392945289611816 29099
1626677334569 14.106109619140625 29149
1626677364823 14.39824104309082 29199
1626677398396 14.169575691223145 29249
1626677432911 14.041619300842285 29299
1626677468787 14.474720001220703 29349
1626677500859 14.052619934082031 29399
1626677530876 17.284467697143555 29449
1626677566223 14.28669548034668 29499
1626677602916 14.42129135131836 29549
1626677636957 14.318742752075195 29599
1626677671597 14.483521461486816 29649
1626677703311 14.49756145477295 29699
1626677740833 13.86970329284668 29749
1626677774256 14.227933883666992 29799
1626677806059 14.313272476196289 29849
1626677840080 14.046424865722656 29899
1626677871688 14.015901565551758 29949
1626677905830 14.474132537841797 29999
1626677939847 13.90170669555664 30049
1626677973844 14.163363456726074 30099
1626678005844 14.115315437316895 30149
1626678042265 13.997373580932617 30199
1626678074018 14.099526405334473 30249
1626678110140 14.579262733459473 30299
1626678144376 14.156594276428223 30349
1626678183964 14.093432426452637 30399
1626678221211 13.978514671325684 30449
1626678256927 14.324888229370117 30499
1626678292247 14.217364311218262 30549
1626678324520 14.222501754760742 30599
1626678357385 14.070819854736328 30649
1626678391745 14.277511596679688 30699
1626678424618 13.96234130859375 30749
1626678457253 14.366353988647461 30799
1626678488738 14.364334106445312 30849
1626678524112 14.081978797912598 30899
1626678557090 14.39715576171875 30949
1626678589373 14.307531356811523 30999
1626678619518 14.269048690795898 31049
1626678653414 14.271862983703613 31099
1626678685568 14.13380241394043 31149
1626678720877 13.906087875366211 31199
1626678756714 14.05561351776123 31249
1626679045703 14.05561351776123 9
1626679080622 13.819202423095703 31299
1626679108608 14.871496200561523 31349
1626679140685 13.843656539916992 31399
1626679174795 14.039880752563477 31449
1626679206942 14.089458465576172 31499
1626679240119 13.780580520629883 31549
1626679272096 14.10797119140625 31599
1626679302337 14.03750991821289 31649
1626679333864 14.058656692504883 31699
1626679361919 13.875177383422852 31749
1626679389855 14.225526809692383 31799
1626679420284 14.301030158996582 31849
1626679450881 13.978446960449219 31899
1626679483414 14.190526008605957 31949
1626679516237 13.923686981201172 31999
1626679546884 13.925511360168457 32049
1626679577269 13.796072006225586 32099
1626679610383 13.997941970825195 32149
1626679640085 13.761857986450195 32199
1626679673454 13.98751449584961 32249
1626679707016 14.007140159606934 32299
1626679741220 13.739269256591797 32349
1626679776192 14.01319408416748 32399
1626679811533 13.639713287353516 32449
1626679845117 13.801092147827148 32499
1626679879321 14.097663879394531 32549
1626679913899 14.105003356933594 32599
1626679946355 13.980585098266602 32649
1626679979387 19.688570022583008 32699
1626680011493 13.938231468200684 32749
1626680042897 14.145946502685547 32799
1626680079401 13.934754371643066 32849
1626680109315 13.970354080200195 32899
1626680143115 14.145143508911133 32949
1626680178564 14.29750919342041 32999
1626680214079 13.981155395507812 33049
1626680249084 14.085244178771973 33099
1626680284017 14.291790962219238 33149
1626680314927 14.323646545410156 33199
1626680345698 14.458597183227539 33249
1626680379751 14.068359375 33299
1626680413121 14.05027961730957 33349
1626680445859 14.148832321166992 33399
1626680475721 13.83592414855957 33449
1626680507951 14.268020629882812 33499
1626680541146 14.32046127319336 33549
1626680574106 14.086687088012695 33599
1626680608858 13.79768180847168 33649
1626680642773 13.862509727478027 33699
1626680679669 14.206612586975098 33749
1626680713756 14.385432243347168 33799
1626680748565 14.346923828125 33849
1626680779964 14.103106498718262 33899
1626680815284 14.14599609375 33949
1626680847610 13.823362350463867 33999
1626680878603 14.371517181396484 34049
1626680912825 14.02570915222168 34099
1626680948254 14.021827697753906 34149
1626680982156 14.332039833068848 34199
1626681017845 14.105184555053711 34249
1626681052241 13.90043830871582 34299
1626681085639 14.437704086303711 34349
1626681407660 13.948907852172852 10
1626681428071 13.713281631469727 34399
1626681456016 14.443758010864258 34449
1626681484247 13.946869850158691 34499
1626681517431 14.073959350585938 34549
1626681551419 13.660442352294922 34599
1626681583834 13.875909805297852 34649
1626681615132 13.9375638961792 34699
1626681646040 13.736637115478516 34749
1626681675424 13.774431228637695 34799
1626681710024 13.802709579467773 34849
1626681741947 13.883888244628906 34899
1626681774527 13.867518424987793 34949
1626681808697 14.189132690429688 34999
1626681843565 14.007909774780273 35049
1626681874249 13.962854385375977 35099
1626681906184 14.040102005004883 35149
1626681942348 14.235522270202637 35199
1626681974638 13.813576698303223 35249
1626682003437 14.04073715209961 35299
1626682036408 13.823684692382812 35349
1626682071695 14.060672760009766 35399
1626682105775 13.96209716796875 35449
1626682136471 13.73170280456543 35499
1626682168402 13.777536392211914 35549
1626682203437 14.0792236328125 35599
1626682236683 14.03432846069336 35649
1626682272092 13.976207733154297 35699
1626682305013 14.004538536071777 35749
1626682339661 13.962648391723633 35799
1626682376287 14.372482299804688 35849
1626682410984 13.965368270874023 35899
1626682444475 13.717334747314453 35949
1626682474724 13.879528045654297 35999
1626682508585 13.70713996887207 36049
1626682541984 13.88333511352539 36099
1626682578334 13.976548194885254 36149
1626682610336 13.969076156616211 36199
1626682641922 14.05156135559082 36249
1626682671701 13.787182807922363 36299
1626682704028 14.02249813079834 36349
1626682737505 13.99744701385498 36399
1626682769056 13.975643157958984 36449
1626682802360 14.205574989318848 36499
1626682832763 13.819967269897461 36549
1626682867721 14.314242362976074 36599
1626682901257 14.346126556396484 36649
1626682934051 13.797183990478516 36699
1626682966844 13.90936279296875 36749
1626683001007 13.718026161193848 36799
1626683034940 14.048264503479004 36849
1626683068073 13.83128547668457 36899
1626683103534 14.0881929397583 36949
1626683138194 13.952064514160156 36999
1626683171474 14.036859512329102 37049
1626683205250 14.095267295837402 37099
1626683239656 13.660111427307129 37149
1626683275251 14.203377723693848 37199
1626683309281 13.675436019897461 37249
1626683344870 14.331197738647461 37299
1626683378834 14.172607421875 37349
1626683411267 13.79372787475586 37399
1626683444682 14.134307861328125 37449
1626683480098 13.979291915893555 37499
1626683766887 13.979291915893555 11
1626683801295 13.927959442138672 37549
1626683836422 14.046112060546875 37599
1626683869066 13.680252075195312 37649
1626683902662 13.871045112609863 37699
1626683937909 14.037386894226074 37749
1626683967010 14.035414695739746 37799
1626683998312 14.121868133544922 37849
1626684030265 14.195480346679688 37899
1626684067122 13.833887100219727 37949
1626684101845 13.602991104125977 37999
1626684135207 13.9251708984375 38049
1626684169413 14.147661209106445 38099
1626684199411 13.781227111816406 38149
1626684233054 14.046096801757812 38199
1626684264432 13.857728004455566 38249
1626684297020 13.810235023498535 38299
1626684330590 13.693924903869629 38349
1626684364269 14.269323348999023 38399
1626684394247 14.11319351196289 38449
1626684427261 13.851197242736816 38499
1626684458621 13.907273292541504 38549
1626684491804 13.983237266540527 38599
1626684525025 13.976143836975098 38649
1626684557944 14.198796272277832 38699
1626684592320 13.940683364868164 38749
1626684626117 14.141996383666992 38799
1626684658792 13.72569465637207 38849
1626684690897 13.753387451171875 38899
1626684723622 13.701356887817383 38949
1626684756798 14.254339218139648 38999
1626684789250 14.36234188079834 39049
1626684822398 13.984795570373535 39099
1626684854046 13.971821784973145 39149
1626684887576 14.058162689208984 39199
1626684919731 14.081841468811035 39249
1626684953518 13.779497146606445 39299
1626684987234 14.251300811767578 39349
1626685019852 13.840347290039062 39399
1626685050305 14.00190258026123 39449
1626685085944 13.986754417419434 39499
1626685119179 14.052734375 39549
1626685152848 14.40347671508789 39599
1626685185895 13.68313217163086 39649
1626685218832 14.106683731079102 39699
1626685253417 13.882807731628418 39749
1626685287446 14.092185974121094 39799
1626685320371 13.598182678222656 39849
1626685354474 13.81045150756836 39899
1626685386096 13.805011749267578 39949
1626685421290 13.757946968078613 39999
1626685452765 13.809576988220215 40049
1626685487405 13.71704387664795 40099
1626685520194 14.307807922363281 40149
1626685555896 13.972824096679688 40199
1626685586724 14.058341979980469 40249
1626685618625 13.918905258178711 40299
1626685648427 14.109707832336426 40349
1626685682512 13.969980239868164 40399
1626685716264 14.101861953735352 40449
1626685749956 14.29935073852539 40499
1626685783870 14.16639518737793 40549
1626685816884 14.207637786865234 40599
1626686127870 14.081399917602539 12
1626686151553 14.075691223144531 40649
1626686180721 13.981576919555664 40699
1626686213822 13.762175559997559 40749
1626686243189 13.862886428833008 40799
1626686275755 14.0466947555542 40849
1626686307896 14.071001052856445 40899
1626686341082 14.287524223327637 40949
1626686374725 13.529376983642578 40999
1626686406401 13.802560806274414 41049
1626686439145 13.799369812011719 41099
1626686470718 14.068032264709473 41149
1626686503443 13.915962219238281 41199
1626686536062 13.91770076751709 41249
1626686568528 13.983745574951172 41299
1626686598800 13.811813354492188 41349
1626686631794 13.368900299072266 41399
1626686664547 14.11688232421875 41449
1626686699266 14.082950592041016 41499
1626686731874 13.733570098876953 41549
1626686766607 13.72879409790039 41599
1626686798414 13.530956268310547 41649
1626686830621 13.798759460449219 41699
1626686864713 13.928352355957031 41749
1626686898487 13.910954475402832 41799
1626686930641 13.63139533996582 41849
1626686963854 14.003549575805664 41899
1626686995976 14.2258882522583 41949
1626687030613 13.819305419921875 41999
1626687064742 13.833568572998047 42049
1626687101294 13.76341438293457 42099
1626687135625 13.947168350219727 42149
1626687171298 13.817781448364258 42199
1626687206245 13.781387329101562 42249
1626687242631 13.911935806274414 42299
1626687278220 13.943790435791016 42349
1626687314716 13.883309364318848 42399
1626687350685 13.830862045288086 42449
1626687384959 13.714686393737793 42499
1626687420219 13.868487358093262 42549
1626687454694 13.951483726501465 42599
1626687489227 13.712533950805664 42649
1626687523561 13.670796394348145 42699
1626687557270 14.101167678833008 42749
1626687588330 13.826601028442383 42799
1626687620351 13.81820297241211 42849
1626687652670 14.011690139770508 42899
1626687684559 13.975774765014648 42949
1626687716671 13.55781078338623 42999
1626687750615 13.613669395446777 43049
1626687783095 13.535079002380371 43099
1626687817259 13.999919891357422 43149
1626687849028 14.153865814208984 43199
1626687881652 13.969060897827148 43249
1626687915230 13.608123779296875 43299
1626687946177 13.859621047973633 43349
1626687978874 13.52802848815918 43399
1626688013726 13.68334674835205 43449
1626688047942 13.809133529663086 43499
1626688081575 13.907339096069336 43549
1626688114951 14.146697998046875 43599
1626688147356 13.879521369934082 43649
1626688180254 14.024510383605957 43699
1626688215196 14.12263298034668 43749
1626688501395 14.12263298034668 13
1626688536980 13.755728721618652 43799
1626688566140 13.842979431152344 43849
1626688594399 14.118041038513184 43899
1626688627010 13.933279037475586 43949
1626688659586 13.790124893188477 43999
1626688692176 13.853625297546387 44049
1626688726020 14.166894912719727 44099
1626688758179 13.74499797821045 44149
1626688792501 13.607507705688477 44199
1626688825868 13.841269493103027 44249
1626688855078 13.812276840209961 44299
1626688883130 13.659459114074707 44349
1626688913909 14.236669540405273 44399
1626688945983 13.743342399597168 44449
1626688976428 13.297966003417969 44499
1626689005959 13.610127449035645 44549
1626689034745 13.893274307250977 44599
1626689067798 13.664079666137695 44649
1626689096788 13.840185165405273 44699
1626689131015 13.794261932373047 44749
1626689163104 13.950997352600098 44799
1626689198765 13.85026741027832 44849
1626689232423 13.547945976257324 44899
1626689267890 13.856941223144531 44949
1626689301081 13.592479705810547 44999
1626689335289 13.762955665588379 45049
1626689369512 13.748147964477539 45099
1626689402927 13.921063423156738 45149
1626689434497 14.017500877380371 45199
1626689467309 13.637805938720703 45249
1626689498856 13.79049301147461 45299
1626689533222 13.700921058654785 45349
1626689566180 13.81311321258545 45399
1626689599197 13.698431015014648 45449
1626689631331 13.527632713317871 45499
1626689666920 13.594425201416016 45549
1626689701292 13.538742065429688 45599
1626689737365 13.94372272491455 45649
1626689771385 13.78207778930664 45699
1626689804106 13.50543212890625 45749
1626689837883 13.71618366241455 45799
1626689871574 13.778631210327148 45849
1626689905996 13.962514877319336 45899
1626689942433 14.20999526977539 45949
1626689973972 13.687698364257812 45999
1626690006950 14.017297744750977 46049
1626690042996 14.207340240478516 46099
1626690077660 14.144002914428711 46149
1626690110483 13.41427993774414 46199
1626690143507 13.794203758239746 46249
1626690176916 13.93779468536377 46299
1626690210116 13.975242614746094 46349
1626690242956 13.915592193603516 46399
1626690278047 13.631291389465332 46449
1626690312307 13.971963882446289 46499
1626690345692 13.743489265441895 46549
1626690378594 13.685524940490723 46599
1626690417051 13.961650848388672 46649
1626690449924 13.53059196472168 46699
1626690482339 14.018478393554688 46749
1626690516716 13.74394416809082 46799
1626690551869 13.843996047973633 46849
1626690850181 13.723593711853027 14
1626690871373 13.782553672790527 46899
1626690899482 13.639371871948242 46949
1626690927527 13.674091339111328 46999
1626690955584 13.456321716308594 47049
1626690983569 13.680700302124023 47099
1626691011561 13.554874420166016 47149
1626691039433 13.698901176452637 47199
1626691069937 13.506532669067383 47249
1626691100843 14.042591094970703 47299
1626691131399 13.780549049377441 47349
1626691159461 13.81053352355957 47399
1626691192308 13.623981475830078 47449
1626691226692 13.649906158447266 47499
1626691257210 13.697061538696289 47549
1626691290223 13.563915252685547 47599
1626691323768 13.511820793151855 47649
1626691359173 13.753461837768555 47699
1626691388983 13.853124618530273 47749
1626691417135 13.615655899047852 47799
1626691447658 13.945175170898438 47849
1626691480561 13.53091049194336 47899
1626691513557 13.811159133911133 47949
1626691544278 13.779699325561523 47999
1626691572471 13.553630828857422 48049
1626691606110 13.550424575805664 48099
1626691640332 13.68903923034668 48149
1626691674889 13.657918930053711 48199
1626691709872 13.668519973754883 48249
1626691741637 13.298431396484375 48299
1626691772977 13.747469902038574 48349
1626691805570 13.585187911987305 48399
1626691839269 13.818075180053711 48449
1626691872190 13.582598686218262 48499
1626691906000 13.73156452178955 48549
1626691939461 13.546125411987305 48599
1626691972393 13.736763000488281 48649
1626692004935 13.438868522644043 48699
1626692038220 14.072063446044922 48749
1626692072643 14.098016738891602 48799
1626692106268 13.70871353149414 48849
1626692136120 13.547999382019043 48899
1626692172745 13.715470314025879 48949
1626692206305 14.009294509887695 48999
1626692241020 13.545475006103516 49049
1626692274583 13.537870407104492 49099
1626692307872 13.825091361999512 49149
1626692341043 13.624791145324707 49199
1626692372338 13.820274353027344 49249
1626692404097 13.834939956665039 49299
1626692435062 13.673246383666992 49349
1626692468922 13.696894645690918 49399
1626692502634 13.451190948486328 49449
1626692533577 13.74860954284668 49499
1626692565777 13.689983367919922 49549
1626692597254 13.496633529663086 49599
1626692629333 13.775440216064453 49649
1626692663484 13.759468078613281 49699
1626692696847 13.64336109161377 49749
1626692731328 13.793907165527344 49799
1626692765438 13.793816566467285 49849
1626692799219 14.263344764709473 49899
1626692833127 13.537654876708984 49949
1626692867839 13.754438400268555 49999
1626693167901 13.754438400268555 15
1626693203177 13.19661808013916 50049
1626693234870 13.429913520812988 50099
1626693267870 13.765931129455566 50149
1626693302978 13.601606369018555 50199
1626693335380 13.566132545471191 50249
1626693370002 13.406834602355957 50299
1626693403351 13.900762557983398 50349
1626693435821 13.814520835876465 50399
1626693468927 13.641654968261719 50449
1626693500592 13.730199813842773 50499
1626693533221 13.974271774291992 50549
1626693565573 13.756135940551758 50599
1626693599822 14.01772689819336 50649
1626693635139 13.572854995727539 50699
1626693667650 13.707830429077148 50749
1626693702374 13.760992050170898 50799
1626693735894 13.447824478149414 50849
1626693769524 13.78738784790039 50899
1626693803671 13.403109550476074 50949
1626693836352 13.475772857666016 50999
1626693868310 13.665576934814453 51049
1626693902998 13.616233825683594 51099
1626693937778 13.61589241027832 51149
1626693968443 13.76339340209961 51199
1626694002711 13.49553108215332 51249
1626694035114 13.689409255981445 51299
1626694069553 13.86324691772461 51349
1626694103087 13.726710319519043 51399
1626694138349 13.83967399597168 51449
1626694173801 13.923256874084473 51499
1626694207885 13.974100112915039 51549
1626694238663 13.832103729248047 51599
1626694275811 13.71998405456543 51649
1626694311284 13.37826156616211 51699
1626694346364 13.631364822387695 51749
1626694381461 13.66684341430664 51799
1626694418505 13.769182205200195 51849
1626694451979 13.693817138671875 51899
1626694485967 13.627791404724121 51949
1626694520234 13.696771621704102 51999
1626694554944 13.649731636047363 52049
1626694589366 13.920921325683594 52099
1626694622782 13.74159049987793 52149
1626694656964 13.611120223999023 52199
1626694693089 13.515186309814453 52249
1626694726528 13.698747634887695 52299
1626694762382 13.61982250213623 52349
1626694797015 13.60415267944336 52399
1626694833332 13.290091514587402 52449
1626694867307 13.866249084472656 52499
1626694903172 13.766481399536133 52549
1626694934149 13.53593635559082 52599
1626694970214 13.526910781860352 52649
1626695005912 13.939108848571777 52699
1626695037520 13.819931983947754 52749
1626695070383 13.488112449645996 52799
1626695105766 13.939502716064453 52849
1626695137568 13.569817543029785 52899
1626695169097 13.593255043029785 52949
1626695202128 13.779327392578125 52999
1626695237946 13.734314918518066 53049
1626695272605 13.538387298583984 53099
1626695579564 13.758203506469727 16
1626695599997 13.509902954101562 53149
1626695628208 13.740069389343262 53199
1626695661885 13.54309368133545 53249
1626695694169 13.598922729492188 53299
1626695725839 13.274341583251953 53349
1626695759612 13.635822296142578 53399
1626695795396 13.442254066467285 53449
1626695827072 13.95064926147461 53499
1626695860573 13.265220642089844 53549
1626695893080 13.516033172607422 53599
1626695925785 13.64640998840332 53649
1626695957804 13.764120101928711 53699
1626695990649 13.564090728759766 53749
1626696023403 13.714068412780762 53799
1626696055298 13.897232055664062 53849
1626696087893 13.666515350341797 53899
1626696121968 13.813145637512207 53949
1626696155711 13.707537651062012 53999
1626696189858 13.163630485534668 54049
1626696229331 13.808691024780273 54099
1626696262396 13.496749877929688 54149
1626696294292 13.536827087402344 54199
1626696328197 13.656322479248047 54249
1626696362301 13.554251670837402 54299
1626696396883 13.77985954284668 54349
1626696432332 13.632052421569824 54399
1626696468475 13.584651947021484 54449
1626696504352 13.48536205291748 54499
1626696538932 13.58261489868164 54549
1626696571684 13.338918685913086 54599
1626696605284 13.59087085723877 54649
1626696638646 14.221611976623535 54699
1626696672497 13.665176391601562 54749
1626696704911 13.857223510742188 54799
1626696738798 13.496952056884766 54849
1626696773845 13.428535461425781 54899
1626696806917 13.45580005645752 54949
1626696841129 13.657025337219238 54999
1626696874921 13.668115615844727 55049
1626696908513 13.656633377075195 55099
1626696942135 13.343358039855957 55149
1626696977344 13.685867309570312 55199
1626697015642 13.538666725158691 55249
1626697048893 13.612249374389648 55299
1626697081627 13.415477752685547 55349
1626697116347 13.722694396972656 55399
1626697151225 13.910272598266602 55449
1626697186860 13.663532257080078 55499
1626697220281 13.458162307739258 55549
1626697253233 13.781375885009766 55599
1626697288769 13.826675415039062 55649
1626697320634 14.056779861450195 55699
1626697353972 13.829704284667969 55749
1626697388170 13.373806953430176 55799
1626697423565 13.866284370422363 55849
1626697458150 14.017016410827637 55899
1626697492728 13.841154098510742 55949
1626697527505 13.645502090454102 55999
1626697564899 13.589713096618652 56049
1626697598414 13.623807907104492 56099
1626697632448 13.538131713867188 56149
1626697664309 13.280245780944824 56199
1626697700092 13.669095993041992 56249
1626697984471 13.669095993041992 17
1626698019694 13.780631065368652 56299
1626698049282 13.515997886657715 56349
1626698077332 13.405882835388184 56399
1626698108397 13.462789535522461 56449
1626698142054 13.674564361572266 56499
1626698175993 13.623708724975586 56549
1626698209454 13.353887557983398 56599
1626698239746 13.386442184448242 56649
1626698269399 13.658548355102539 56699
1626698302998 13.684050559997559 56749
1626698336171 13.325726509094238 56799
1626698367577 13.604568481445312 56849
1626698398765 13.728501319885254 56899
1626698432435 13.470004081726074 56949
1626698464897 13.61256217956543 56999
1626698499325 13.512062072753906 57049
1626698529538 13.560245513916016 57099
1626698561222 13.440689086914062 57149
1626698593910 13.641998291015625 57199
1626698627427 13.271696090698242 57249
1626698661546 13.805871963500977 57299
1626698696023 13.519402503967285 57349
1626698727708 13.757762908935547 57399
1626698760170 13.606405258178711 57449
1626698792220 13.457550048828125 57499
1626698827217 13.573467254638672 57549
1626698860324 13.492997169494629 57599
1626698894202 13.795170783996582 57649
1626698929872 13.802040100097656 57699
1626698965794 13.532310485839844 57749
1626698999786 13.59294319152832 57799
1626699035775 13.271014213562012 57849
1626699069561 13.737020492553711 57899
1626699105263 13.737829208374023 57949
1626699138495 13.764530181884766 57999
1626699174371 13.527172088623047 58049
1626699208447 13.720417022705078 58099
1626699243382 13.831491470336914 58149
1626699277358 13.531610488891602 58199
1626699314821 13.392129898071289 58249
1626699350972 13.696585655212402 58299
1626699387041 13.28854751586914 58349
1626699421212 13.651065826416016 58399
1626699455374 13.483831405639648 58449
1626699489082 13.557445526123047 58499
1626699524747 13.811941146850586 58549
1626699557307 13.232248306274414 58599
1626699590062 13.572196006774902 58649
1626699625310 13.52377986907959 58699
1626699659088 13.552680969238281 58749
1626699691768 13.529376983642578 58799
1626699721970 13.506363868713379 58849
1626699754065 14.12906265258789 58899
1626699789522 13.424254417419434 58949
1626699820453 13.314864158630371 58999
1626699854618 13.717646598815918 59049
1626699888444 13.34831428527832 59099
1626699921662 13.686079025268555 59149
1626699953053 13.657246589660645 59199
1626699985688 13.3467378616333 59249
1626700020367 13.504670143127441 59299
1626700053641 13.697629928588867 59349
1626700356987 13.772102355957031 18
1626700377456 13.22347354888916 59399
1626700405551 13.48962688446045 59449
1626700439064 13.680378913879395 59499
1626700472282 13.314596176147461 59549
1626700506277 13.262151718139648 59599
1626700539817 13.498893737792969 59649
1626700572543 13.450318336486816 59699
1626700605497 13.33498764038086 59749
1626700638271 13.584331512451172 59799
1626700669598 13.414366722106934 59849
1626700700587 13.581368446350098 59899
1626700734912 13.603694915771484 59949
1626700768221 13.501967430114746 59999
1626700801271 13.949257850646973 60049
1626700834105 13.385228157043457 60099
1626700868229 13.445383071899414 60149
1626700901691 13.690256118774414 60199
1626700935250 13.654644012451172 60249
1626700969627 13.766738891601562 60299
1626700999055 13.168082237243652 60349
1626701032718 13.577333450317383 60399
1626701065951 13.655293464660645 60449
1626701101510 13.145782470703125 60499
1626701134265 13.400468826293945 60549
1626701166607 13.297581672668457 60599
1626701200069 13.908651351928711 60649
1626701234292 13.622825622558594 60699
1626701267354 13.214712142944336 60749
1626701302753 13.545661926269531 60799
1626701337948 13.669645309448242 60849
1626701373801 13.593057632446289 60899
1626701408422 13.413776397705078 60949
1626701441980 13.718576431274414 60999
1626701476103 13.992366790771484 61049
1626701510166 13.395029067993164 61099
1626701547148 13.460641860961914 61149
1626701581686 13.13345718383789 61199
1626701615329 13.526172637939453 61249
1626701650519 13.747091293334961 61299
1626701684412 13.641773223876953 61349
1626701718449 13.460583686828613 61399
1626701752506 13.75971794128418 61449
1626701787142 13.438176155090332 61499
1626701822739 13.626554489135742 61549
1626701855569 13.448678970336914 61599
1626701891823 13.374166488647461 61649
1626701925509 13.481701850891113 61699
1626701960164 13.402976989746094 61749
1626701993149 13.466897010803223 61799
1626702030079 13.52564811706543 61849
1626702062133 13.418146133422852 61899
1626702095168 13.616546630859375 61949
1626702127510 13.301824569702148 61999
1626702160952 13.389225006103516 62049
1626702196471 13.45096492767334 62099
1626702232369 13.775911331176758 62149
1626702267274 13.48366928100586 62199
1626702299491 13.72586441040039 62249
1626702333818 13.368989944458008 62299
1626702369774 13.414292335510254 62349
1626702403541 13.556961059570312 62399
1626702438905 13.489418983459473 62449
1626702474404 13.560197830200195 62499
1626702767653 13.560197830200195 19
1626702803776 13.373437881469727 62549
1626702835035 13.604100227355957 62599
1626702868099 13.468159675598145 62649
1626702899719 13.298176765441895 62699
1626702930856 13.44991683959961 62749
1626702962774 13.30500602722168 62799
1626702994211 13.678995132446289 62849
1626703026048 13.434085845947266 62899
1626703059139 13.350940704345703 62949
1626703090842 13.133610725402832 62999
1626703121055 13.45112419128418 63049
1626703154991 13.312601089477539 63099
1626703188009 13.07784652709961 63149
1626703218161 13.399120330810547 63199
1626703251532 13.362314224243164 63249
1626703285465 13.397278785705566 63299
1626703317339 13.211700439453125 63349
1626703350867 13.390390396118164 63399
1626703385434 13.38235855102539 63449
1626703418499 13.627781867980957 63499
1626703450382 13.566484451293945 63549
1626703482562 13.356051445007324 63599
1626703516862 13.623531341552734 63649
1626703549047 13.341411590576172 63699
1626703583480 13.459871292114258 63749
1626703616699 13.511460304260254 63799
1626703649841 13.491695404052734 63849
1626703685096 13.38886833190918 63899
1626703719396 13.355253219604492 63949
1626703755297 13.236454010009766 63999
1626703789016 13.573934555053711 64049
1626703824253 13.728843688964844 64099
1626703857799 13.666248321533203 64149
1626703894230 13.5300874710083 64199
1626703929981 13.489643096923828 64249
1626703963977 13.61489486694336 64299
1626703998280 13.31332015991211 64349
1626704032167 13.40750503540039 64399
1626704066950 13.634509086608887 64449
1626704102477 13.493392944335938 64499
1626704136583 13.42617416381836 64549
1626704172470 13.545777320861816 64599
1626704206839 13.527898788452148 64649
1626704239933 13.458169937133789 64699
1626704274713 13.431135177612305 64749
1626704307248 13.210139274597168 64799
1626704339468 13.070561408996582 64849
1626704375172 13.595362663269043 64899
1626704409091 13.296079635620117 64949
1626704443328 13.564077377319336 64999
1626704477223 13.510665893554688 65049
1626704512167 13.34916877746582 65099
1626704546784 13.642135620117188 65149
1626704581475 13.527484893798828 65199
1626704617795 13.446571350097656 65249
1626704652603 13.374260902404785 65299
1626704687682 13.468757629394531 65349
1626704725192 13.479314804077148 65399
1626704761468 13.271590232849121 65449
1626704794965 13.515460014343262 65499
1626704831746 13.488090515136719 65549
1626704868997 13.31326675415039 65599
1626705177844 13.74104118347168 20
1626705198527 13.467719078063965 65649
1626705228164 13.496597290039062 65699
1626705263697 13.677445411682129 65749
1626705297120 13.570069313049316 65799
1626705331908 13.405523300170898 65849
1626705363414 13.296676635742188 65899
1626705397114 13.465967178344727 65949
1626705431665 13.545686721801758 65999
1626705468127 13.431642532348633 66049
1626705501871 13.27989673614502 66099
1626705535719 13.73021411895752 66149
1626705568705 13.503070831298828 66199
1626705604253 13.190105438232422 66249
1626705637121 13.203214645385742 66299
1626705671855 13.286327362060547 66349
1626705702891 13.358503341674805 66399
1626705736798 13.348861694335938 66449
1626705772411 13.469572067260742 66499
1626705806491 13.295076370239258 66549
1626705839070 13.825372695922852 66599
1626705873119 13.457740783691406 66649
1626705906807 13.504170417785645 66699
1626705942143 13.297600746154785 66749
1626705975922 13.203208923339844 66799
1626706008905 13.355745315551758 66849
1626706042995 13.58219051361084 66899
1626706079047 13.41386890411377 66949
1626706113583 13.386615753173828 66999
1626706149749 13.605531692504883 67049
1626706184966 13.648045539855957 67099
1626706221177 13.362319946289062 67149
1626706253164 13.558128356933594 67199
1626706287256 13.188693046569824 67249
1626706321134 13.380899429321289 67299
1626706356546 13.292298316955566 67349
1626706391018 13.240583419799805 67399
1626706423989 13.754852294921875 67449
1626706458908 13.501741409301758 67499
1626706492762 13.636320114135742 67549
1626706528984 13.44102668762207 67599
1626706563163 13.4564790725708 67649
1626706599110 13.582398414611816 67699
1626706635005 13.351289749145508 67749
1626706668840 13.150439262390137 67799
1626706700759 13.075689315795898 67849
1626706734658 13.713276863098145 67899
1626706767547 13.334567070007324 67949
1626706803555 13.424836158752441 67999
1626706837577 13.600351333618164 68049
1626706871965 13.428555488586426 68099
1626706906056 13.358999252319336 68149
1626706940995 13.19679069519043 68199
1626706976040 13.479656219482422 68249
1626707010314 13.222007751464844 68299
1626707042617 13.402381896972656 68349
1626707076512 13.382951736450195 68399
1626707110320 13.386472702026367 68449
1626707144788 13.423616409301758 68499
1626707179171 13.487215995788574 68549
1626707214168 13.476978302001953 68599
1626707247387 13.298654556274414 68649
1626707279325 13.199932098388672 68699
1626707316405 13.235057830810547 68749
1626707615093 13.235057830810547 21
1626707651527 13.49502182006836 68799
1626707683564 13.678812026977539 68849
1626707717266 13.505203247070312 68899
1626707751742 13.047737121582031 68949
1626707783007 13.283318519592285 68999
1626707814355 13.483503341674805 69049
1626707849065 13.728904724121094 69099
1626707882579 13.516122817993164 69149
1626707916671 13.316917419433594 69199
1626707949134 13.233762741088867 69249
1626707982939 13.160985946655273 69299
1626708015243 13.402117729187012 69349
1626708046492 13.449997901916504 69399
1626708082203 13.265851974487305 69449
1626708116324 13.36245059967041 69499
1626708149899 13.555695533752441 69549
1626708184523 13.187050819396973 69599
1626708218815 13.587762832641602 69649
1626708253543 13.475421905517578 69699
1626708287745 13.324825286865234 69749
1626708321239 13.605356216430664 69799
1626708353044 13.2991943359375 69849
1626708389368 13.283164024353027 69899
1626708424710 13.445575714111328 69949
1626708459349 13.190999984741211 69999
1626708492644 13.489225387573242 70049
1626708526911 13.378565788269043 70099
1626708560563 13.093246459960938 70149
1626708596625 13.425748825073242 70199
1626708630731 13.37179946899414 70249
1626708664030 13.664632797241211 70299
1626708698285 13.446914672851562 70349
1626708733820 13.469770431518555 70399
1626708768824 13.474723815917969 70449
1626708803628 13.511615753173828 70499
1626708840054 13.399235725402832 70549
1626708875895 13.193641662597656 70599
1626708913593 13.26936149597168 70649
1626708945116 13.607589721679688 70699
1626708979623 13.663445472717285 70749
1626709013015 13.630175590515137 70799
1626709048199 13.59085464477539 70849
1626709080180 13.622823715209961 70899
1626709112678 13.172037124633789 70949
1626709145294 13.355184555053711 70999
1626709180196 13.375564575195312 71049
1626709214689 13.529561996459961 71099
1626709248484 13.380899429321289 71149
1626709284078 13.292367935180664 71199
1626709319395 13.521451950073242 71249
1626709352055 13.600248336791992 71299
1626709385015 13.52370834350586 71349
1626709419402 13.219744682312012 71399
1626709452737 13.285412788391113 71449
1626709486180 13.543258666992188 71499
1626709518564 13.458978652954102 71549
1626709553041 12.910568237304688 71599
1626709587573 13.472227096557617 71649
1626709621253 13.364416122436523 71699
1626709654400 13.48449993133545 71749
1626709688392 13.600259780883789 71799
1626709720964 13.674209594726562 71849
1626710022537 13.369586944580078 22
1626710043074 13.463390350341797 71899
1626710071729 13.297195434570312 71949
1626710103508 13.746423721313477 71999
1626710136013 13.041732788085938 72049
1626710166706 13.028474807739258 72099
1626710197269 13.415069580078125 72149
1626710228538 13.483760833740234 72199
1626710260736 13.211400985717773 72249
1626710292165 13.500825881958008 72299
1626710322277 13.309667587280273 72349
1626710354842 13.25251579284668 72399
1626710383068 13.294785499572754 72449
1626710410937 13.3173828125 72499
1626710438838 13.3416748046875 72549
1626710468624 13.411643981933594 72599
1626710500618 13.404735565185547 72649
1626710532261 13.515247344970703 72699
1626710564929 13.244112014770508 72749
1626710597504 13.500957489013672 72799
1626710630361 13.374479293823242 72849
1626710663686 13.601922988891602 72899
1626710697527 13.450279235839844 72949
1626710732371 13.066935539245605 72999
1626710767651 13.325169563293457 73049
1626710802098 13.320062637329102 73099
1626710836365 13.257109642028809 73149
1626710866635 13.346474647521973 73199
1626710900359 13.499046325683594 73249
1626710931067 13.290584564208984 73299
1626710965297 13.120858192443848 73349
1626710999425 13.25948429107666 73399
1626711035387 13.673154830932617 73449
1626711070284 13.406097412109375 73499
1626711106019 13.439813613891602 73549
1626711140913 13.486319541931152 73599
1626711176298 13.459539413452148 73649
1626711211201 13.176629066467285 73699
1626711244127 13.390231132507324 73749
1626711278925 13.193957328796387 73799
1626711312551 13.693157196044922 73849
1626711344792 13.523049354553223 73899
1626711378670 13.190607070922852 73949
1626711414313 13.54513931274414 73999
1626711449054 13.452954292297363 74049
1626711483380 13.389920234680176 74099
1626711516895 13.665877342224121 74149
1626711548921 13.6812105178833 74199
1626711580118 13.068716049194336 74249
1626711613613 13.493239402770996 74299
1626711645962 13.648183822631836 74349
1626711680044 13.327569961547852 74399
1626711711538 13.505999565124512 74449
1626711745073 13.42324447631836 74499
1626711779791 13.29259204864502 74549
1626711812160 13.408567428588867 74599
1626711844019 13.46368408203125 74649
1626711877068 13.454052925109863 74699
1626711909560 13.291452407836914 74749
1626711941600 13.29146957397461 74799
1626711977515 13.301180839538574 74849
1626712012096 13.327140808105469 74899
1626712045749 13.333961486816406 74949
1626712080238 13.351333618164062 74999
1626712366437 13.351333618164062 23
1626712400188 13.380716323852539 75049
1626712431673 13.35171890258789 75099
1626712464495 13.06203556060791 75149
1626712496868 13.229809761047363 75199
1626712527721 13.2765474319458 75249
1626712561813 13.15540599822998 75299
1626712596057 13.21384048461914 75349
1626712626699 13.365964889526367 75399
1626712655558 13.113592147827148 75449
1626712686697 13.271486282348633 75499
1626712716449 13.120317459106445 75549
1626712747057 13.02926254272461 75599
1626712777212 13.133246421813965 75649
1626712808955 13.076790809631348 75699
1626712842954 13.283366203308105 75749
1626712871524 13.390304565429688 75799
1626712904762 13.343193054199219 75849
1626712932889 13.413694381713867 75899
1626712961013 13.213874816894531 75949
1626712991161 13.428934097290039 75999
1626713022879 13.309264183044434 76049
1626713056399 13.330915451049805 76099
1626713090227 13.14741325378418 76149
1626713122354 13.333699226379395 76199
1626713155277 13.497063636779785 76249
1626713189438 13.343276023864746 76299
1626713222007 13.2269868850708 76349
1626713255021 13.268781661987305 76399
1626713290777 13.226941108703613 76449
1626713326512 13.406658172607422 76499
1626713358297 13.445820808410645 76549
1626713392703 13.132890701293945 76599
1626713427821 13.372488021850586 76649
1626713461492 13.162353515625 76699
1626713492882 13.336898803710938 76749
1626713526440 13.362239837646484 76799
1626713561901 13.051896095275879 76849
1626713597287 13.230463027954102 76899
1626713631790 13.591179847717285 76949
1626713666778 13.049260139465332 76999
1626713702209 13.455252647399902 77049
1626713734353 13.245651245117188 77099
1626713767198 13.304662704467773 77149
1626713797541 13.447663307189941 77199
1626713831249 13.495773315429688 77249
1626713864337 13.223283767700195 77299
1626713898618 13.348920822143555 77349
1626713929447 13.614767074584961 77399
1626713964479 13.159048080444336 77449
1626713997936 13.332330703735352 77499
1626714031398 13.364845275878906 77549
1626714064808 13.381245613098145 77599
1626714098462 13.379988670349121 77649
1626714131467 13.28895092010498 77699
1626714165863 13.678146362304688 77749
1626714196078 13.39631175994873 77799
1626714231498 13.509514808654785 77849
1626714267071 13.175886154174805 77899
1626714301145 13.354034423828125 77949
1626714335466 13.257255554199219 77999
1626714370483 13.259248733520508 78049
1626714403381 13.296016693115234 78099
1626714711777 13.314363479614258 24
1626714733408 13.632990837097168 78149
1626714761239 13.073736190795898 78199
1626714793026 13.200090408325195 78249
1626714824136 13.608505249023438 78299
1626714852115 13.087320327758789 78349
1626714880168 13.409172058105469 78399
1626714909141 13.314262390136719 78449
1626714946100 13.23719310760498 78499
1626714976890 13.35750961303711 78549
1626715007092 13.47824478149414 78599
1626715038401 13.228255271911621 78649
1626715072125 13.062665939331055 78699
1626715102763 13.368505477905273 78749
1626715136914 13.336480140686035 78799
1626715169346 12.967813491821289 78849
1626715205442 13.187015533447266 78899
1626715236584 13.063831329345703 78949
1626715268337 13.450183868408203 78999
1626715300294 13.227484703063965 79049
1626715333742 13.20553207397461 79099
1626715367678 13.172602653503418 79149
1626715401440 12.991828918457031 79199
1626715435266 13.25478744506836 79249
1626715471811 13.286185264587402 79299
1626715504534 12.801231384277344 79349
1626715534277 13.27385139465332 79399
1626715568932 13.50143051147461 79449
1626715602304 13.296009063720703 79499
1626715635892 13.291240692138672 79549
1626715670771 13.138829231262207 79599
1626715705722 13.308948516845703 79649
1626715739553 13.399781227111816 79699
1626715767637 13.256444931030273 79749
1626715798737 13.43018913269043 79799
1626715833537 13.131690979003906 79849
1626715865223 13.252450942993164 79899
1626715900237 13.33277702331543 79949
1626715934101 13.361199378967285 79999
1626715971000 13.329824447631836 80049
1626716002819 13.151779174804688 80099
1626716033620 13.345417022705078 80149
1626716066470 13.2451753616333 80199
1626716099972 13.235197067260742 80249
1626716133421 13.026872634887695 80299
1626716165057 13.592267036437988 80349
1626716193701 13.498737335205078 80399
1626716224183 13.527668952941895 80449
1626716252968 13.13598918914795 80499
1626716282774 13.116875648498535 80549
1626716316166 13.09792709350586 80599
1626716350920 13.399484634399414 80649
1626716385380 13.46088695526123 80699
1626716417763 13.19871711730957 80749
1626716452194 13.013250350952148 80799
1626716483260 13.431639671325684 80849
1626716519917 13.417940139770508 80899
1626716554132 13.465841293334961 80949
1626716585322 13.077445983886719 80999
1626716619547 13.178827285766602 81049
1626716651756 13.319605827331543 81099
1626716686608 13.245451927185059 81149
1626716720591 13.3058443069458 81199
1626716754937 13.150562286376953 81249
1626717035266 13.150562286376953 25
1626717070439 13.277098655700684 81299
1626717099894 13.274080276489258 81349
1626717130689 13.210432052612305 81399
1626717164313 13.231189727783203 81449
1626717197308 13.188989639282227 81499
1626717231403 13.425827026367188 81549
1626717263681 13.144962310791016 81599
1626717295499 13.152299880981445 81649
1626717327830 13.164897918701172 81699
1626717361565 13.217609405517578 81749
1626717393238 13.350414276123047 81799
1626717426463 13.101310729980469 81849
1626717459084 13.334203720092773 81899
1626717492753 13.172163009643555 81949
1626717524696 13.325358390808105 81999
1626717557657 13.197698593139648 82049
1626717591078 13.106740951538086 82099
1626717619739 13.359797477722168 82149
1626717647927 13.235133171081543 82199
1626717676031 13.236770629882812 82249
1626717704080 13.002371788024902 82299
1626717732271 13.528275489807129 82349
1626717761260 13.349658966064453 82399
1626717793959 13.482355117797852 82449
1626717824703 13.402775764465332 82499
1626717857842 13.321779251098633 82549
1626717891221 13.399873733520508 82599
1626717923478 13.428932189941406 82649
1626717957324 13.431110382080078 82699
1626717988561 13.286941528320312 82749
1626718016691 13.123120307922363 82799
1626718047392 13.11671257019043 82849
1626718080665 13.571703910827637 82899
1626718111066 13.2190580368042 82949
1626718139219 13.459653854370117 82999
1626718170811 13.285083770751953 83049
1626718203834 13.601470947265625 83099
1626718234757 13.128368377685547 83149
1626718265841 13.160858154296875 83199
1626718299244 13.23204231262207 83249
1626718333238 13.169374465942383 83299
1626718364639 13.249959945678711 83349
1626718396750 13.310995101928711 83399
1626718425913 13.318523406982422 83449
1626718458921 13.35464096069336 83499
1626718490724 13.55396842956543 83549
1626718522086 13.15267562866211 83599
1626718554546 13.420063018798828 83649
1626718588170 13.117636680603027 83699
1626718618581 13.429117202758789 83749
1626718646645 13.544598579406738 83799
1626718676231 13.023775100708008 83849
1626718710163 12.976176261901855 83899
1626718743242 13.047775268554688 83949
1626718775833 13.322010040283203 83999
1626718812025 13.233691215515137 84049
1626718843861 13.583307266235352 84099
1626718876516 13.340606689453125 84149
1626718909397 13.552750587463379 84199
1626718944063 13.311078071594238 84249
1626718977910 13.459857940673828 84299
1626719012644 13.143630981445312 84349
1626719302243 13.358757972717285 26
1626719323001 12.893506050109863 84399
1626719351050 13.139778137207031 84449
1626719382047 13.149614334106445 84499
1626719415740 13.227178573608398 84549
1626719447385 13.279020309448242 84599
1626719479084 13.34964656829834 84649
1626719511924 13.306641578674316 84699
1626719539947 13.173126220703125 84749
1626719567964 13.389225959777832 84799
1626719595980 13.239288330078125 84849
1626719623955 13.335174560546875 84899
1626719651999 13.112529754638672 84949
1626719679977 13.32571029663086 84999
1626719707995 13.213663101196289 85049
1626719736034 13.171159744262695 85099
1626719763942 13.124393463134766 85149
1626719792861 13.36984634399414 85199
1626719820904 13.257431983947754 85249
1626719849021 12.978123664855957 85299
1626719881158 13.291983604431152 85349
1626719914197 13.457992553710938 85399
1626719945694 13.378412246704102 85449
1626719977674 13.121312141418457 85499
1626720006883 13.117876052856445 85549
1626720038507 13.137322425842285 85599
1626720069396 13.326690673828125 85649
1626720103084 13.110437393188477 85699
1626720136815 13.049627304077148 85749
1626720170582 12.907031059265137 85799
1626720203145 13.053070068359375 85849
1626720236540 12.940309524536133 85899
1626720270565 13.335649490356445 85949
1626720301989 12.979007720947266 85999
1626720335345 13.127642631530762 86049
1626720368857 13.566471099853516 86099
1626720403226 13.308021545410156 86149
1626720437256 13.29542064666748 86199
1626720468395 13.457489013671875 86249
1626720501544 13.598325729370117 86299
1626720534425 12.860092163085938 86349
1626720565363 13.346376419067383 86399
1626720594011 13.102855682373047 86449
1626720625371 13.020513534545898 86499
1626720655219 13.085599899291992 86549
1626720683390 13.037307739257812 86599
1626720715658 13.265153884887695 86649
1626720748437 13.265340805053711 86699
1626720779188 13.344097137451172 86749
1626720808612 13.195791244506836 86799
1626720836978 13.308998107910156 86849
1626720870964 13.095653533935547 86899
1626720904156 13.200237274169922 86949
1626720935842 13.211055755615234 86999
1626720967291 13.444499969482422 87049
1626721000949 12.985764503479004 87099
1626721033367 13.062921524047852 87149
1626721067092 13.035276412963867 87199
1626721097799 13.429858207702637 87249
1626721128987 13.188627243041992 87299
1626721161452 13.274713516235352 87349
1626721193512 13.338846206665039 87399
1626721227703 13.40202808380127 87449
1626721262539 13.385564804077148 87499
1626721534654 13.385564804077148 27
1626721569636 13.276321411132812 87549
1626721598155 13.032386779785156 87599
1626721631617 13.043739318847656 87649
1626721664572 13.22147274017334 87699
1626721694632 13.111494064331055 87749
1626721725659 13.158252716064453 87799
1626721753625 13.407426834106445 87849
1626721781697 13.372261047363281 87899
1626721811226 13.024879455566406 87949
1626721839348 13.518875122070312 87999
1626721867297 13.261791229248047 88049
1626721895323 13.296552658081055 88099
1626721923411 12.787818908691406 88149
1626721951445 13.11650276184082 88199
1626721979358 13.187483787536621 88249
1626722007348 13.180623054504395 88299
1626722035343 13.056266784667969 88349
1626722063355 13.335068702697754 88399
1626722091504 13.363004684448242 88449
1626722119714 13.382575035095215 88499
1626722147863 13.308467864990234 88549
1626722175862 13.032495498657227 88599
1626722203902 13.237781524658203 88649
1626722231966 13.390547752380371 88699
1626722260383 13.307822227478027 88749
1626722292964 13.381752014160156 88799
1626722325625 13.193161964416504 88849
1626722356398 13.203121185302734 88899
1626722389225 13.223852157592773 88949
1626722420588 13.366653442382812 88999
1626722455261 13.427953720092773 89049
1626722487005 13.257722854614258 89099
1626722520690 13.256341934204102 89149
1626722551864 13.283706665039062 89199
1626722586374 13.248250007629395 89249
1626722619112 13.25799560546875 89299
1626722652343 13.336885452270508 89349
1626722685176 13.4615478515625 89399
1626722714468 13.297828674316406 89449
1626722746861 13.192102432250977 89499
1626722775801 13.239175796508789 89549
1626722807847 13.090326309204102 89599
1626722839682 13.428266525268555 89649
1626722874078 13.222405433654785 89699
1626722903962 13.478504180908203 89749
1626722934673 13.131946563720703 89799
1626722964945 13.180580139160156 89849
1626722996734 13.443384170532227 89899
1626723025071 13.129239082336426 89949
1626723058769 13.390636444091797 89999
1626723090669 12.979236602783203 90049
1626723124477 13.043503761291504 90099
1626723155986 13.324748992919922 90149
1626723183991 13.306982040405273 90199
1626723217791 13.705065727233887 90249
1626723250123 13.263147354125977 90299
1626723283804 13.134367942810059 90349
1626723318518 13.289165496826172 90399
1626723349417 13.077890396118164 90449
1626723378800 13.035274505615234 90499
1626723410144 13.107686996459961 90549
1626723443618 13.282487869262695 90599
1626723732532 13.135519027709961 28
1626723752460 13.184614181518555 90649
1626723780659 12.85897445678711 90699
1626723809208 13.474943161010742 90749
1626723837234 13.473991394042969 90799
1626723865135 13.688858032226562 90849
1626723895962 13.346052169799805 90899
1626723923905 13.006064414978027 90949
1626723952960 13.09760856628418 90999
1626723983284 13.206544876098633 91049
1626724014317 13.338794708251953 91099
1626724043920 13.38180923461914 91149
1626724071956 13.257546424865723 91199
1626724099980 13.14907455444336 91249
1626724127904 13.380400657653809 91299
1626724155792 13.332853317260742 91349
1626724184843 13.177846908569336 91399
1626724213594 13.659978866577148 91449
1626724244391 13.208221435546875 91499
1626724275683 13.005228996276855 91549
1626724303827 13.316437721252441 91599
1626724331967 13.275909423828125 91649
1626724365759 12.998644828796387 91699
1626724398458 13.152824401855469 91749
1626724427926 13.147716522216797 91799
1626724459877 12.917486190795898 91849
1626724491917 13.328756332397461 91899
1626724524142 13.862369537353516 91949
1626724556142 13.197750091552734 91999
1626724589037 13.163201332092285 92049
1626724620233 13.631889343261719 92099
1626724652009 13.124900817871094 92149
1626724685041 13.069713592529297 92199
1626724717453 13.76811408996582 92249
1626724748473 13.336585998535156 92299
1626724782061 13.114090919494629 92349
1626724813017 12.911798477172852 92399
1626724842037 13.406457901000977 92449
1626724873851 13.152019500732422 92499
1626724905488 13.34900951385498 92549
1626724936327 13.257993698120117 92599
1626724968596 13.45034122467041 92649
1626725000707 13.247786521911621 92699
1626725031164 13.284919738769531 92749
1626725059203 13.14773941040039 92799
1626725089226 13.243453025817871 92849
1626725122347 13.425891876220703 92899
1626725152413 13.083040237426758 92949
1626725184450 13.077195167541504 92999
1626725217991 13.409893035888672 93049
1626725251259 13.505162239074707 93099
1626725283640 12.952971458435059 93149
1626725318653 13.400505065917969 93199
1626725351787 13.335667610168457 93249
1626725384143 13.322853088378906 93299
1626725416708 13.234078407287598 93349
1626725448513 13.045015335083008 93399
1626725478909 13.34716796875 93449
1626725507015 13.08579158782959 93499
1626725535980 13.360880851745605 93549
1626725564376 13.543338775634766 93599
1626725593398 13.018836975097656 93649
1626725622244 13.166533470153809 93699
1626725655943 12.954856872558594 93749
1626725929191 12.954856872558594 29
