1626657342206 18.148191452026367 0
1626659757161 15.51620864868164 1
1626662189027 15.187338829040527 2
1626664633046 15.005729675292969 3
1626667059126 14.671090126037598 4
1626669499426 15.144577980041504 5
1626671930206 14.850188255310059 6
1626674298430 14.41698169708252 7
1626676666761 14.526613235473633 8
1626679045703 14.05561351776123 9
1626681407660 13.948907852172852 10
1626683766887 13.979291915893555 11
1626686127870 14.081399917602539 12
1626688501395 14.12263298034668 13
1626690850181 13.723593711853027 14
1626693167901 13.754438400268555 15
1626695579564 13.758203506469727 16
1626697984471 13.669095993041992 17
1626700356987 13.772102355957031 18
1626702767653 13.560197830200195 19
1626705177844 13.74104118347168 20
1626707615093 13.235057830810547 21
1626710022537 13.369586944580078 22
1626712366437 13.351333618164062 23
1626714711777 13.314363479614258 24
1626717035266 13.150562286376953 25
1626719302243 13.358757972717285 26
1626721534654 13.385564804077148 27
1626723732532 13.135519027709961 28
1626725929191 12.954856872558594 29
