1625152696169 0 49
1625152727011 0 99
1625152748748 0 149
1625152776334 0 199
1625152796815 0 249
1625152826384 0 299
1625152846949 0 349
1625152874869 0 399
1625152902101 0 449
1625152925230 0 499
1625152949623 0 549
1625152973763 0 599
1625153002188 0 649
1625153021184 0 699
1625153048435 0 749
1625153069418 0 799
1625153094758 0 849
1625153118675 0 899
1625153140492 0 949
1625153164595 0 999
1625153183954 0 1049
1625153211236 0 1099
1625153230591 0 1149
1625153257300 0 1199
1625153276706 0 1249
1625153298401 0 1299
1625153321174 0 1349
1625153341897 0 1399
1625153366974 0 1449
1625153385954 0 1499
1625153412034 0 1549
1625153433200 0 1599
1625153469499 0 1649
1625153496194 0 1699
1625153518627 0 1749
1625153540224 0 1799
1625153569032 0 1849
1625153596857 0 1899
1625153616249 0 1949
1625153646309 0 1999
1625153668095 0 2049
1625153697388 0 2099
1625153721161 0 2149
1625153751327 0 2199
1625153776654 0 2249
1625153807449 0 2299
1625153831363 0 2349
1625153857566 0 2399
1625153890608 0 2449
1625153913820 0 2499
1625153942501 0 2549
1625153961391 0 2599
1625153988197 0 2649
1625154011364 0 2699
1625154037730 0 2749
1625154064876 0 2799
1625154087060 0 2849
1625154131281 0 2899
1625154158500 0 2949
1625154215545 0 2999
1625154258327 0 3049
1625154307272 0 3099
1625154342308 0 3149
1625154372252 0 3199
1625154399197 0 3249
1625154421621 0 3299
1625154448273 0 3349
1625154471241 0 3399
1625154497316 0 3449
1625154519692 0 3499
1625154546209 0 3549
1625154573954 0 3599
1625154595491 0 3649
1625154621048 0 3699
1625154643011 0 3749
1625154669868 0 3799
1625154702662 0 3849
1625154728028 0 3899
1625154759023 0 3949
1625154781683 0 3999
1625154808767 0 4049
1625154833003 0 4099
1625154856958 0 4149
1625154888004 0 4199
1625154907271 0 4249
1625154937375 0 4299
1625154961520 0 4349
1625154990566 0 4399
1625155014322 0 4449
1625155045416 0 4499
1625155065263 0 4549
1625155091805 0 4599
1625155115731 0 4649
1625155143932 0 4699
1625155169155 0 4749
1625155194168 0 4799
1625155221648 0 4849
1625155244211 0 4899
1625155268242 0 4949
1625155294418 0 4999
1625155316687 0 5049
1625155346198 0 5099
1625155371730 0 5149
1625155406361 0 5199
1625155426602 0 5249
1625155455004 0 5299
1625155482654 0 5349
1625155530988 0 5399
1625155551950 0 5449
1625155565561 0 5499
1625155595748 0 5549
1625155614704 0 5599
1625155641824 0 5649
1625155659943 0 5699
1625155685127 0 5749
1625155712458 0 5799
1625155748916 0 5849
1625155796032 0 5899
1625155823310 0 5949
1625155863890 0 5999
1625155895279 0 6049
1625155939250 0 6099
1625155967160 0 6149
1625156008721 0 6199
1625156041845 0 6249
1625156043005 0 6249
1625156570024 0 6249
1625156609920 1 6299
1625156637786 1 6349
1625156656623 1 6399
1625156684467 1 6449
1625156702954 1 6499
1625156729695 1 6549
1625156748703 1 6599
1625156777353 1 6649
1625156804678 1 6699
1625156822280 1 6749
1625156850993 1 6799
1625156870017 1 6849
1625156897315 1 6899
1625156917822 1 6949
1625156943441 1 6999
1625156962758 1 7049
1625156993051 1 7099
1625157017713 1 7149
1625157051499 1 7199
1625157082240 1 7249
1625157111832 1 7299
1625157138006 1 7349
1625157166237 1 7399
1625157193397 1 7449
1625157225435 1 7499
1625157253513 1 7549
1625157284343 1 7599
1625157307398 1 7649
1625157344750 1 7699
1625157375774 1 7749
1625157425072 1 7799
1625157457491 1 7849
1625157501951 1 7899
1625157530839 1 7949
1625157549325 1 7999
1625157580676 1 8049
1625157615966 1 8099
1625157664639 1 8149
1625157691787 1 8199
1625157734112 1 8249
1625157775308 1 8299
1625157796633 1 8349
1625157826148 1 8399
1625157845286 1 8449
1625157872202 1 8499
1625157893669 1 8549
1625157920871 1 8599
1625157946355 1 8649
1625157969535 1 8699
1625157994424 1 8749
1625158018371 1 8799
1625158047028 1 8849
1625158068622 1 8899
1625158096868 1 8949
1625158121259 1 8999
1625158145133 1 9049
1625158168642 1 9099
1625158193220 1 9149
1625158219342 1 9199
1625158245892 1 9249
1625158267208 1 9299
1625158302926 1 9349
1625158324417 1 9399
1625158353377 1 9449
1625158379913 1 9499
1625158405552 1 9549
1625158434790 1 9599
1625158461419 1 9649
1625158495371 1 9699
1625158517548 1 9749
1625158543988 1 9799
1625158565420 1 9849
1625158598463 1 9899
1625158625400 1 9949
1625158670390 1 9999
1625158707344 1 10049
1625158737415 1 10099
1625158768657 1 10149
1625158791770 1 10199
1625158819818 1 10249
1625158849586 1 10299
1625158893557 1 10349
1625158924543 1 10399
1625158966732 1 10449
1625159014761 1 10499
1625159061363 1 10549
1625159107006 1 10599
1625159141782 1 10649
1625159174598 1 10699
1625159194190 1 10749
1625159225435 1 10799
1625159239587 1 10849
1625159251644 1 10899
1625159273703 1 10949
1625159309966 1 10999
1625159365845 1 11049
1625159412295 1 11099
1625159457459 1 11149
1625159485131 1 11199
1625159513223 1 11249
1625159534377 1 11299
1625159563070 1 11349
1625159581344 1 11399
1625159607610 1 11449
1625159630539 1 11499
1625159656780 1 11549
1625159681086 1 11599
1625159702702 1 11649
1625159728972 1 11699
1625159751037 1 11749
1625159774099 1 11799
1625159797816 1 11849
1625159824505 1 11899
1625159847529 1 11949
1625159869005 1 11999
1625159881667 1 12049
1625159901424 1 12099
1625159925599 1 12149
1625159948389 1 12199
1625159973029 1 12249
1625159998319 1 12299
1625160017871 1 12349
1625160046250 1 12399
1625160067177 1 12449
1625160092471 1 12499
1625160093908 1 12499
1625160821223 1 12499
1625160862609 2 12549
1625160889756 2 12599
1625160909853 2 12649
1625160937879 2 12699
1625160956017 2 12749
1625160983887 2 12799
1625161003197 2 12849
1625161051654 2 12899
1625161084244 2 12949
1625161127126 2 12999
1625161165760 2 13049
1625161186139 2 13099
1625161209708 2 13149
1625161230788 2 13199
1625161256511 2 13249
1625161282197 2 13299
1625161304026 2 13349
1625161327057 2 13399
1625161351117 2 13449
1625161376060 2 13499
1625161401244 2 13549
1625161427009 2 13599
1625161445692 2 13649
1625161471611 2 13699
1625161495341 2 13749
1625161519671 2 13799
1625161541594 2 13849
1625161568978 2 13899
1625161595120 2 13949
1625161618358 2 13999
1625161649735 2 14049
1625161672731 2 14099
1625161696187 2 14149
1625161721411 2 14199
1625161743021 2 14249
1625161770284 2 14299
1625161790861 2 14349
1625161821124 2 14399
1625161846471 2 14449
1625161874123 2 14499
1625161906663 2 14549
1625161929919 2 14599
1625161959140 2 14649
1625161981629 2 14699
1625162006544 2 14749
1625162031641 2 14799
1625162059689 2 14849
1625162087683 2 14899
1625162109735 2 14949
1625162140660 2 14999
1625162160903 2 15049
1625162190845 2 15099
1625162216442 2 15149
1625162271713 2 15199
1625162306071 2 15249
1625162355354 2 15299
1625162396290 2 15349
1625162419001 2 15399
1625162448932 2 15449
1625162468776 2 15499
1625162496255 2 15549
1625162517774 2 15599
1625162546054 2 15649
1625162573153 2 15699
1625162595439 2 15749
1625162623310 2 15799
1625162648175 2 15849
1625162671061 2 15899
1625162698317 2 15949
1625162738154 2 15999
1625162761385 2 16049
1625162790093 2 16099
1625162834571 2 16149
1625162866481 2 16199
1625162891687 2 16249
1625162912544 2 16299
1625162934746 2 16349
1625162954952 2 16399
1625162978493 2 16449
1625163002335 2 16499
1625163023542 2 16549
1625163046925 2 16599
1625163068290 2 16649
1625163090236 2 16699
1625163113729 2 16749
1625163134906 2 16799
1625163155687 2 16849
1625163181049 2 16899
1625163201458 2 16949
1625163222639 2 16999
1625163243144 2 17049
1625163270456 2 17099
1625163287391 2 17149
1625163299346 2 17199
1625163318717 2 17249
1625163345443 2 17299
1625163369974 2 17349
1625163395559 2 17399
1625163423865 2 17449
1625163448805 2 17499
1625163475240 2 17549
1625163501808 2 17599
1625163528009 2 17649
1625163554108 2 17699
1625163579533 2 17749
1625163608154 2 17799
1625163628784 2 17849
1625163658204 2 17899
1625163676987 2 17949
1625163701167 2 17999
1625163722115 2 18049
1625163750987 2 18099
1625163772953 2 18149
1625163799738 2 18199
1625163829999 2 18249
1625163858504 2 18299
1625163903127 2 18349
1625163933095 2 18399
1625163982630 2 18449
1625164013606 2 18499
1625164045809 2 18549
1625164072437 2 18599
1625164096005 2 18649
1625164124073 2 18699
1625164145274 2 18749
1625164146682 2 18749
1625164820925 2 18749
1625164863435 3 18799
1625164888981 3 18849
1625164909023 3 18899
1625164936471 3 18949
1625164955370 3 18999
1625164984355 3 19049
1625165002899 3 19099
1625165033846 3 19149
1625165061845 3 19199
1625165088689 3 19249
1625165116550 3 19299
1625165134613 3 19349
1625165163659 3 19399
1625165185050 3 19449
1625165212990 3 19499
1625165233613 3 19549
1625165257331 3 19599
1625165280510 3 19649
1625165303761 3 19699
1625165329778 3 19749
1625165350995 3 19799
1625165379598 3 19849
1625165399038 3 19899
1625165429268 3 19949
1625165449919 3 19999
1625165485591 3 20049
1625165521631 3 20099
1625165547512 3 20149
1625165584976 3 20199
1625165606013 3 20249
1625165640335 3 20299
1625165661998 3 20349
1625165692319 3 20399
1625165717141 3 20449
1625165747153 3 20499
1625165776074 3 20549
1625165797343 3 20599
1625165823028 3 20649
1625165841155 3 20699
1625165869775 3 20749
1625165887870 3 20799
1625165915536 3 20849
1625165948339 3 20899
1625165969817 3 20949
1625165998386 3 20999
1625166020887 3 21049
1625166048948 3 21099
1625166061364 3 21149
1625166078386 3 21199
1625166103233 3 21249
1625166140576 3 21299
1625166168929 3 21349
1625166207207 3 21399
1625166245641 3 21449
1625166265578 3 21499
1625166292955 3 21549
1625166312124 3 21599
1625166338702 3 21649
1625166359788 3 21699
1625166385637 3 21749
1625166403888 3 21799
1625166430542 3 21849
1625166454406 3 21899
1625166475007 3 21949
1625166502471 3 21999
1625166520593 3 22049
1625166546337 3 22099
1625166565583 3 22149
1625166591237 3 22199
1625166608665 3 22249
1625166620334 3 22299
1625166648678 3 22349
1625166672554 3 22399
1625166701120 3 22449
1625166723927 3 22499
1625166752667 3 22549
1625166779265 3 22599
1625166801396 3 22649
1625166828379 3 22699
1625166851096 3 22749
1625166877798 3 22799
1625166897818 3 22849
1625166924186 3 22899
1625166945032 3 22949
1625166970175 3 22999
1625166997637 3 23049
1625167017904 3 23099
1625167044734 3 23149
1625167066977 3 23199
1625167106546 3 23249
1625167135369 3 23299
1625167171201 3 23349
1625167209044 3 23399
1625167230065 3 23449
1625167258671 3 23499
1625167279406 3 23549
1625167308101 3 23599
1625167329723 3 23649
1625167360954 3 23699
1625167381814 3 23749
1625167413713 3 23799
1625167443489 3 23849
1625167463269 3 23899
1625167492355 3 23949
1625167513924 3 23999
1625167544247 3 24049
1625167564855 3 24099
1625167593070 3 24149
1625167621147 3 24199
1625167640645 3 24249
1625167671378 3 24299
1625167691433 3 24349
1625167720199 3 24399
1625167738682 3 24449
1625167767845 3 24499
1625167790097 3 24549
1625167836046 3 24599
1625167880501 3 24649
1625167905521 3 24699
1625167945705 3 24749
1625167968007 3 24799
1625167996288 3 24849
1625168013323 3 24899
1625168039744 3 24949
1625168061950 3 24999
1625168063404 3 24999
1625168687620 3 24999
1625168739027 4 25049
1625168772425 4 25099
1625168798279 4 25149
1625168834662 4 25199
1625168858478 4 25249
1625168886633 4 25299
1625168907550 4 25349
1625168935121 4 25399
1625168961039 4 25449
1625168982262 4 25499
1625169012685 4 25549
1625169036261 4 25599
1625169063778 4 25649
1625169086751 4 25699
1625169118327 4 25749
1625169141862 4 25799
1625169166161 4 25849
1625169190003 4 25899
1625169212417 4 25949
1625169237600 4 25999
1625169257267 4 26049
1625169285504 4 26099
1625169308791 4 26149
1625169334194 4 26199
1625169356888 4 26249
1625169371976 4 26299
1625169383416 4 26349
1625169408201 4 26399
1625169427220 4 26449
1625169453720 4 26499
1625169480246 4 26549
1625169513362 4 26599
1625169547582 4 26649
1625169583177 4 26699
1625169611404 4 26749
1625169649408 4 26799
1625169669544 4 26849
1625169692443 4 26899
1625169718647 4 26949
1625169735426 4 26999
1625169761131 4 27049
1625169778918 4 27099
1625169803507 4 27149
1625169823372 4 27199
1625169850960 4 27249
1625169881445 4 27299
1625169904480 4 27349
1625169932310 4 27399
1625169947250 4 27449
1625169971315 4 27499
1625169995549 4 27549
1625170022538 4 27599
1625170042032 4 27649
1625170066810 4 27699
1625170094534 4 27749
1625170115049 4 27799
1625170138036 4 27849
1625170158459 4 27899
1625170186894 4 27949
1625170207224 4 27999
1625170237363 4 28049
1625170263720 4 28099
1625170283712 4 28149
1625170316262 4 28199
1625170338846 4 28249
1625170375413 4 28299
1625170403436 4 28349
1625170442250 4 28399
1625170474083 4 28449
1625170503532 4 28499
1625170531861 4 28549
1625170556472 4 28599
1625170577837 4 28649
1625170603830 4 28699
1625170626403 4 28749
1625170653356 4 28799
1625170682654 4 28849
1625170711796 4 28899
1625170746114 4 28949
1625170771147 4 28999
1625170804330 4 29049
1625170823360 4 29099
1625170853917 4 29149
1625170876665 4 29199
1625170904435 4 29249
1625170932446 4 29299
1625170954194 4 29349
1625170983534 4 29399
1625171003382 4 29449
1625171032215 4 29499
1625171054335 4 29549
1625171085863 4 29599
1625171106869 4 29649
1625171134114 4 29699
1625171157590 4 29749
1625171190936 4 29799
1625171223409 4 29849
1625171264440 4 29899
1625171297793 4 29949
1625171335864 4 29999
1625171371091 4 30049
1625171395123 4 30099
1625171418727 4 30149
1625171448862 4 30199
1625171471990 4 30249
1625171502148 4 30299
1625171529758 4 30349
1625171564485 4 30399
1625171594216 4 30449
1625171619699 4 30499
1625171648209 4 30549
1625171669147 4 30599
1625171699553 4 30649
1625171719172 4 30699
1625171745656 4 30749
1625171767363 4 30799
1625171798187 4 30849
1625171824682 4 30899
1625171845101 4 30949
1625171871628 4 30999
1625171893085 4 31049
1625171920940 4 31099
1625171946468 4 31149
1625171986593 4 31199
1625172013059 4 31249
1625172014969 4 31249
1625172729087 4 31249
1625172767781 5 31299
1625172797450 5 31349
1625172817287 5 31399
1625172845089 5 31449
1625172866659 5 31499
1625172879047 5 31549
1625172898992 5 31599
1625172937780 5 31649
1625172968527 5 31699
1625173005404 5 31749
1625173034083 5 31799
1625173075331 5 31849
1625173101620 5 31899
1625173132186 5 31949
1625173161164 5 31999
1625173189865 5 32049
1625173213682 5 32099
1625173234546 5 32149
1625173260512 5 32199
1625173278721 5 32249
1625173304399 5 32299
1625173326020 5 32349
1625173348646 5 32399
1625173374239 5 32449
1625173393475 5 32499
1625173418912 5 32549
1625173438004 5 32599
1625173461688 5 32649
1625173477587 5 32699
1625173489618 5 32749
1625173512578 5 32799
1625173535540 5 32849
1625173565480 5 32899
1625173589176 5 32949
1625173623485 5 32999
1625173655724 5 33049
1625173687408 5 33099
1625173725531 5 33149
1625173751357 5 33199
1625173781372 5 33249
1625173807894 5 33299
1625173834491 5 33349
1625173856086 5 33399
1625173883570 5 33449
1625173904354 5 33499
1625173932707 5 33549
1625173960123 5 33599
1625173982490 5 33649
1625174012453 5 33699
1625174031700 5 33749
1625174062590 5 33799
1625174086236 5 33849
1625174125296 5 33899
1625174164898 5 33949
1625174187019 5 33999
1625174215759 5 34049
1625174235514 5 34099
1625174261827 5 34149
1625174282282 5 34199
1625174311940 5 34249
1625174336957 5 34299
1625174361429 5 34349
1625174388736 5 34399
1625174407040 5 34449
1625174438479 5 34499
1625174459072 5 34549
1625174490436 5 34599
1625174510441 5 34649
1625174540693 5 34699
1625174563200 5 34749
1625174591043 5 34799
1625174627441 5 34849
1625174656884 5 34899
1625174708707 5 34949
1625174739254 5 34999
1625174798886 5 35049
1625174821409 5 35099
1625174857403 5 35149
1625174886192 5 35199
1625174906899 5 35249
1625174932557 5 35299
1625174956108 5 35349
1625174981694 5 35399
1625175003548 5 35449
1625175027657 5 35499
1625175050102 5 35549
1625175076280 5 35599
1625175104549 5 35649
1625175127740 5 35699
1625175152913 5 35749
1625175176499 5 35799
1625175203188 5 35849
1625175230171 5 35899
1625175258316 5 35949
1625175296633 5 35999
1625175323629 5 36049
1625175360542 5 36099
1625175386748 5 36149
1625175416141 5 36199
1625175439132 5 36249
1625175468261 5 36299
1625175488533 5 36349
1625175515536 5 36399
1625175538252 5 36449
1625175565143 5 36499
1625175593226 5 36549
1625175614794 5 36599
1625175644698 5 36649
1625175665565 5 36699
1625175693751 5 36749
1625175714869 5 36799
1625175746830 5 36849
1625175777403 5 36899
1625175800898 5 36949
1625175830665 5 36999
1625175855656 5 37049
1625175885844 5 37099
1625175908154 5 37149
1625175936808 5 37199
1625175957143 5 37249
1625175983269 5 37299
1625176009888 5 37349
1625176030630 5 37399
1625176057654 5 37449
1625176081121 5 37499
1625176082545 5 37499
1625176735630 5 37499
1625176778146 6 37549
1625176806962 6 37599
1625176829149 6 37649
1625176861792 6 37699
1625176882590 6 37749
1625176900434 6 37799
1625176930116 6 37849
1625176974551 6 37899
1625177008009 6 37949
1625177037416 6 37999
1625177065874 6 38049
1625177089066 6 38099
1625177116058 6 38149
1625177135260 6 38199
1625177161990 6 38249
1625177181936 6 38299
1625177208153 6 38349
1625177230213 6 38399
1625177254440 6 38449
1625177277234 6 38499
1625177299758 6 38549
1625177327565 6 38599
1625177351075 6 38649
1625177380468 6 38699
1625177402161 6 38749
1625177433554 6 38799
1625177461628 6 38849
1625177506372 6 38899
1625177535314 6 38949
1625177570450 6 38999
1625177592419 6 39049
1625177618220 6 39099
1625177646588 6 39149
1625177670219 6 39199
1625177695992 6 39249
1625177714371 6 39299
1625177741283 6 39349
1625177763184 6 39399
1625177792328 6 39449
1625177819164 6 39499
1625177845318 6 39549
1625177871014 6 39599
1625177896069 6 39649
1625177922334 6 39699
1625177946297 6 39749
1625177977576 6 39799
1625178007599 6 39849
1625178042806 6 39899
1625178103940 6 39949
1625178138015 6 39999
1625178175560 6 40049
1625178214737 6 40099
1625178252939 6 40149
1625178278492 6 40199
1625178307199 6 40249
1625178327221 6 40299
1625178356744 6 40349
1625178382733 6 40399
1625178407229 6 40449
1625178443928 6 40499
1625178471483 6 40549
1625178510911 6 40599
1625178535255 6 40649
1625178573383 6 40699
1625178607852 6 40749
1625178646894 6 40799
1625178681058 6 40849
1625178712362 6 40899
1625178741846 6 40949
1625178762925 6 40999
1625178789859 6 41049
1625178811562 6 41099
1625178840314 6 41149
1625178860434 6 41199
1625178886982 6 41249
1625178914904 6 41299
1625178938064 6 41349
1625178962638 6 41399
1625178987289 6 41449
1625179015175 6 41499
1625179039063 6 41549
1625179067310 6 41599
1625179090572 6 41649
1625179130895 6 41699
1625179157109 6 41749
1625179194867 6 41799
1625179230055 6 41849
1625179251500 6 41899
1625179281494 6 41949
1625179303756 6 41999
1625179333752 6 42049
1625179353841 6 42099
1625179382118 6 42149
1625179401734 6 42199
1625179428761 6 42249
1625179457667 6 42299
1625179483291 6 42349
1625179519971 6 42399
1625179543292 6 42449
1625179572084 6 42499
1625179593206 6 42549
1625179626479 6 42599
1625179653663 6 42649
1625179694062 6 42699
1625179722048 6 42749
1625179758595 6 42799
1625179795538 6 42849
1625179817383 6 42899
1625179871419 6 42949
1625179905439 6 42999
1625179959129 6 43049
1625179993684 6 43099
1625180022592 6 43149
1625180054934 6 43199
1625180091521 6 43249
1625180130458 6 43299
1625180160870 6 43349
1625180198967 6 43399
1625180217639 6 43449
1625180245018 6 43499
1625180272369 6 43549
1625180315501 6 43599
1625180350316 6 43649
1625180372787 6 43699
1625180400292 6 43749
1625180402135 6 43749
1625181019330 6 43749
1625181062413 7 43799
1625181089406 7 43849
1625181111294 7 43899
1625181139880 7 43949
1625181158560 7 43999
1625181187441 7 44049
1625181208920 7 44099
1625181249830 7 44149
1625181283449 7 44199
1625181319649 7 44249
1625181362350 7 44299
1625181384998 7 44349
1625181411478 7 44399
1625181431045 7 44449
1625181459126 7 44499
1625181477676 7 44549
1625181515884 7 44599
1625181551224 7 44649
1625181591319 7 44699
1625181640056 7 44749
1625181676842 7 44799
1625181723346 7 44849
1625181754691 7 44899
1625181807599 7 44949
1625181828066 7 44999
1625181868117 7 45049
1625181908264 7 45099
1625181931761 7 45149
1625181975250 7 45199
1625181998222 7 45249
1625182026829 7 45299
1625182045519 7 45349
1625182073225 7 45399
1625182094816 7 45449
1625182123410 7 45499
1625182150027 7 45549
1625182173216 7 45599
1625182198810 7 45649
1625182218984 7 45699
1625182248423 7 45749
1625182267322 7 45799
1625182295297 7 45849
1625182325776 7 45899
1625182351010 7 45949
1625182378769 7 45999
1625182401154 7 46049
1625182429675 7 46099
1625182451272 7 46149
1625182482470 7 46199
1625182509580 7 46249
1625182549364 7 46299
1625182574960 7 46349
1625182614172 7 46399
1625182638770 7 46449
1625182670162 7 46499
1625182698713 7 46549
1625182718495 7 46599
1625182745456 7 46649
1625182765437 7 46699
1625182794911 7 46749
1625182815437 7 46799
1625182844113 7 46849
1625182869805 7 46899
1625182904931 7 46949
1625182953999 7 46999
1625182977949 7 47049
1625183012702 7 47099
1625183035987 7 47149
1625183061415 7 47199
1625183082671 7 47249
1625183110651 7 47299
1625183141373 7 47349
1625183163910 7 47399
1625183190605 7 47449
1625183220807 7 47499
1625183265059 7 47549
1625183317599 7 47599
1625183358875 7 47649
1625183415866 7 47699
1625183447468 7 47749
1625183493183 7 47799
1625183528763 7 47849
1625183557844 7 47899
1625183592072 7 47949
1625183620321 7 47999
1625183653478 7 48049
1625183673729 7 48099
1625183700770 7 48149
1625183730917 7 48199
1625183753719 7 48249
1625183783551 7 48299
1625183802981 7 48349
1625183834233 7 48399
1625183856005 7 48449
1625183885872 7 48499
1625183909725 7 48549
1625183938716 7 48599
1625183965019 7 48649
1625183990907 7 48699
1625184014082 7 48749
1625184028309 7 48799
1625184047290 7 48849
1625184068087 7 48899
1625184098189 7 48949
1625184119803 7 48999
1625184145488 7 49049
1625184166160 7 49099
1625184196725 7 49149
1625184237221 7 49199
1625184261157 7 49249
1625184299673 7 49299
1625184324709 7 49349
1625184355945 7 49399
1625184378251 7 49449
1625184403213 7 49499
1625184424262 7 49549
1625184453480 7 49599
1625184489530 7 49649
1625184517073 7 49699
1625184559234 7 49749
1625184586587 7 49799
1625184628180 7 49849
1625184650414 7 49899
1625184671746 7 49949
1625184689872 7 49999
1625184691196 7 49999
1625185485279 7 49999
1625185528338 8 50049
1625185554989 8 50099
1625185579379 8 50149
1625185607325 8 50199
1625185626512 8 50249
1625185652493 8 50299
1625185675384 8 50349
1625185702938 8 50399
1625185724701 8 50449
1625185749261 8 50499
1625185773202 8 50549
1625185797088 8 50599
1625185819074 8 50649
1625185845465 8 50699
1625185873213 8 50749
1625185897234 8 50799
1625185936594 8 50849
1625185964290 8 50899
1625185989953 8 50949
1625186020908 8 50999
1625186043919 8 51049
1625186071183 8 51099
1625186095937 8 51149
1625186129407 8 51199
1625186157332 8 51249
1625186188918 8 51299
1625186219403 8 51349
1625186248628 8 51399
1625186270958 8 51449
1625186299388 8 51499
1625186322702 8 51549
1625186348727 8 51599
1625186377159 8 51649
1625186402400 8 51699
1625186428839 8 51749
1625186452377 8 51799
1625186477974 8 51849
1625186502103 8 51899
1625186527836 8 51949
1625186548713 8 51999
1625186576471 8 52049
1625186613074 8 52099
1625186639450 8 52149
1625186677175 8 52199
1625186722403 8 52249
1625186788952 8 52299
1625186834089 8 52349
1625186891136 8 52399
1625186923276 8 52449
1625186949934 8 52499
1625186976102 8 52549
1625186998114 8 52599
1625187024354 8 52649
1625187047759 8 52699
1625187076520 8 52749
1625187097653 8 52799
1625187127366 8 52849
1625187150851 8 52899
1625187173655 8 52949
1625187205767 8 52999
1625187230841 8 53049
1625187259551 8 53099
1625187280338 8 53149
1625187307806 8 53199
1625187326416 8 53249
1625187355566 8 53299
1625187382603 8 53349
1625187406394 8 53399
1625187431671 8 53449
1625187456977 8 53499
1625187484544 8 53549
1625187506815 8 53599
1625187531917 8 53649
1625187553805 8 53699
1625187582014 8 53749
1625187617487 8 53799
1625187647226 8 53849
1625187676860 8 53899
1625187708880 8 53949
1625187747761 8 53999
1625187772548 8 54049
1625187794211 8 54099
1625187816317 8 54149
1625187855733 8 54199
1625187879671 8 54249
1625187906192 8 54299
1625187929221 8 54349
1625187951598 8 54399
1625187978315 8 54449
1625187999906 8 54499
1625188026926 8 54549
1625188046349 8 54599
1625188073510 8 54649
1625188094761 8 54699
1625188121139 8 54749
1625188149013 8 54799
1625188168292 8 54849
1625188197120 8 54899
1625188214947 8 54949
1625188248003 8 54999
1625188276055 8 55049
1625188315703 8 55099
1625188353059 8 55149
1625188374497 8 55199
1625188405748 8 55249
1625188442563 8 55299
1625188498079 8 55349
1625188565709 8 55399
1625188618287 8 55449
1625188644947 8 55499
1625188674083 8 55549
1625188700335 8 55599
1625188734976 8 55649
1625188760408 8 55699
1625188787768 8 55749
1625188816514 8 55799
1625188848032 8 55849
1625188873893 8 55899
1625188900941 8 55949
1625188928720 8 55999
1625188957967 8 56049
1625188982951 8 56099
1625189009689 8 56149
1625189041398 8 56199
1625189069188 8 56249
1625189070734 8 56249
1625189936606 8 56249
1625189995169 9 56299
1625190041944 9 56349
1625190079162 9 56399
1625190121397 9 56449
1625190174956 9 56499
1625190254199 9 56549
1625190290695 9 56599
1625190355202 9 56649
1625190392912 9 56699
1625190415706 9 56749
1625190446852 9 56799
1625190472738 9 56849
1625190497074 9 56899
1625190521281 9 56949
1625190555103 9 56999
1625190579021 9 57049
1625190607518 9 57099
1625190638365 9 57149
1625190659101 9 57199
1625190688525 9 57249
1625190715578 9 57299
1625190746940 9 57349
1625190767922 9 57399
1625190796851 9 57449
1625190817117 9 57499
1625190847545 9 57549
1625190874639 9 57599
1625190903058 9 57649
1625190934853 9 57699
1625190959108 9 57749
1625191020954 9 57799
1625191074061 9 57849
1625191129223 9 57899
1625191174088 9 57949
1625191201024 9 57999
1625191232954 9 58049
1625191258128 9 58099
1625191290687 9 58149
1625191316957 9 58199
1625191347115 9 58249
1625191378837 9 58299
1625191409141 9 58349
1625191443211 9 58399
1625191477767 9 58449
1625191530666 9 58499
1625191567225 9 58549
1625191631808 9 58599
1625191651624 9 58649
1625191693198 9 58699
1625191724411 9 58749
1625191771257 9 58799
1625191817589 9 58849
1625191850465 9 58899
1625191909405 9 58949
1625191968711 9 58999
1625192070517 9 59049
1625192107524 9 59099
1625192143984 9 59149
1625192174505 9 59199
1625192201744 9 59249
1625192240511 9 59299
1625192268381 9 59349
1625192300416 9 59399
1625192325425 9 59449
1625192361670 9 59499
1625192376627 9 59549
1625192400650 9 59599
1625192429953 9 59649
1625192454446 9 59699
1625192482534 9 59749
1625192510538 9 59799
1625192541070 9 59849
1625192571544 9 59899
1625192600522 9 59949
1625192632597 9 59999
1625192684774 9 60049
1625192715226 9 60099
1625192793257 9 60149
1625192829661 9 60199
1625192882989 9 60249
1625192914195 9 60299
1625192936568 9 60349
1625192963522 9 60399
1625192990121 9 60449
1625193021166 9 60499
1625193042999 9 60549
1625193073906 9 60599
1625193119350 9 60649
1625193165119 9 60699
1625193204000 9 60749
1625193233468 9 60799
1625193271031 9 60849
1625193315986 9 60899
1625193374753 9 60949
1625193403089 9 60999
1625193460943 9 61049
1625193484918 9 61099
1625193513815 9 61149
1625193537190 9 61199
1625193577592 9 61249
1625193625444 9 61299
1625193665817 9 61349
1625193727270 9 61399
1625193785016 9 61449
1625193842709 9 61499
1625193870092 9 61549
1625193900351 9 61599
1625193928061 9 61649
1625193957221 9 61699
1625193987249 9 61749
1625194020901 9 61799
1625194047080 9 61849
1625194080343 9 61899
1625194104457 9 61949
1625194133355 9 61999
1625194161763 9 62049
1625194191783 9 62099
1625194219685 9 62149
1625194244332 9 62199
1625194281745 9 62249
1625194332463 9 62299
1625194394703 9 62349
1625194466297 9 62399
1625194501212 9 62449
1625194537242 9 62499
1625194538565 9 62499
1625195607238 9 62499
1625195651037 10 62549
1625195683416 10 62599
1625195704460 10 62649
1625195737533 10 62699
1625195761898 10 62749
1625195797486 10 62799
1625195820481 10 62849
1625195851574 10 62899
1625195875590 10 62949
1625195910922 10 62999
1625195954735 10 63049
1625195988111 10 63099
1625196036348 10 63149
1625196060357 10 63199
1625196093223 10 63249
1625196113484 10 63299
1625196145357 10 63349
1625196181747 10 63399
1625196228661 10 63449
1625196280559 10 63499
1625196310855 10 63549
1625196341171 10 63599
1625196373107 10 63649
1625196419216 10 63699
1625196448938 10 63749
1625196493803 10 63799
1625196531476 10 63849
1625196568650 10 63899
1625196620961 10 63949
1625196664777 10 63999
1625196703209 10 64049
1625196729147 10 64099
1625196758890 10 64149
1625196783623 10 64199
1625196813643 10 64249
1625196839950 10 64299
1625196870704 10 64349
1625196904354 10 64399
1625196927245 10 64449
1625196957769 10 64499
1625196979150 10 64549
1625197017109 10 64599
1625197039304 10 64649
1625197081807 10 64699
1625197129374 10 64749
1625197186747 10 64799
1625197250042 10 64849
1625197283309 10 64899
1625197317676 10 64949
1625197342531 10 64999
1625197372044 10 65049
1625197391195 10 65099
1625197409881 10 65149
1625197438708 10 65199
1625197467297 10 65249
1625197494395 10 65299
1625197538655 10 65349
1625197573579 10 65399
1625197620429 10 65449
1625197662187 10 65499
1625197682843 10 65549
1625197713098 10 65599
1625197739842 10 65649
1625197769975 10 65699
1625197789538 10 65749
1625197819406 10 65799
1625197854381 10 65849
1625197887985 10 65899
1625197939100 10 65949
1625197976917 10 65999
1625198032282 10 66049
1625198083842 10 66099
1625198117280 10 66149
1625198147624 10 66199
1625198179397 10 66249
1625198211430 10 66299
1625198231074 10 66349
1625198264686 10 66399
1625198296572 10 66449
1625198321819 10 66499
1625198350486 10 66549
1625198373616 10 66599
1625198403421 10 66649
1625198423537 10 66699
1625198454625 10 66749
1625198482943 10 66799
1625198502520 10 66849
1625198534016 10 66899
1625198553709 10 66949
1625198581796 10 66999
1625198601713 10 67049
1625198628924 10 67099
1625198655630 10 67149
1625198678948 10 67199
1625198703423 10 67249
1625198726982 10 67299
1625198756315 10 67349
1625198778999 10 67399
1625198813167 10 67449
1625198842096 10 67499
1625198885939 10 67549
1625198924854 10 67599
1625198955080 10 67649
1625198987669 10 67699
1625199008077 10 67749
1625199039743 10 67799
1625199060189 10 67849
1625199088630 10 67899
1625199118585 10 67949
1625199144042 10 67999
1625199179203 10 68049
1625199204269 10 68099
1625199236295 10 68149
1625199259307 10 68199
1625199289753 10 68249
1625199308405 10 68299
1625199338222 10 68349
1625199364795 10 68399
1625199388521 10 68449
1625199416433 10 68499
1625199437632 10 68549
1625199465017 10 68599
1625199486738 10 68649
1625199515081 10 68699
1625199534455 10 68749
1625199535779 10 68749
1625200263022 10 68749
1625200307160 11 68799
1625200332231 11 68849
1625200351032 11 68899
1625200378793 11 68949
1625200397652 11 68999
1625200426299 11 69049
1625200445933 11 69099
1625200482260 11 69149
1625200509353 11 69199
1625200539485 11 69249
1625200585202 11 69299
1625200618690 11 69349
1625200655175 11 69399
1625200678758 11 69449
1625200707993 11 69499
1625200727508 11 69549
1625200757866 11 69599
1625200790813 11 69649
1625200811887 11 69699
1625200844802 11 69749
1625200867531 11 69799
1625200898244 11 69849
1625200919228 11 69899
1625200947570 11 69949
1625200968751 11 69999
1625200994122 11 70049
1625201023427 11 70099
1625201042942 11 70149
1625201071306 11 70199
1625201092221 11 70249
1625201125625 11 70299
1625201145320 11 70349
1625201158518 11 70399
1625201175305 11 70449
1625201198918 11 70499
1625201226078 11 70549
1625201258465 11 70599
1625201294989 11 70649
1625201341511 11 70699
1625201376845 11 70749
1625201412805 11 70799
1625201444410 11 70849
1625201469820 11 70899
1625201499777 11 70949
1625201521626 11 70999
1625201546790 11 71049
1625201563840 11 71099
1625201588960 11 71149
1625201608471 11 71199
1625201634376 11 71249
1625201658383 11 71299
1625201678823 11 71349
1625201702182 11 71399
1625201723791 11 71449
1625201744546 11 71499
1625201760666 11 71549
1625201777107 11 71599
1625201797785 11 71649
1625201826513 11 71699
1625201845920 11 71749
1625201874344 11 71799
1625201896745 11 71849
1625201924254 11 71899
1625201947520 11 71949
1625201970780 11 71999
1625201993557 11 72049
1625202017713 11 72099
1625202041052 11 72149
1625202069155 11 72199
1625202092399 11 72249
1625202117626 11 72299
1625202145241 11 72349
1625202170326 11 72399
1625202198764 11 72449
1625202229382 11 72499
1625202268616 11 72549
1625202294519 11 72599
1625202324931 11 72649
1625202354326 11 72699
1625202376209 11 72749
1625202408534 11 72799
1625202435467 11 72849
1625202461670 11 72899
1625202491337 11 72949
1625202513051 11 72999
1625202539313 11 73049
1625202564622 11 73099
1625202587340 11 73149
1625202614473 11 73199
1625202635236 11 73249
1625202661289 11 73299
1625202683937 11 73349
1625202712553 11 73399
1625202735293 11 73449
1625202764553 11 73499
1625202786654 11 73549
1625202811482 11 73599
1625202837018 11 73649
1625202863765 11 73699
1625202893571 11 73749
1625202913472 11 73799
1625202943211 11 73849
1625202966235 11 73899
1625202994246 11 73949
1625203020235 11 73999
1625203046166 11 74049
1625203071399 11 74099
1625203099661 11 74149
1625203130631 11 74199
1625203152504 11 74249
1625203182607 11 74299
1625203206999 11 74349
1625203232208 11 74399
1625203258665 11 74449
1625203281671 11 74499
1625203309327 11 74549
1625203342044 11 74599
1625203361418 11 74649
1625203394110 11 74699
1625203420868 11 74749
1625203443599 11 74799
1625203472386 11 74849
1625203494024 11 74899
1625203521647 11 74949
1625203545307 11 74999
1625203548682 11 74999
1625204196755 11 74999
1625204238992 12 75049
1625204266823 12 75099
1625204286197 12 75149
1625204316606 12 75199
1625204338208 12 75249
1625204369907 12 75299
1625204392228 12 75349
1625204418930 12 75399
1625204431022 12 75449
1625204447659 12 75499
1625204471979 12 75549
1625204491654 12 75599
1625204511563 12 75649
1625204534371 12 75699
1625204557032 12 75749
1625204577248 12 75799
1625204599036 12 75849
1625204620768 12 75899
1625204642733 12 75949
1625204665704 12 75999
1625204686272 12 76049
1625204711186 12 76099
1625204729885 12 76149
1625204755494 12 76199
1625204774232 12 76249
1625204798853 12 76299
1625204823593 12 76349
1625204840173 12 76399
1625204862145 12 76449
1625204882354 12 76499
1625204903730 12 76549
1625204919131 12 76599
1625204938518 12 76649
1625204961920 12 76699
1625204988357 12 76749
1625205014823 12 76799
1625205040657 12 76849
1625205067913 12 76899
1625205093569 12 76949
1625205117115 12 76999
1625205143018 12 77049
1625205169533 12 77099
1625205196095 12 77149
1625205223694 12 77199
1625205248554 12 77249
1625205283249 12 77299
1625205303685 12 77349
1625205331320 12 77399
1625205357103 12 77449
1625205380010 12 77499
1625205404603 12 77549
1625205435413 12 77599
1625205458331 12 77649
1625205479893 12 77699
1625205508824 12 77749
1625205529729 12 77799
1625205556970 12 77849
1625205578345 12 77899
1625205609484 12 77949
1625205631527 12 77999
1625205662565 12 78049
1625205688952 12 78099
1625205718729 12 78149
1625205746684 12 78199
1625205767397 12 78249
1625205797730 12 78299
1625205820294 12 78349
1625205851543 12 78399
1625205880323 12 78449
1625205902450 12 78499
1625205933442 12 78549
1625205955653 12 78599
1625205986133 12 78649
1625206008897 12 78699
1625206041353 12 78749
1625206061004 12 78799
1625206088684 12 78849
1625206117353 12 78899
1625206142455 12 78949
1625206170078 12 78999
1625206193959 12 79049
1625206228381 12 79099
1625206247699 12 79149
1625206280364 12 79199
1625206307737 12 79249
1625206333306 12 79299
1625206365354 12 79349
1625206387671 12 79399
1625206420127 12 79449
1625206440850 12 79499
1625206473654 12 79549
1625206493392 12 79599
1625206521266 12 79649
1625206548334 12 79699
1625206569656 12 79749
1625206602165 12 79799
1625206623730 12 79849
1625206652828 12 79899
1625206672100 12 79949
1625206705514 12 79999
1625206729506 12 80049
1625206760196 12 80099
1625206795358 12 80149
1625206819413 12 80199
1625206849616 12 80249
1625206868892 12 80299
1625206905621 12 80349
1625206929364 12 80399
1625206959842 12 80449
1625206995082 12 80499
1625207015916 12 80549
1625207049823 12 80599
1625207071003 12 80649
1625207102434 12 80699
1625207125447 12 80749
1625207156446 12 80799
1625207178672 12 80849
1625207210599 12 80899
1625207241380 12 80949
1625207263121 12 80999
1625207295166 12 81049
1625207316471 12 81099
1625207347871 12 81149
1625207368989 12 81199
1625207391484 12 81249
1625207393262 12 81249
1625207957694 12 81249
1625207997234 13 81299
1625208023110 13 81349
1625208042372 13 81399
1625208066373 13 81449
1625208084474 13 81499
1625208108878 13 81549
1625208124611 13 81599
1625208135448 13 81649
1625208159930 13 81699
1625208179468 13 81749
1625208206545 13 81799
1625208232987 13 81849
1625208253784 13 81899
1625208281742 13 81949
1625208300053 13 81999
1625208329681 13 82049
1625208349459 13 82099
1625208377175 13 82149
1625208396151 13 82199
1625208423521 13 82249
1625208447240 13 82299
1625208468875 13 82349
1625208494490 13 82399
1625208512848 13 82449
1625208540726 13 82499
1625208563083 13 82549
1625208585908 13 82599
1625208610968 13 82649
1625208630685 13 82699
1625208656298 13 82749
1625208677259 13 82799
1625208707521 13 82849
1625208730914 13 82899
1625208757750 13 82949
1625208783255 13 82999
1625208811194 13 83049
1625208839907 13 83099
1625208861349 13 83149
1625208893288 13 83199
1625208919735 13 83249
1625208946379 13 83299
1625208974304 13 83349
1625209001440 13 83399
1625209029383 13 83449
1625209054738 13 83499
1625209084647 13 83549
1625209106575 13 83599
1625209136043 13 83649
1625209161352 13 83699
1625209192363 13 83749
1625209217055 13 83799
1625209245299 13 83849
1625209265755 13 83899
1625209294066 13 83949
1625209327255 13 83999
1625209349494 13 84049
1625209377010 13 84099
1625209398789 13 84149
1625209432093 13 84199
1625209453876 13 84249
1625209482688 13 84299
1625209514692 13 84349
1625209539108 13 84399
1625209571964 13 84449
1625209594345 13 84499
1625209625999 13 84549
1625209648227 13 84599
1625209681729 13 84649
1625209705966 13 84699
1625209735100 13 84749
1625209760735 13 84799
1625209789692 13 84849
1625209821227 13 84899
1625209842188 13 84949
1625209877026 13 84999
1625209899484 13 85049
1625209934361 13 85099
1625209960423 13 85149
1625209986080 13 85199
1625210017110 13 85249
1625210038259 13 85299
1625210070694 13 85349
1625210093320 13 85399
1625210126046 13 85449
1625210149210 13 85499
1625210179969 13 85549
1625210205954 13 85599
1625210235904 13 85649
1625210268468 13 85699
1625210293058 13 85749
1625210322865 13 85799
1625210343993 13 85849
1625210373996 13 85899
1625210395866 13 85949
1625210424478 13 85999
1625210458725 13 86049
1625210482957 13 86099
1625210514231 13 86149
1625210533587 13 86199
1625210569511 13 86249
1625210588170 13 86299
1625210615406 13 86349
1625210636253 13 86399
1625210667085 13 86449
1625210697706 13 86499
1625210717577 13 86549
1625210745735 13 86599
1625210772901 13 86649
1625210797546 13 86699
1625210828463 13 86749
1625210851978 13 86799
1625210881946 13 86849
1625210902911 13 86899
1625210931997 13 86949
1625210960232 13 86999
1625210984215 13 87049
1625211012198 13 87099
1625211035583 13 87149
1625211048835 13 87199
1625211064345 13 87249
1625211082837 13 87299
1625211108985 13 87349
1625211127920 13 87399
1625211151681 13 87449
1625211178228 13 87499
1625211180101 13 87499
1625211687034 13 87499
1625211726812 14 87549
1625211756376 14 87599
1625211775086 14 87649
1625211801105 14 87699
1625211821392 14 87749
1625211849595 14 87799
1625211871597 14 87849
1625211895748 14 87899
1625211923538 14 87949
1625211942783 14 87999
1625211970617 14 88049
1625211992178 14 88099
1625212019743 14 88149
1625212045208 14 88199
1625212073693 14 88249
1625212100875 14 88299
1625212121911 14 88349
1625212150215 14 88399
1625212170755 14 88449
1625212199170 14 88499
1625212218249 14 88549
1625212245945 14 88599
1625212267481 14 88649
1625212297621 14 88699
1625212328493 14 88749
1625212348132 14 88799
1625212376082 14 88849
1625212399399 14 88899
1625212429137 14 88949
1625212453821 14 88999
1625212486202 14 89049
1625212511924 14 89099
1625212542577 14 89149
1625212564357 14 89199
1625212589916 14 89249
1625212612226 14 89299
1625212637968 14 89349
1625212662861 14 89399
1625212685922 14 89449
1625212710758 14 89499
1625212738505 14 89549
1625212765168 14 89599
1625212789649 14 89649
1625212814480 14 89699
1625212843233 14 89749
1625212865107 14 89799
1625212895339 14 89849
1625212924048 14 89899
1625212948472 14 89949
1625212976542 14 89999
1625213005014 14 90049
1625213025845 14 90099
1625213055735 14 90149
1625213081611 14 90199
1625213105236 14 90249
1625213131429 14 90299
1625213158983 14 90349
1625213186120 14 90399
1625213210095 14 90449
1625213237739 14 90499
1625213269736 14 90549
1625213291457 14 90599
1625213323409 14 90649
1625213346726 14 90699
1625213377026 14 90749
1625213400069 14 90799
1625213429426 14 90849
1625213449931 14 90899
1625213478120 14 90949
1625213512660 14 90999
1625213535053 14 91049
1625213565350 14 91099
1625213585607 14 91149
1625213614916 14 91199
1625213637134 14 91249
1625213671736 14 91299
1625213700595 14 91349
1625213720893 14 91399
1625213748516 14 91449
1625213773761 14 91499
1625213801539 14 91549
1625213822446 14 91599
1625213853303 14 91649
1625213874161 14 91699
1625213903700 14 91749
1625213930502 14 91799
1625213953514 14 91849
1625213984341 14 91899
1625214005360 14 91949
1625214037011 14 91999
1625214060506 14 92049
1625214091403 14 92099
1625214122057 14 92149
1625214140324 14 92199
1625214153010 14 92249
1625214166721 14 92299
1625214189334 14 92349
1625214215198 14 92399
1625214234125 14 92449
1625214256657 14 92499
1625214278881 14 92549
1625214301180 14 92599
1625214322962 14 92649
1625214347742 14 92699
1625214368002 14 92749
1625214391935 14 92799
1625214410811 14 92849
1625214435594 14 92899
1625214453441 14 92949
1625214476721 14 92999
1625214499728 14 93049
1625214519363 14 93099
1625214543909 14 93149
1625214566720 14 93199
1625214589945 14 93249
1625214612730 14 93299
1625214637047 14 93349
1625214649299 14 93399
1625214665601 14 93449
1625214685637 14 93499
1625214718380 14 93549
1625214746251 14 93599
1625214767966 14 93649
1625214796203 14 93699
1625214818263 14 93749
1625214819598 14 93749
1625215404478 14 93749
1625215450675 15 93799
1625215479511 15 93849
1625215498498 15 93899
1625215524923 15 93949
1625215546861 15 93999
1625215575282 15 94049
1625215594703 15 94099
1625215622757 15 94149
1625215643869 15 94199
1625215670252 15 94249
1625215693102 15 94299
1625215721512 15 94349
1625215746828 15 94399
1625215767878 15 94449
1625215790877 15 94499
1625215815199 15 94549
1625215843393 15 94599
1625215861606 15 94649
1625215890376 15 94699
1625215913464 15 94749
1625215937324 15 94799
1625215958566 15 94849
1625215984809 15 94899
1625216007681 15 94949
1625216035894 15 94999
1625216060674 15 95049
1625216085478 15 95099
1625216115533 15 95149
1625216138361 15 95199
1625216168552 15 95249
1625216189733 15 95299
1625216218796 15 95349
1625216240000 15 95399
1625216269633 15 95449
1625216296747 15 95499
1625216319707 15 95549
1625216349501 15 95599
1625216372097 15 95649
1625216403413 15 95699
1625216426135 15 95749
1625216458084 15 95799
1625216480335 15 95849
1625216510388 15 95899
1625216541827 15 95949
1625216562941 15 95999
1625216591027 15 96049
1625216613587 15 96099
1625216642759 15 96149
1625216664387 15 96199
1625216698901 15 96249
1625216730266 15 96299
1625216755977 15 96349
1625216789484 15 96399
1625216809817 15 96449
1625216839287 15 96499
1625216859983 15 96549
1625216889756 15 96599
1625216912799 15 96649
1625216946026 15 96699
1625216977213 15 96749
1625216999485 15 96799
1625217027594 15 96849
1625217050416 15 96899
1625217072583 15 96949
1625217100940 15 96999
1625217127767 15 97049
1625217155356 15 97099
1625217181831 15 97149
1625217211702 15 97199
1625217234176 15 97249
1625217262032 15 97299
1625217275171 15 97349
1625217286382 15 97399
1625217306023 15 97449
1625217330498 15 97499
1625217350577 15 97549
1625217373852 15 97599
1625217398369 15 97649
1625217417762 15 97699
1625217441164 15 97749
1625217457962 15 97799
1625217483889 15 97849
1625217502751 15 97899
1625217526442 15 97949
1625217544604 15 97999
1625217568673 15 98049
1625217593593 15 98099
1625217612880 15 98149
1625217637893 15 98199
1625217656490 15 98249
1625217682257 15 98299
1625217699967 15 98349
1625217725709 15 98399
1625217747720 15 98449
1625217770525 15 98499
1625217790911 15 98549
1625217804217 15 98599
1625217821561 15 98649
1625217843273 15 98699
1625217870575 15 98749
1625217896721 15 98799
1625217919168 15 98849
1625217942101 15 98899
1625217970275 15 98949
1625217991103 15 98999
1625218018968 15 99049
1625218046386 15 99099
1625218068130 15 99149
1625218096662 15 99199
1625218118583 15 99249
1625218145958 15 99299
1625218165423 15 99349
1625218192300 15 99399
1625218220095 15 99449
1625218239427 15 99499
1625218268691 15 99549
1625218294761 15 99599
1625218317056 15 99649
1625218341749 15 99699
1625218367017 15 99749
1625218390869 15 99799
1625218415852 15 99849
1625218440742 15 99899
1625218465439 15 99949
1625218491610 15 99999
1625218492810 15 99999
1625219124497 15 99999
1625219163474 16 100049
1625219191529 16 100099
1625219210504 16 100149
1625219239984 16 100199
1625219260638 16 100249
1625219288653 16 100299
1625219308235 16 100349
1625219336467 16 100399
1625219367426 16 100449
1625219384167 16 100499
1625219412106 16 100549
1625219433317 16 100599
1625219462563 16 100649
1625219484035 16 100699
1625219511409 16 100749
1625219530210 16 100799
1625219557257 16 100849
1625219586573 16 100899
1625219609537 16 100949
1625219640399 16 100999
1625219660124 16 101049
1625219686308 16 101099
1625219708117 16 101149
1625219735863 16 101199
1625219764148 16 101249
1625219786164 16 101299
1625219815848 16 101349
1625219837040 16 101399
1625219863893 16 101449
1625219885596 16 101499
1625219914014 16 101549
1625219933394 16 101599
1625219963245 16 101649
1625219989301 16 101699
1625220015042 16 101749
1625220039504 16 101799
1625220063685 16 101849
1625220092424 16 101899
1625220117298 16 101949
1625220144818 16 101999
1625220167591 16 102049
1625220197960 16 102099
1625220224143 16 102149
1625220248596 16 102199
1625220275145 16 102249
1625220302247 16 102299
1625220329754 16 102349
1625220356155 16 102399
1625220380460 16 102449
1625220392552 16 102499
1625220409235 16 102549
1625220433735 16 102599
1625220452070 16 102649
1625220477207 16 102699
1625220495522 16 102749
1625220521319 16 102799
1625220545010 16 102849
1625220565843 16 102899
1625220590322 16 102949
1625220609211 16 102999
1625220632252 16 103049
1625220652221 16 103099
1625220675707 16 103149
1625220694551 16 103199
1625220719206 16 103249
1625220740758 16 103299
1625220762370 16 103349
1625220784008 16 103399
1625220805719 16 103449
1625220828823 16 103499
1625220850272 16 103549
1625220871979 16 103599
1625220885134 16 103649
1625220903072 16 103699
1625220926935 16 103749
1625220955408 16 103799
1625220982703 16 103849
1625221005096 16 103899
1625221030280 16 103949
1625221055136 16 103999
1625221083475 16 104049
1625221101972 16 104099
1625221131958 16 104149
1625221157141 16 104199
1625221185127 16 104249
1625221211136 16 104299
1625221234771 16 104349
1625221262779 16 104399
1625221283260 16 104449
1625221314452 16 104499
1625221338376 16 104549
1625221365165 16 104599
1625221389914 16 104649
1625221418163 16 104699
1625221438491 16 104749
1625221467407 16 104799
1625221492853 16 104849
1625221520234 16 104899
1625221541327 16 104949
1625221570061 16 104999
1625221594697 16 105049
1625221623509 16 105099
1625221651852 16 105149
1625221672426 16 105199
1625221701287 16 105249
1625221729664 16 105299
1625221751358 16 105349
1625221778840 16 105399
1625221801674 16 105449
1625221830476 16 105499
1625221849637 16 105549
1625221878869 16 105599
1625221899955 16 105649
1625221930306 16 105699
1625221958663 16 105749
1625221983844 16 105799
1625222008900 16 105849
1625222031828 16 105899
1625222063814 16 105949
1625222086485 16 105999
1625222115781 16 106049
1625222140038 16 106099
1625222167155 16 106149
1625222192874 16 106199
1625222219103 16 106249
1625222221041 16 106249
1625222847404 16 106249
1625222886714 17 106299
1625222915276 17 106349
1625222935321 17 106399
1625222964883 17 106449
1625222984730 17 106499
1625223012636 17 106549
1625223033841 17 106599
1625223060101 17 106649
1625223090227 17 106699
1625223107988 17 106749
1625223136890 17 106799
1625223157191 17 106849
1625223186009 17 106899
1625223207813 17 106949
1625223231167 17 106999
1625223258565 17 107049
1625223280264 17 107099
1625223314739 17 107149
1625223336577 17 107199
1625223367225 17 107249
1625223385542 17 107299
1625223413269 17 107349
1625223434493 17 107399
1625223462955 17 107449
1625223486873 17 107499
1625223501235 17 107549
1625223512288 17 107599
1625223534734 17 107649
1625223553053 17 107699
1625223578811 17 107749
1625223596900 17 107799
1625223622443 17 107849
1625223639849 17 107899
1625223664108 17 107949
1625223686969 17 107999
1625223709866 17 108049
1625223733899 17 108099
1625223750947 17 108149
1625223773857 17 108199
1625223794022 17 108249
1625223818167 17 108299
1625223837865 17 108349
1625223860826 17 108399
1625223887782 17 108449
1625223907178 17 108499
1625223930817 17 108549
1625223950577 17 108599
1625223976355 17 108649
1625223993593 17 108699
1625224011195 17 108749
1625224029909 17 108799
1625224051487 17 108849
1625224077614 17 108899
1625224100837 17 108949
1625224128663 17 108999
1625224148986 17 109049
1625224176300 17 109099
1625224196587 17 109149
1625224224015 17 109199
1625224248606 17 109249
1625224271923 17 109299
1625224297238 17 109349
1625224320015 17 109399
1625224350692 17 109449
1625224369172 17 109499
1625224396929 17 109549
1625224419166 17 109599
1625224447195 17 109649
1625224468498 17 109699
1625224495728 17 109749
1625224515129 17 109799
1625224546177 17 109849
1625224571995 17 109899
1625224590494 17 109949
1625224620474 17 109999
1625224640066 17 110049
1625224669838 17 110099
1625224691339 17 110149
1625224722221 17 110199
1625224749802 17 110249
1625224772779 17 110299
1625224799704 17 110349
1625224821630 17 110399
1625224850681 17 110449
1625224870921 17 110499
1625224901435 17 110549
1625224921831 17 110599
1625224951410 17 110649
1625224977720 17 110699
1625224998732 17 110749
1625225028916 17 110799
1625225050307 17 110849
1625225080134 17 110899
1625225102375 17 110949
1625225132852 17 110999
1625225163438 17 111049
1625225183115 17 111099
1625225211712 17 111149
1625225232301 17 111199
1625225265318 17 111249
1625225286470 17 111299
1625225316887 17 111349
1625225337442 17 111399
1625225370278 17 111449
1625225399635 17 111499
1625225419921 17 111549
1625225450633 17 111599
1625225474268 17 111649
1625225507012 17 111699
1625225528180 17 111749
1625225558462 17 111799
1625225590244 17 111849
1625225611757 17 111899
1625225644647 17 111949
1625225666856 17 111999
1625225697029 17 112049
1625225715856 17 112099
1625225744284 17 112149
1625225766658 17 112199
1625225800136 17 112249
1625225828597 17 112299
1625225852149 17 112349
1625225879231 17 112399
1625225902817 17 112449
1625225927478 17 112499
1625225929284 17 112499
1625226542635 17 112499
1625226581794 18 112549
1625226608190 18 112599
1625226628779 18 112649
1625226640469 18 112699
1625226657973 18 112749
1625226680257 18 112799
1625226699630 18 112849
1625226722192 18 112899
1625226743118 18 112949
1625226764023 18 112999
1625226787030 18 113049
1625226803683 18 113099
1625226825619 18 113149
1625226843744 18 113199
1625226868348 18 113249
1625226885251 18 113299
1625226908496 18 113349
1625226928034 18 113399
1625226948194 18 113449
1625226972905 18 113499
1625226993638 18 113549
1625227016364 18 113599
1625227033745 18 113649
1625227058772 18 113699
1625227076307 18 113749
1625227097223 18 113799
1625227112098 18 113849
1625227123842 18 113899
1625227145715 18 113949
1625227169259 18 113999
1625227194683 18 114049
1625227218089 18 114099
1625227241288 18 114149
1625227267846 18 114199
1625227290375 18 114249
1625227315442 18 114299
1625227341887 18 114349
1625227364473 18 114399
1625227390434 18 114449
1625227413607 18 114499
1625227438462 18 114549
1625227462876 18 114599
1625227486416 18 114649
1625227511738 18 114699
1625227540403 18 114749
1625227564799 18 114799
1625227586556 18 114849
1625227609535 18 114899
1625227635879 18 114949
1625227661900 18 114999
1625227687489 18 115049
1625227711127 18 115099
1625227738656 18 115149
1625227766196 18 115199
1625227789949 18 115249
1625227819075 18 115299
1625227840656 18 115349
1625227866050 18 115399
1625227887616 18 115449
1625227916337 18 115499
1625227941540 18 115549
1625227966401 18 115599
1625227998458 18 115649
1625228015919 18 115699
1625228046234 18 115749
1625228066380 18 115799
1625228096502 18 115849
1625228119930 18 115899
1625228146774 18 115949
1625228177016 18 115999
1625228197301 18 116049
1625228224951 18 116099
1625228245382 18 116149
1625228274716 18 116199
1625228295853 18 116249
1625228325391 18 116299
1625228345854 18 116349
1625228378478 18 116399
1625228409650 18 116449
1625228431268 18 116499
1625228459522 18 116549
1625228479726 18 116599
1625228510918 18 116649
1625228533134 18 116699
1625228562986 18 116749
1625228590009 18 116799
1625228611942 18 116849
1625228641282 18 116899
1625228661014 18 116949
1625228689638 18 116999
1625228712157 18 117049
1625228739725 18 117099
1625228761150 18 117149
1625228789819 18 117199
1625228822822 18 117249
1625228845066 18 117299
1625228872759 18 117349
1625228894459 18 117399
1625228924841 18 117449
1625228947589 18 117499
1625228975967 18 117549
1625229005599 18 117599
1625229027524 18 117649
1625229058139 18 117699
1625229076284 18 117749
1625229108387 18 117799
1625229131408 18 117849
1625229161854 18 117899
1625229181195 18 117949
1625229210582 18 117999
1625229239141 18 118049
1625229263765 18 118099
1625229293920 18 118149
1625229317109 18 118199
1625229352918 18 118249
1625229373563 18 118299
1625229406383 18 118349
1625229438032 18 118399
1625229460630 18 118449
1625229489755 18 118499
1625229508158 18 118549
1625229539536 18 118599
1625229561529 18 118649
1625229591565 18 118699
1625229613245 18 118749
1625229617551 18 118749
1625230152141 18 118749
1625230192203 19 118799
1625230204438 19 118849
1625230219953 19 118899
1625230246234 19 118949
1625230267417 19 118999
1625230292954 19 119049
1625230313311 19 119099
1625230336744 19 119149
1625230362322 19 119199
1625230385126 19 119249
1625230409874 19 119299
1625230432267 19 119349
1625230459411 19 119399
1625230479734 19 119449
1625230507744 19 119499
1625230527440 19 119549
1625230556765 19 119599
1625230576276 19 119649
1625230600353 19 119699
1625230621737 19 119749
1625230648461 19 119799
1625230675007 19 119849
1625230694728 19 119899
1625230718914 19 119949
1625230738001 19 119999
1625230763156 19 120049
1625230786360 19 120099
1625230809920 19 120149
1625230838241 19 120199
1625230858291 19 120249
1625230885558 19 120299
1625230907353 19 120349
1625230939238 19 120399
1625230966192 19 120449
1625230990312 19 120499
1625231013648 19 120549
1625231041917 19 120599
1625231070017 19 120649
1625231094248 19 120699
1625231124000 19 120749
1625231145592 19 120799
1625231174808 19 120849
1625231196395 19 120899
1625231225141 19 120949
1625231254504 19 120999
1625231276748 19 121049
1625231304289 19 121099
1625231326136 19 121149
1625231354770 19 121199
1625231374847 19 121249
1625231407191 19 121299
1625231427970 19 121349
1625231458930 19 121399
1625231491543 19 121449
1625231512148 19 121499
1625231540684 19 121549
1625231563459 19 121599
1625231594031 19 121649
1625231615650 19 121699
1625231649035 19 121749
1625231669960 19 121799
1625231697949 19 121849
1625231721787 19 121899
1625231743771 19 121949
1625231774851 19 121999
1625231798232 19 122049
1625231825205 19 122099
1625231845223 19 122149
1625231877449 19 122199
1625231909035 19 122249
1625231932317 19 122299
1625231958113 19 122349
1625231982603 19 122399
1625232015326 19 122449
1625232035838 19 122499
1625232068939 19 122549
1625232098211 19 122599
1625232119707 19 122649
1625232146269 19 122699
1625232171386 19 122749
1625232201102 19 122799
1625232223355 19 122849
1625232251926 19 122899
1625232273316 19 122949
1625232300728 19 122999
1625232329995 19 123049
1625232354327 19 123099
1625232381084 19 123149
1625232407736 19 123199
1625232439128 19 123249
1625232464509 19 123299
1625232493426 19 123349
1625232518435 19 123399
1625232543135 19 123449
1625232568110 19 123499
1625232590762 19 123549
1625232623170 19 123599
1625232643424 19 123649
1625232672584 19 123699
1625232692759 19 123749
1625232722474 19 123799
1625232742762 19 123849
1625232776085 19 123899
1625232796444 19 123949
1625232827986 19 123999
1625232858941 19 124049
1625232882139 19 124099
1625232910415 19 124149
1625232930752 19 124199
1625232954058 19 124249
1625232966559 19 124299
1625232981711 19 124349
1625233002680 19 124399
1625233029337 19 124449
1625233047932 19 124499
1625233072340 19 124549
1625233095897 19 124599
1625233118150 19 124649
1625233139881 19 124699
1625233159351 19 124749
1625233182753 19 124799
1625233202317 19 124849
1625233227732 19 124899
1625233246329 19 124949
1625233274862 19 124999
1625233277056 19 124999
1625233809295 19 124999
1625233848889 20 125049
1625233873744 20 125099
1625233896454 20 125149
1625233926461 20 125199
1625233947389 20 125249
1625233973369 20 125299
1625233995749 20 125349
1625234021406 20 125399
1625234051692 20 125449
1625234072176 20 125499
1625234099647 20 125549
1625234123486 20 125599
1625234150642 20 125649
1625234171582 20 125699
1625234200090 20 125749
1625234228116 20 125799
1625234246168 20 125849
1625234274522 20 125899
1625234294153 20 125949
1625234320570 20 125999
1625234339270 20 126049
1625234367579 20 126099
1625234387396 20 126149
1625234417537 20 126199
1625234449006 20 126249
1625234470911 20 126299
1625234498625 20 126349
1625234519345 20 126399
1625234549416 20 126449
1625234567489 20 126499
1625234601291 20 126549
1625234627504 20 126599
1625234646560 20 126649
1625234675007 20 126699
1625234695252 20 126749
1625234727480 20 126799
1625234749949 20 126849
1625234780147 20 126899
1625234799683 20 126949
1625234832870 20 126999
1625234860541 20 127049
1625234881536 20 127099
1625234911754 20 127149
1625234933552 20 127199
1625234962477 20 127249
1625234981472 20 127299
1625235010169 20 127349
1625235037068 20 127399
1625235064465 20 127449
1625235088573 20 127499
1625235112083 20 127549
1625235140810 20 127599
1625235163330 20 127649
1625235193201 20 127699
1625235212163 20 127749
1625235242988 20 127799
1625235269713 20 127849
1625235293330 20 127899
1625235321082 20 127949
1625235340925 20 127999
1625235371391 20 128049
1625235398577 20 128099
1625235424199 20 128149
1625235455454 20 128199
1625235475875 20 128249
1625235506605 20 128299
1625235524243 20 128349
1625235556337 20 128399
1625235580554 20 128449
1625235610416 20 128499
1625235631131 20 128549
1625235664833 20 128599
1625235692152 20 128649
1625235717101 20 128699
1625235742870 20 128749
1625235767963 20 128799
1625235798050 20 128849
1625235817402 20 128899
1625235847413 20 128949
1625235876232 20 128999
1625235899246 20 129049
1625235924640 20 129099
1625235950079 20 129149
1625235976426 20 129199
1625236003721 20 129249
1625236026834 20 129299
1625236039619 20 129349
1625236054157 20 129399
1625236076050 20 129449
1625236101736 20 129499
1625236121159 20 129549
1625236146130 20 129599
1625236164262 20 129649
1625236190596 20 129699
1625236208507 20 129749
1625236233321 20 129799
1625236251329 20 129849
1625236276694 20 129899
1625236294653 20 129949
1625236318931 20 129999
1625236343021 20 130049
1625236362842 20 130099
1625236385139 20 130149
1625236406786 20 130199
1625236430861 20 130249
1625236450023 20 130299
1625236475864 20 130349
1625236495292 20 130399
1625236518915 20 130449
1625236537363 20 130499
1625236548704 20 130549
1625236574613 20 130599
1625236596704 20 130649
1625236625027 20 130699
1625236647458 20 130749
1625236670075 20 130799
1625236696201 20 130849
1625236722558 20 130899
1625236745598 20 130949
1625236770729 20 130999
1625236798524 20 131049
1625236823473 20 131099
1625236849802 20 131149
1625236875960 20 131199
1625236898805 20 131249
1625236900190 20 131249
1625237508979 20 131249
1625237553532 21 131299
1625237581394 21 131349
1625237602696 21 131399
1625237631362 21 131449
1625237651743 21 131499
1625237678492 21 131549
1625237699371 21 131599
1625237727424 21 131649
1625237759052 21 131699
1625237779961 21 131749
1625237811333 21 131799
1625237832513 21 131849
1625237862501 21 131899
1625237885300 21 131949
1625237915943 21 131999
1625237934403 21 132049
1625237962334 21 132099
1625237989621 21 132149
1625238012193 21 132199
1625238040475 21 132249
1625238062866 21 132299
1625238092455 21 132349
1625238111746 21 132399
1625238142444 21 132449
1625238170095 21 132499
1625238189488 21 132549
1625238220855 21 132599
1625238241336 21 132649
1625238269360 21 132699
1625238291848 21 132749
1625238323823 21 132799
1625238343739 21 132849
1625238376972 21 132899
1625238404300 21 132949
1625238424744 21 132999
1625238454989 21 133049
1625238478439 21 133099
1625238508688 21 133149
1625238532658 21 133199
1625238561774 21 133249
1625238587404 21 133299
1625238614597 21 133349
1625238640034 21 133399
1625238664759 21 133449
1625238693014 21 133499
1625238717273 21 133549
1625238744867 21 133599
1625238767926 21 133649
1625238795773 21 133699
1625238827224 21 133749
1625238851974 21 133799
1625238880908 21 133849
