1625152658012 0.001 0
1625156570044 0.0009972609476841367 6250
1625160821252 0.0009890738003669028 12500
1625164820937 0.0009755282581475768 18750
1625168687642 0.0009567727288213003 25000
1625172729119 0.0009330127018922195 31250
1625176735682 0.0009045084971874739 37500
1625181019356 0.0008715724127386972 43750
1625185485318 0.0008345653031794292 50000
1625189936639 0.0007938926261462366 56250
1625195607250 0.00075 62500
1625200263086 0.0007033683215379003 68750
1625204196788 0.0006545084971874739 75000
1625207957724 0.0006039558454088797 81250
1625211687111 0.0005522642316338269 87500
1625215404500 0.0005000000000000002 93750
1625219124510 0.0004477357683661734 100000
1625222847445 0.00039604415459112036 106250
1625226542666 0.0003454915028125264 112500
1625230152224 0.00029663167846210003 118750
1625233809334 0.00025000000000000017 125000
1625237509004 0.00020610737385376354 131250
