1625156043005 20.586130142211914 6249
1625156569992 20.586130142211914 0
1625160093908 17.441118240356445 12499
1625160821204 17.441118240356445 1
1625164146682 16.22092056274414 18749
1625164820809 16.22092056274414 2
1625168063404 15.597811698913574 24999
1625168687280 15.597811698913574 3
1625172014969 15.354093551635742 31249
1625172727875 15.354093551635742 4
1625176082545 15.15758991241455 37499
1625176735266 15.15758991241455 5
1625180402135 15.016630172729492 43749
1625181019303 15.016630172729492 6
1625184691196 14.909762382507324 49999
1625185485247 14.909762382507324 7
1625189070734 14.819417953491211 56249
1625189936572 14.819417953491211 8
1625194538565 14.747987747192383 62499
1625195606642 14.747987747192383 9
1625199535779 14.677267074584961 68749
1625200262826 14.677267074584961 10
1625203548682 14.617348670959473 74999
1625204196635 14.617348670959473 11
1625207393262 14.556755065917969 81249
1625207957511 14.556755065917969 12
1625211180101 14.502237319946289 87499
1625211686981 14.502237319946289 13
1625214819598 14.432042121887207 93749
1625215404423 14.432042121887207 14
1625218492810 14.371652603149414 99999
1625219124142 14.371652603149414 15
1625222221041 14.317891120910645 106249
1625222846953 14.317891120910645 16
1625225929284 14.269800186157227 112499
1625226542431 14.269800186157227 17
1625229617551 14.217622756958008 118749
1625230151961 14.217622756958008 18
1625233277056 14.17226505279541 124999
1625233808594 14.17226505279541 19
1625236900190 14.104012489318848 131249
1625237508947 14.104012489318848 20
