1625156569992 18.023822784423828 0
1625160821204 16.56882095336914 1
1625164820809 15.435714721679688 2
1625168687280 15.914560317993164 3
1625172727875 15.538290023803711 4
1625176735266 15.21560287475586 5
1625181019303 14.642742156982422 6
1625185485247 14.933294296264648 7
1625189936572 14.950161933898926 8
1625195606642 15.030363082885742 9
1625200262826 14.934494018554688 10
1625204196635 14.547711372375488 11
1625207957511 14.628192901611328 12
1625211686981 14.449625015258789 13
1625215404423 14.490942001342773 14
1625219124142 14.195724487304688 15
1625222846953 14.684688568115234 16
1625226542431 14.038217544555664 17
1625230151961 13.928330421447754 18
1625233808594 13.85508918762207 19
1625237508947 13.956029891967773 20
