1625152667208 0 49
1625152678931 0 99
1625152690621 0 149
1625152702211 0 199
1625152713843 0 249
1625152725462 0 299
1625152737134 0 349
1625152748726 0 399
1625152760304 0 449
1625152771837 0 499
1625152783484 0 549
1625152795037 0 599
1625152806630 0 649
1625152818272 0 699
1625152829881 0 749
1625152841405 0 799
1625152852983 0 849
1625152864570 0 899
1625152876070 0 949
1625152887678 0 999
1625152899288 0 1049
1625152910845 0 1099
1625152922433 0 1149
1625152934051 0 1199
1625152946468 0 1249
1625152959013 0 1299
1625152971185 0 1349
1625152982960 0 1399
1625152995092 0 1449
1625153007159 0 1499
1625153019059 0 1549
1625153030965 0 1599
1625153042912 0 1649
1625153054799 0 1699
1625153066787 0 1749
1625153078848 0 1799
1625153090882 0 1849
1625153102843 0 1899
1625153114774 0 1949
1625153126619 0 1999
1625153138665 0 2049
1625153150651 0 2099
1625153162563 0 2149
1625153174521 0 2199
1625153186401 0 2249
1625153198247 0 2299
1625153210204 0 2349
1625153222269 0 2399
1625153234278 0 2449
1625153246270 0 2499
1625153258259 0 2549
1625153270368 0 2599
1625153282743 0 2649
1625153295308 0 2699
1625153307290 0 2749
1625153319355 0 2799
1625153331226 0 2849
1625153343172 0 2899
1625153355217 0 2949
1625153367212 0 2999
1625153379284 0 3049
1625153391208 0 3099
1625153403153 0 3149
1625153415184 0 3199
1625153427065 0 3249
1625153439056 0 3299
1625153451067 0 3349
1625153463055 0 3399
1625153475033 0 3449
1625153486916 0 3499
1625153498851 0 3549
1625153510840 0 3599
1625153522810 0 3649
1625153534824 0 3699
1625153546794 0 3749
1625153558768 0 3799
1625153570771 0 3849
1625153582718 0 3899
1625153594684 0 3949
1625153606530 0 3999
1625153618599 0 4049
1625153630612 0 4099
1625153642598 0 4149
1625153654641 0 4199
1625153666577 0 4249
1625153678566 0 4299
1625153690487 0 4349
1625153702426 0 4399
1625153714439 0 4449
1625153726389 0 4499
1625153738369 0 4549
1625153750295 0 4599
1625153762553 0 4649
1625153774502 0 4699
1625153786442 0 4749
1625153798342 0 4799
1625153810342 0 4849
1625153822443 0 4899
1625153834320 0 4949
1625153846427 0 4999
1625153858402 0 5049
1625153870309 0 5099
1625153882447 0 5149
1625153894408 0 5199
1625153906425 0 5249
1625153918398 0 5299
1625153930292 0 5349
1625153942432 0 5399
1625153954578 0 5449
1625153966541 0 5499
1625153978582 0 5549
1625153990613 0 5599
1625154002812 0 5649
1625154014627 0 5699
1625154026704 0 5749
1625154038791 0 5799
1625154050766 0 5849
1625154062781 0 5899
1625154074687 0 5949
1625154086885 0 5999
1625154098959 0 6049
1625154111023 0 6099
1625154123202 0 6149
1625154135567 0 6199
1625154149969 0 6249
1625154151113 0 6249
1625154356428 0 6249
1625154377889 1 6299
1625154389494 1 6349
1625154401209 1 6399
1625154412809 1 6449
1625154424465 1 6499
1625154436104 1 6549
1625154447815 1 6599
1625154459513 1 6649
1625154471265 1 6699
1625154482912 1 6749
1625154494594 1 6799
1625154506217 1 6849
1625154517886 1 6899
1625154529682 1 6949
1625154541450 1 6999
1625154553083 1 7049
1625154564706 1 7099
1625154576405 1 7149
1625154588083 1 7199
1625154599805 1 7249
1625154611543 1 7299
1625154623202 1 7349
1625154634889 1 7399
1625154646663 1 7449
1625154658333 1 7499
1625154670059 1 7549
1625154681820 1 7599
1625154693597 1 7649
1625154705524 1 7699
1625154717714 1 7749
1625154729730 1 7799
1625154741758 1 7849
1625154753714 1 7899
1625154765742 1 7949
1625154777836 1 7999
1625154789790 1 8049
1625154801829 1 8099
1625154813707 1 8149
1625154825703 1 8199
1625154837731 1 8249
1625154849707 1 8299
1625154861895 1 8349
1625154873809 1 8399
1625154885833 1 8449
1625154897772 1 8499
1625154909847 1 8549
1625154921966 1 8599
1625154934081 1 8649
1625154945965 1 8699
1625154957920 1 8749
1625154969811 1 8799
1625154981724 1 8849
1625154993769 1 8899
1625155005759 1 8949
1625155017725 1 8999
1625155029809 1 9049
1625155041763 1 9099
1625155053761 1 9149
1625155065726 1 9199
1625155077708 1 9249
1625155089777 1 9299
1625155101713 1 9349
1625155113920 1 9399
1625155125913 1 9449
1625155138104 1 9499
1625155150089 1 9549
1625155162084 1 9599
1625155174206 1 9649
1625155186163 1 9699
1625155198256 1 9749
1625155210277 1 9799
1625155222213 1 9849
1625155234369 1 9899
1625155246356 1 9949
1625155258336 1 9999
1625155270489 1 10049
1625155282480 1 10099
1625155294556 1 10149
1625155306462 1 10199
1625155318435 1 10249
1625155330478 1 10299
1625155342610 1 10349
1625155354668 1 10399
1625155366759 1 10449
1625155378778 1 10499
1625155390832 1 10549
1625155403022 1 10599
1625155415148 1 10649
1625155427304 1 10699
1625155439275 1 10749
1625155451417 1 10799
1625155463515 1 10849
1625155475773 1 10899
1625155487946 1 10949
1625155500040 1 10999
1625155512270 1 11049
1625155524560 1 11099
1625155536691 1 11149
1625155548777 1 11199
1625155560911 1 11249
1625155572974 1 11299
1625155585075 1 11349
1625155597222 1 11399
1625155609421 1 11449
1625155621429 1 11499
1625155633534 1 11549
1625155645616 1 11599
1625155657601 1 11649
1625155669631 1 11699
1625155681588 1 11749
1625155693557 1 11799
1625155705396 1 11849
1625155717600 1 11899
1625155729750 1 11949
1625155741952 1 11999
1625155754249 1 12049
1625155766340 1 12099
1625155778606 1 12149
1625155790907 1 12199
1625155803043 1 12249
1625155815258 1 12299
1625155827431 1 12349
1625155839746 1 12399
1625155852111 1 12449
1625155866614 1 12499
1625155867795 1 12499
1625156054121 1 12499
1625156075309 2 12549
1625156087030 2 12599
1625156098655 2 12649
1625156110337 2 12699
1625156122059 2 12749
1625156133762 2 12799
1625156145469 2 12849
1625156157143 2 12899
1625156168886 2 12949
1625156180595 2 12999
1625156192247 2 13049
1625156203862 2 13099
1625156215573 2 13149
1625156227292 2 13199
1625156238950 2 13249
1625156250681 2 13299
1625156262424 2 13349
1625156274053 2 13399
1625156285777 2 13449
1625156297489 2 13499
1625156309130 2 13549
1625156320754 2 13599
1625156332531 2 13649
1625156344266 2 13699
1625156356076 2 13749
1625156367820 2 13799
1625156379468 2 13849
1625156391322 2 13899
1625156403366 2 13949
1625156415362 2 13999
1625156427302 2 14049
1625156439408 2 14099
1625156451443 2 14149
1625156463495 2 14199
1625156475576 2 14249
1625156487542 2 14299
1625156499623 2 14349
1625156511604 2 14399
1625156523610 2 14449
1625156535649 2 14499
1625156547606 2 14549
1625156559627 2 14599
1625156571691 2 14649
1625156583674 2 14699
1625156595786 2 14749
1625156607723 2 14799
1625156619806 2 14849
1625156631893 2 14899
1625156643850 2 14949
1625156655773 2 14999
1625156667702 2 15049
1625156679667 2 15099
1625156691792 2 15149
1625156703878 2 15199
1625156715952 2 15249
1625156728130 2 15299
1625156740077 2 15349
1625156752078 2 15399
1625156764125 2 15449
1625156776120 2 15499
1625156788170 2 15549
1625156800251 2 15599
1625156812400 2 15649
1625156824423 2 15699
1625156836400 2 15749
1625156848511 2 15799
1625156860632 2 15849
1625156872722 2 15899
1625156884730 2 15949
1625156896737 2 15999
1625156908815 2 16049
1625156920900 2 16099
1625156933064 2 16149
1625156945101 2 16199
1625156957007 2 16249
1625156969180 2 16299
1625156981155 2 16349
1625156993363 2 16399
1625157005547 2 16449
1625157017862 2 16499
1625157030213 2 16549
1625157042386 2 16599
1625157054609 2 16649
1625157066656 2 16699
1625157078762 2 16749
1625157091062 2 16799
1625157103198 2 16849
1625157115444 2 16899
1625157127647 2 16949
1625157139782 2 16999
1625157151987 2 17049
1625157164206 2 17099
1625157176236 2 17149
1625157188441 2 17199
1625157200494 2 17249
1625157212788 2 17299
1625157224936 2 17349
1625157237102 2 17399
1625157249232 2 17449
1625157261289 2 17499
1625157273546 2 17549
1625157285721 2 17599
1625157297793 2 17649
1625157309873 2 17699
1625157321872 2 17749
1625157334096 2 17799
1625157346250 2 17849
1625157358445 2 17899
1625157370588 2 17949
1625157382785 2 17999
1625157395062 2 18049
1625157407226 2 18099
1625157419575 2 18149
1625157431841 2 18199
1625157443957 2 18249
1625157456165 2 18299
1625157468311 2 18349
1625157480564 2 18399
1625157492934 2 18449
1625157505137 2 18499
1625157517193 2 18549
1625157529340 2 18599
1625157541310 2 18649
1625157553484 2 18699
1625157568058 2 18749
1625157569157 2 18749
1625157762715 2 18749
1625157784590 3 18799
1625157796253 3 18849
1625157807954 3 18899
1625157819644 3 18949
1625157831385 3 18999
1625157843147 3 19049
1625157854869 3 19099
1625157866530 3 19149
1625157878107 3 19199
1625157889841 3 19249
1625157901597 3 19299
1625157913302 3 19349
1625157925017 3 19399
1625157936674 3 19449
1625157948399 3 19499
1625157960226 3 19549
1625157971957 3 19599
1625157983691 3 19649
1625157995516 3 19699
1625158007288 3 19749
1625158018995 3 19799
1625158030725 3 19849
1625158042523 3 19899
1625158054306 3 19949
1625158066080 3 19999
1625158077831 3 20049
1625158089667 3 20099
1625158101578 3 20149
1625158113566 3 20199
1625158125645 3 20249
1625158137651 3 20299
1625158149756 3 20349
1625158161822 3 20399
1625158173788 3 20449
1625158185865 3 20499
1625158197967 3 20549
1625158210040 3 20599
1625158222208 3 20649
1625158234160 3 20699
1625158246159 3 20749
1625158258274 3 20799
1625158270293 3 20849
1625158282346 3 20899
1625158294405 3 20949
1625158306607 3 20999
1625158318774 3 21049
1625158330850 3 21099
1625158343012 3 21149
1625158355129 3 21199
1625158367190 3 21249
1625158379310 3 21299
1625158391323 3 21349
1625158403455 3 21399
1625158415488 3 21449
1625158427578 3 21499
1625158439876 3 21549
1625158451956 3 21599
1625158463994 3 21649
1625158476124 3 21699
1625158488222 3 21749
1625158500343 3 21799
1625158512332 3 21849
1625158524410 3 21899
1625158536633 3 21949
1625158548626 3 21999
1625158560722 3 22049
1625158572761 3 22099
1625158584818 3 22149
1625158596908 3 22199
1625158609054 3 22249
1625158621288 3 22299
1625158633564 3 22349
1625158645811 3 22399
1625158657946 3 22449
1625158670090 3 22499
1625158682411 3 22549
1625158694439 3 22599
1625158706691 3 22649
1625158718830 3 22699
1625158731018 3 22749
1625158743285 3 22799
1625158755357 3 22849
1625158767543 3 22899
1625158779567 3 22949
1625158791646 3 22999
1625158803770 3 23049
1625158815850 3 23099
1625158828017 3 23149
1625158840120 3 23199
1625158852189 3 23249
1625158864445 3 23299
1625158876399 3 23349
1625158888585 3 23399
1625158900884 3 23449
1625158913133 3 23499
1625158925375 3 23549
1625158937474 3 23599
1625158949630 3 23649
1625158961958 3 23699
1625158974172 3 23749
1625158986466 3 23799
1625158998793 3 23849
1625159011069 3 23899
1625159023415 3 23949
1625159035721 3 23999
1625159047909 3 24049
1625159060222 3 24099
1625159072498 3 24149
1625159084739 3 24199
1625159096958 3 24249
1625159109096 3 24299
1625159121270 3 24349
1625159133517 3 24399
1625159145561 3 24449
1625159157702 3 24499
1625159169931 3 24549
1625159181925 3 24599
1625159193949 3 24649
1625159206074 3 24699
1625159218159 3 24749
1625159232782 3 24799
1625159244764 3 24849
1625159256892 3 24899
1625159268917 3 24949
1625159283504 3 24999
1625159284627 3 24999
1625159476340 3 24999
1625159497879 4 25049
1625159509622 4 25099
1625159521367 4 25149
1625159533172 4 25199
1625159544948 4 25249
1625159556740 4 25299
1625159568462 4 25349
1625159580194 4 25399
1625159591922 4 25449
1625159603782 4 25499
1625159615535 4 25549
1625159627239 4 25599
1625159638982 4 25649
1625159650634 4 25699
1625159662478 4 25749
1625159674201 4 25799
1625159685935 4 25849
1625159697682 4 25899
1625159709431 4 25949
1625159721266 4 25999
1625159733145 4 26049
1625159744870 4 26099
1625159756617 4 26149
1625159768384 4 26199
1625159780026 4 26249
1625159791773 4 26299
1625159803563 4 26349
1625159815456 4 26399
1625159827510 4 26449
1625159839547 4 26499
1625159851587 4 26549
1625159863726 4 26599
1625159875779 4 26649
1625159887922 4 26699
1625159899952 4 26749
1625159911889 4 26799
1625159924003 4 26849
1625159936078 4 26899
1625159948091 4 26949
1625159960149 4 26999
1625159972225 4 27049
1625159984179 4 27099
1625159996322 4 27149
1625160008321 4 27199
1625160020324 4 27249
1625160032287 4 27299
1625160044292 4 27349
1625160056368 4 27399
1625160068577 4 27449
1625160080629 4 27499
1625160092742 4 27549
1625160104740 4 27599
1625160116802 4 27649
1625160128947 4 27699
1625160141010 4 27749
1625160153062 4 27799
1625160165041 4 27849
1625160177011 4 27899
1625160189004 4 27949
1625160200963 4 27999
1625160213076 4 28049
1625160225178 4 28099
1625160237395 4 28149
1625160249593 4 28199
1625160261658 4 28249
1625160273883 4 28299
1625160285943 4 28349
1625160298084 4 28399
1625160310298 4 28449
1625160322563 4 28499
1625160334749 4 28549
1625160346895 4 28599
1625160359014 4 28649
1625160371188 4 28699
1625160383152 4 28749
1625160395182 4 28799
1625160407105 4 28849
1625160419126 4 28899
1625160431292 4 28949
1625160443326 4 28999
1625160455382 4 29049
1625160467501 4 29099
1625160479493 4 29149
1625160491516 4 29199
1625160503603 4 29249
1625160515680 4 29299
1625160527929 4 29349
1625160540023 4 29399
1625160552098 4 29449
1625160564242 4 29499
1625160576266 4 29549
1625160588471 4 29599
1625160600643 4 29649
1625160612888 4 29699
1625160625119 4 29749
1625160637375 4 29799
1625160649752 4 29849
1625160662038 4 29899
1625160674229 4 29949
1625160686422 4 29999
1625160698726 4 30049
1625160710948 4 30099
1625160723162 4 30149
1625160735375 4 30199
1625160747452 4 30249
1625160759664 4 30299
1625160771748 4 30349
1625160783849 4 30399
1625160795934 4 30449
1625160807919 4 30499
1625160819991 4 30549
1625160831922 4 30599
1625160843781 4 30649
1625160855841 4 30699
1625160867982 4 30749
1625160880042 4 30799
1625160891948 4 30849
1625160904025 4 30899
1625160916087 4 30949
1625160928080 4 30999
1625160940159 4 31049
1625160952145 4 31099
1625160964259 4 31149
1625160976335 4 31199
1625160990935 4 31249
1625160992069 4 31249
1625161176044 4 31249
1625161196997 5 31299
1625161208699 5 31349
1625161220326 5 31399
1625161232047 5 31449
1625161243744 5 31499
1625161255377 5 31549
1625161267123 5 31599
1625161278749 5 31649
1625161290411 5 31699
1625161302139 5 31749
1625161313841 5 31799
1625161325599 5 31849
1625161337293 5 31899
1625161348963 5 31949
1625161360675 5 31999
1625161372390 5 32049
1625161384194 5 32099
1625161395783 5 32149
1625161407443 5 32199
1625161419135 5 32249
1625161430824 5 32299
1625161442605 5 32349
1625161454277 5 32399
1625161466094 5 32449
1625161477791 5 32499
1625161489592 5 32549
1625161501349 5 32599
1625161513261 5 32649
1625161525368 5 32699
1625161537395 5 32749
1625161549448 5 32799
1625161561309 5 32849
1625161573281 5 32899
1625161585330 5 32949
1625161597231 5 32999
1625161609180 5 33049
1625161621188 5 33099
1625161633342 5 33149
1625161645451 5 33199
1625161657417 5 33249
1625161669383 5 33299
1625161681384 5 33349
1625161693526 5 33399
1625161705619 5 33449
1625161717621 5 33499
1625161729633 5 33549
1625161741591 5 33599
1625161753676 5 33649
1625161765666 5 33699
1625161777697 5 33749
1625161789609 5 33799
1625161801557 5 33849
1625161813799 5 33899
1625161826007 5 33949
1625161838267 5 33999
1625161850681 5 34049
1625161862827 5 34099
1625161874977 5 34149
1625161887103 5 34199
1625161899065 5 34249
1625161911214 5 34299
1625161923319 5 34349
1625161935524 5 34399
1625161947778 5 34449
1625161959802 5 34499
1625161971995 5 34549
1625161983909 5 34599
1625161995977 5 34649
1625162008008 5 34699
1625162020014 5 34749
1625162032051 5 34799
1625162044003 5 34849
1625162056040 5 34899
1625162068124 5 34949
1625162080039 5 34999
1625162092033 5 35049
1625162104157 5 35099
1625162116140 5 35149
1625162128133 5 35199
1625162140104 5 35249
1625162152098 5 35299
1625162164004 5 35349
1625162175917 5 35399
1625162188031 5 35449
1625162200065 5 35499
1625162212249 5 35549
1625162224510 5 35599
1625162236719 5 35649
1625162248876 5 35699
1625162261084 5 35749
1625162273472 5 35799
1625162285718 5 35849
1625162297875 5 35899
1625162310050 5 35949
1625162322303 5 35999
1625162334497 5 36049
1625162346590 5 36099
1625162358885 5 36149
1625162371085 5 36199
1625162383248 5 36249
1625162395628 5 36299
1625162407693 5 36349
1625162419954 5 36399
1625162431947 5 36449
1625162443833 5 36499
1625162455844 5 36549
1625162467885 5 36599
1625162480000 5 36649
1625162491988 5 36699
1625162503883 5 36749
1625162515864 5 36799
1625162527961 5 36849
1625162539985 5 36899
1625162552101 5 36949
1625162564187 5 36999
1625162576292 5 37049
1625162588170 5 37099
1625162600110 5 37149
1625162611967 5 37199
1625162623935 5 37249
1625162635915 5 37299
1625162648096 5 37349
1625162660186 5 37399
1625162672380 5 37449
1625162686987 5 37499
1625162688820 5 37499
1625162872354 5 37499
1625162893084 6 37549
1625162904747 6 37599
1625162916583 6 37649
1625162928241 6 37699
1625162939906 6 37749
1625162951579 6 37799
1625162963281 6 37849
1625162975031 6 37899
1625162986735 6 37949
1625162998499 6 37999
1625163010245 6 38049
1625163021896 6 38099
1625163033456 6 38149
1625163045210 6 38199
1625163056973 6 38249
1625163068744 6 38299
1625163080485 6 38349
1625163092264 6 38399
1625163103939 6 38449
1625163115675 6 38499
1625163127350 6 38549
1625163139018 6 38599
1625163150668 6 38649
1625163162316 6 38699
1625163173952 6 38749
1625163185717 6 38799
1625163197399 6 38849
1625163209292 6 38899
1625163221252 6 38949
1625163233285 6 38999
1625163245315 6 39049
1625163257395 6 39099
1625163269367 6 39149
1625163281324 6 39199
1625163293413 6 39249
1625163305359 6 39299
1625163317387 6 39349
1625163329356 6 39399
1625163341502 6 39449
1625163353497 6 39499
1625163365493 6 39549
1625163377466 6 39599
1625163389590 6 39649
1625163401593 6 39699
1625163413686 6 39749
1625163425952 6 39799
1625163438204 6 39849
1625163450406 6 39899
1625163462547 6 39949
1625163474771 6 39999
1625163487022 6 40049
1625163499191 6 40099
1625163511453 6 40149
1625163523679 6 40199
1625163535719 6 40249
1625163547940 6 40299
1625163560035 6 40349
1625163572056 6 40399
1625163583957 6 40449
1625163595949 6 40499
1625163607952 6 40549
1625163619919 6 40599
1625163631999 6 40649
1625163644073 6 40699
1625163656028 6 40749
1625163668167 6 40799
1625163680162 6 40849
1625163692251 6 40899
1625163704285 6 40949
1625163716130 6 40999
1625163728335 6 41049
1625163740312 6 41099
1625163752310 6 41149
1625163764379 6 41199
1625163776411 6 41249
1625163788481 6 41299
1625163800595 6 41349
1625163812566 6 41399
1625163824857 6 41449
1625163836913 6 41499
1625163849193 6 41549
1625163861517 6 41599
1625163873862 6 41649
1625163885954 6 41699
1625163898116 6 41749
1625163910361 6 41799
1625163922638 6 41849
1625163934891 6 41899
1625163947092 6 41949
1625163959198 6 41999
1625163971485 6 42049
1625163983771 6 42099
1625163995934 6 42149
1625164008094 6 42199
1625164020206 6 42249
1625164032368 6 42299
1625164044516 6 42349
1625164056805 6 42399
1625164069013 6 42449
1625164081059 6 42499
1625164093219 6 42549
1625164105344 6 42599
1625164117336 6 42649
1625164129423 6 42699
1625164141524 6 42749
1625164153660 6 42799
1625164165667 6 42849
1625164177669 6 42899
1625164189682 6 42949
1625164201701 6 42999
1625164213699 6 43049
1625164225664 6 43099
1625164237749 6 43149
1625164249646 6 43199
1625164261640 6 43249
1625164273679 6 43299
1625164285729 6 43349
1625164298840 6 43399
1625164310780 6 43449
1625164322831 6 43499
1625164334924 6 43549
1625164347047 6 43599
1625164359065 6 43649
1625164371198 6 43699
1625164385856 6 43749
1625164386992 6 43749
1625164569486 6 43749
1625164590520 7 43799
1625164602276 7 43849
1625164614010 7 43899
1625164625750 7 43949
1625164637357 7 43999
1625164649013 7 44049
1625164660711 7 44099
1625164672357 7 44149
1625164684030 7 44199
1625164695701 7 44249
1625164707449 7 44299
1625164719070 7 44349
1625164730748 7 44399
1625164742426 7 44449
1625164754224 7 44499
1625164765921 7 44549
1625164777593 7 44599
1625164789223 7 44649
1625164800921 7 44699
1625164812575 7 44749
1625164824282 7 44799
1625164835952 7 44849
1625164847609 7 44899
1625164859363 7 44949
1625164871095 7 44999
1625164882879 7 45049
1625164894609 7 45099
1625164906521 7 45149
1625164918368 7 45199
1625164930483 7 45249
1625164942473 7 45299
1625164954400 7 45349
1625164966421 7 45399
1625164978429 7 45449
1625164990467 7 45499
1625165002571 7 45549
1625165014625 7 45599
1625165026912 7 45649
1625165038967 7 45699
1625165051165 7 45749
1625165063346 7 45799
1625165075488 7 45849
1625165087754 7 45899
1625165099962 7 45949
1625165112088 7 45999
1625165124104 7 46049
1625165136255 7 46099
1625165148488 7 46149
1625165160711 7 46199
1625165172798 7 46249
1625165184950 7 46299
1625165196972 7 46349
1625165209021 7 46399
1625165221268 7 46449
1625165233235 7 46499
1625165245274 7 46549
1625165257355 7 46599
1625165269424 7 46649
1625165281483 7 46699
1625165293475 7 46749
1625165305388 7 46799
1625165317332 7 46849
1625165329327 7 46899
1625165341447 7 46949
1625165353334 7 46999
1625165365334 7 47049
1625165377341 7 47099
1625165389393 7 47149
1625165401324 7 47199
1625165413220 7 47249
1625165425194 7 47299
1625165437364 7 47349
1625165449497 7 47399
1625165461766 7 47449
1625165474067 7 47499
1625165486473 7 47549
1625165498692 7 47599
1625165510847 7 47649
1625165523111 7 47699
1625165535257 7 47749
1625165547586 7 47799
1625165559697 7 47849
1625165571888 7 47899
1625165584181 7 47949
1625165596324 7 47999
1625165608582 7 48049
1625165620719 7 48099
1625165632955 7 48149
1625165645075 7 48199
1625165657190 7 48249
1625165669421 7 48299
1625165681555 7 48349
1625165693759 7 48399
1625165705832 7 48449
1625165717962 7 48499
1625165730076 7 48549
1625165742096 7 48599
1625165754292 7 48649
1625165766415 7 48699
1625165778378 7 48749
1625165790554 7 48799
1625165802655 7 48849
1625165814767 7 48899
1625165826794 7 48949
1625165838690 7 48999
1625165850822 7 49049
1625165862880 7 49099
1625165874778 7 49149
1625165886824 7 49199
1625165898800 7 49249
1625165910842 7 49299
1625165922859 7 49349
1625165934804 7 49399
1625165946878 7 49449
1625165958962 7 49499
1625165970994 7 49549
1625165983158 7 49599
1625165995095 7 49649
1625166007219 7 49699
1625166019223 7 49749
1625166031219 7 49799
1625166043315 7 49849
1625166055326 7 49899
1625166067584 7 49949
1625166082258 7 49999
1625166083386 7 49999
1625166264128 7 49999
1625166285056 8 50049
1625166296809 8 50099
1625166308625 8 50149
1625166320336 8 50199
1625166332144 8 50249
1625166343888 8 50299
1625166355585 8 50349
1625166367270 8 50399
1625166378958 8 50449
1625166390744 8 50499
1625166402531 8 50549
1625166414257 8 50599
1625166425979 8 50649
1625166437741 8 50699
1625166449477 8 50749
1625166461169 8 50799
1625166472937 8 50849
1625166484680 8 50899
1625166496567 8 50949
1625166508305 8 50999
1625166520080 8 51049
1625166531778 8 51099
1625166543581 8 51149
1625166555310 8 51199
1625166567062 8 51249
1625166578793 8 51299
1625166590469 8 51349
1625166602388 8 51399
1625166614451 8 51449
1625166626578 8 51499
1625166638671 8 51549
1625166650762 8 51599
1625166662974 8 51649
1625166675183 8 51699
1625166687404 8 51749
1625166699471 8 51799
1625166711727 8 51849
1625166723979 8 51899
1625166736008 8 51949
1625166748212 8 51999
1625166760393 8 52049
1625166772394 8 52099
1625166784579 8 52149
1625166796779 8 52199
1625166808784 8 52249
1625166820923 8 52299
1625166832989 8 52349
1625166844964 8 52399
1625166857091 8 52449
1625166869081 8 52499
1625166881255 8 52549
1625166893339 8 52599
1625166905413 8 52649
1625166917449 8 52699
1625166929683 8 52749
1625166941731 8 52799
1625166953690 8 52849
1625166965785 8 52899
1625166977787 8 52949
1625166989835 8 52999
1625167001868 8 53049
1625167013975 8 53099
1625167026083 8 53149
1625167038213 8 53199
1625167050178 8 53249
1625167062416 8 53299
1625167074520 8 53349
1625167086761 8 53399
1625167098917 8 53449
1625167111152 8 53499
1625167123538 8 53549
1625167135745 8 53599
1625167147974 8 53649
1625167160352 8 53699
1625167172537 8 53749
1625167184651 8 53799
1625167197028 8 53849
1625167209235 8 53899
1625167221606 8 53949
1625167233709 8 53999
1625167245928 8 54049
1625167258091 8 54099
1625167270083 8 54149
1625167282114 8 54199
1625167294013 8 54249
1625167306170 8 54299
1625167318368 8 54349
1625167330567 8 54399
1625167342724 8 54449
1625167354841 8 54499
1625167366940 8 54549
1625167379049 8 54599
1625167391100 8 54649
1625167403298 8 54699
1625167415556 8 54749
1625167427778 8 54799
1625167439952 8 54849
1625167451999 8 54899
1625167464090 8 54949
1625167476065 8 54999
1625167488112 8 55049
1625167500125 8 55099
1625167512181 8 55149
1625167524193 8 55199
1625167536228 8 55249
1625167548090 8 55299
1625167560171 8 55349
1625167572200 8 55399
1625167584224 8 55449
1625167596311 8 55499
1625167608402 8 55549
1625167620398 8 55599
1625167632351 8 55649
1625167644577 8 55699
1625167656621 8 55749
1625167668566 8 55799
1625167680627 8 55849
1625167692567 8 55899
1625167704585 8 55949
1625167716482 8 55999
1625167728597 8 56049
1625167740670 8 56099
1625167752633 8 56149
1625167764874 8 56199
1625167779656 8 56249
1625167781677 8 56249
1625167961747 8 56249
1625167982691 9 56299
1625167994348 9 56349
1625168006014 9 56399
1625168017777 9 56449
1625168029468 9 56499
1625168041194 9 56549
1625168052926 9 56599
1625168064642 9 56649
1625168076355 9 56699
1625168088168 9 56749
1625168099861 9 56799
1625168111584 9 56849
1625168123266 9 56899
1625168135045 9 56949
1625168146721 9 56999
1625168158391 9 57049
1625168170158 9 57099
1625168181856 9 57149
1625168193548 9 57199
1625168205320 9 57249
1625168216999 9 57299
1625168228840 9 57349
1625168240659 9 57399
1625168252499 9 57449
1625168264297 9 57499
1625168276223 9 57549
1625168288106 9 57599
1625168300158 9 57649
1625168312406 9 57699
1625168324481 9 57749
1625168336692 9 57799
1625168348768 9 57849
1625168360909 9 57899
1625168373155 9 57949
1625168385250 9 57999
1625168397164 9 58049
1625168409052 9 58099
1625168421178 9 58149
1625168433211 9 58199
1625168445130 9 58249
1625168457038 9 58299
1625168468956 9 58349
1625168480974 9 58399
1625168492991 9 58449
1625168504951 9 58499
1625168516912 9 58549
1625168528987 9 58599
1625168541211 9 58649
1625168553233 9 58699
1625168565310 9 58749
1625168577288 9 58799
1625168589296 9 58849
1625168601310 9 58899
1625168613425 9 58949
1625168625463 9 58999
1625168637562 9 59049
1625168649659 9 59099
1625168661633 9 59149
1625168673641 9 59199
1625168685677 9 59249
1625168697933 9 59299
1625168710307 9 59349
1625168722439 9 59399
1625168734641 9 59449
1625168746799 9 59499
1625168759101 9 59549
1625168771339 9 59599
1625168783673 9 59649
1625168796006 9 59699
1625168808172 9 59749
1625168820525 9 59799
1625168832636 9 59849
1625168845010 9 59899
1625168857368 9 59949
1625168869307 9 59999
1625168881573 9 60049
1625168893633 9 60099
1625168905603 9 60149
1625168917717 9 60199
1625168929736 9 60249
1625168941849 9 60299
1625168953991 9 60349
1625168966057 9 60399
1625168978153 9 60449
1625168990347 9 60499
1625169002527 9 60549
1625169014770 9 60599
1625169026893 9 60649
1625169039083 9 60699
1625169051145 9 60749
1625169063349 9 60799
1625169075551 9 60849
1625169087706 9 60899
1625169099845 9 60949
1625169112103 9 60999
1625169124225 9 61049
1625169136277 9 61099
1625169148461 9 61149
1625169160433 9 61199
1625169172325 9 61249
1625169184452 9 61299
1625169196489 9 61349
1625169208572 9 61399
1625169220614 9 61449
1625169232585 9 61499
1625169244632 9 61549
1625169256666 9 61599
1625169268700 9 61649
1625169280779 9 61699
1625169292863 9 61749
1625169304911 9 61799
1625169317059 9 61849
1625169329077 9 61899
1625169341282 9 61949
1625169353338 9 61999
1625169365452 9 62049
1625169377527 9 62099
1625169389434 9 62149
1625169402518 9 62199
1625169414480 9 62249
1625169426538 9 62299
1625169438594 9 62349
1625169450569 9 62399
1625169462769 9 62449
1625169477508 9 62499
1625169478652 9 62499
1625169658552 9 62499
1625169679607 10 62549
1625169691334 10 62599
1625169702966 10 62649
1625169714669 10 62699
1625169726378 10 62749
1625169738080 10 62799
1625169749756 10 62849
1625169761372 10 62899
1625169773029 10 62949
1625169784811 10 62999
1625169796476 10 63049
1625169808099 10 63099
1625169819771 10 63149
1625169831573 10 63199
1625169843460 10 63249
1625169855350 10 63299
1625169867220 10 63349
1625169879017 10 63399
1625169890962 10 63449
1625169902801 10 63499
1625169914675 10 63549
1625169926572 10 63599
1625169938454 10 63649
1625169950275 10 63699
1625169962025 10 63749
1625169973802 10 63799
1625169985611 10 63849
1625169997566 10 63899
1625170009529 10 63949
1625170021522 10 63999
1625170033534 10 64049
1625170045406 10 64099
1625170057468 10 64149
1625170069533 10 64199
1625170081570 10 64249
1625170093662 10 64299
1625170105740 10 64349
1625170117766 10 64399
1625170129718 10 64449
1625170141814 10 64499
1625170153850 10 64549
1625170165967 10 64599
1625170178056 10 64649
1625170190161 10 64699
1625170202213 10 64749
1625170214339 10 64799
1625170226311 10 64849
1625170238448 10 64899
1625170250536 10 64949
1625170262530 10 64999
1625170274507 10 65049
1625170286665 10 65099
1625170298698 10 65149
1625170310781 10 65199
1625170322900 10 65249
1625170335143 10 65299
1625170347419 10 65349
1625170359617 10 65399
1625170371731 10 65449
1625170383975 10 65499
1625170396244 10 65549
1625170408314 10 65599
1625170420551 10 65649
1625170432912 10 65699
1625170445181 10 65749
1625170457431 10 65799
1625170469584 10 65849
1625170481727 10 65899
1625170494080 10 65949
1625170506084 10 65999
1625170518247 10 66049
1625170530387 10 66099
1625170542540 10 66149
1625170554647 10 66199
1625170566689 10 66249
1625170578718 10 66299
1625170590797 10 66349
1625170602762 10 66399
1625170614775 10 66449
1625170626902 10 66499
1625170638992 10 66549
1625170650925 10 66599
1625170663138 10 66649
1625170675341 10 66699
1625170687544 10 66749
1625170699848 10 66799
1625170712536 10 66849
1625170724834 10 66899
1625170737037 10 66949
1625170749201 10 66999
1625170761398 10 67049
1625170773568 10 67099
1625170785765 10 67149
1625170797951 10 67199
1625170810049 10 67249
1625170822093 10 67299
1625170834277 10 67349
1625170846204 10 67399
1625170858321 10 67449
1625170870404 10 67499
1625170882560 10 67549
1625170894532 10 67599
1625170906472 10 67649
1625170918561 10 67699
1625170930577 10 67749
1625170942950 10 67799
1625170954938 10 67849
1625170966899 10 67899
1625170978977 10 67949
1625170991068 10 67999
1625171003102 10 68049
1625171015112 10 68099
1625171027164 10 68149
1625171039339 10 68199
1625171051471 10 68249
1625171063519 10 68299
1625171075483 10 68349
1625171087489 10 68399
1625171099525 10 68449
1625171111555 10 68499
1625171123662 10 68549
1625171135734 10 68599
1625171147703 10 68649
1625171160038 10 68699
1625171174584 10 68749
1625171175736 10 68749
1625171373055 10 68749
1625171394181 11 68799
1625171406031 11 68849
1625171417712 11 68899
1625171429459 11 68949
1625171441192 11 68999
1625171453027 11 69049
1625171464895 11 69099
1625171476751 11 69149
1625171488531 11 69199
1625171500339 11 69249
1625171512091 11 69299
1625171523928 11 69349
1625171535773 11 69399
1625171547520 11 69449
1625171559421 11 69499
1625171571186 11 69549
1625171583055 11 69599
1625171594751 11 69649
1625171606706 11 69699
1625171618422 11 69749
1625171630097 11 69799
1625171641867 11 69849
1625171653628 11 69899
1625171665392 11 69949
1625171677079 11 69999
1625171688940 11 70049
1625171700811 11 70099
1625171712724 11 70149
1625171724807 11 70199
1625171736833 11 70249
1625171748854 11 70299
1625171760911 11 70349
1625171772891 11 70399
1625171785028 11 70449
1625171796994 11 70499
1625171809024 11 70549
1625171821071 11 70599
1625171833078 11 70649
1625171845139 11 70699
1625171857213 11 70749
1625171869231 11 70799
1625171881322 11 70849
1625171893339 11 70899
1625171905435 11 70949
1625171917436 11 70999
1625171929499 11 71049
1625171941618 11 71099
1625171953955 11 71149
1625171965989 11 71199
1625171978264 11 71249
1625171990472 11 71299
1625172002631 11 71349
1625172014903 11 71399
1625172027064 11 71449
1625172039099 11 71499
1625172051371 11 71549
1625172063504 11 71599
1625172075697 11 71649
1625172087945 11 71699
1625172100015 11 71749
1625172112229 11 71799
1625172124340 11 71849
1625172136447 11 71899
1625172148833 11 71949
1625172160748 11 71999
1625172173009 11 72049
1625172184974 11 72099
1625172196892 11 72149
1625172208989 11 72199
1625172220997 11 72249
1625172233150 11 72299
1625172245177 11 72349
1625172257190 11 72399
1625172269335 11 72449
1625172281291 11 72499
1625172293339 11 72549
1625172305293 11 72599
1625172317305 11 72649
1625172329383 11 72699
1625172341415 11 72749
1625172353466 11 72799
1625172365659 11 72849
1625172377817 11 72899
1625172389893 11 72949
1625172401997 11 72999
1625172414234 11 73049
1625172426442 11 73099
1625172438546 11 73149
1625172450800 11 73199
1625172462844 11 73249
1625172475156 11 73299
1625172487270 11 73349
1625172499409 11 73399
1625172511377 11 73449
1625172523523 11 73499
1625172535565 11 73549
1625172547643 11 73599
1625172559652 11 73649
1625172571667 11 73699
1625172583783 11 73749
1625172595817 11 73799
1625172607820 11 73849
1625172619836 11 73899
1625172631865 11 73949
1625172643998 11 73999
1625172656183 11 74049
1625172668209 11 74099
1625172680278 11 74149
1625172692288 11 74199
1625172704265 11 74249
1625172716264 11 74299
1625172728323 11 74349
1625172740274 11 74399
1625172752505 11 74449
1625172764504 11 74499
1625172776579 11 74549
1625172788546 11 74599
1625172800681 11 74649
1625172812603 11 74699
1625172824611 11 74749
1625172836703 11 74799
1625172848736 11 74849
1625172860677 11 74899
1625172872870 11 74949
1625172887329 11 74999
1625172890662 11 74999
1625173085150 11 74999
1625173107120 12 75049
1625173118917 12 75099
1625173130741 12 75149
1625173142530 12 75199
1625173154349 12 75249
1625173166093 12 75299
1625173178006 12 75349
1625173189715 12 75399
1625173201514 12 75449
1625173213321 12 75499
1625173225112 12 75549
1625173236773 12 75599
1625173248478 12 75649
1625173260125 12 75699
1625173271932 12 75749
1625173283708 12 75799
1625173295472 12 75849
1625173307183 12 75899
1625173318981 12 75949
1625173330717 12 75999
1625173342464 12 76049
1625173354193 12 76099
1625173365916 12 76149
1625173377791 12 76199
1625173389497 12 76249
1625173401189 12 76299
1625173413027 12 76349
1625173424867 12 76399
1625173436928 12 76449
1625173449025 12 76499
1625173461025 12 76549
1625173473177 12 76599
1625173485311 12 76649
1625173497230 12 76699
1625173509355 12 76749
1625173521446 12 76799
1625173533446 12 76849
1625173545466 12 76899
1625173557545 12 76949
1625173569781 12 76999
1625173582049 12 77049
1625173594103 12 77099
1625173606324 12 77149
1625173618340 12 77199
1625173630821 12 77249
1625173643024 12 77299
1625173655146 12 77349
1625173667338 12 77399
1625173679494 12 77449
1625173691627 12 77499
1625173703875 12 77549
1625173716047 12 77599
1625173728317 12 77649
1625173740418 12 77699
1625173752671 12 77749
1625173764920 12 77799
1625173777175 12 77849
1625173789364 12 77899
1625173801372 12 77949
1625173813431 12 77999
1625173825526 12 78049
1625173837590 12 78099
1625173849547 12 78149
1625173861704 12 78199
1625173873703 12 78249
1625173885831 12 78299
1625173897988 12 78349
1625173910152 12 78399
1625173922344 12 78449
1625173934429 12 78499
1625173946382 12 78549
1625173958445 12 78599
1625173970688 12 78649
1625173982773 12 78699
1625173994710 12 78749
1625174006836 12 78799
1625174019102 12 78849
1625174031203 12 78899
1625174043376 12 78949
1625174055798 12 78999
1625174067975 12 79049
1625174080167 12 79099
1625174092313 12 79149
1625174104598 12 79199
1625174116777 12 79249
1625174128910 12 79299
1625174141041 12 79349
1625174153287 12 79399
1625174165441 12 79449
1625174177482 12 79499
1625174189729 12 79549
1625174201792 12 79599
1625174213895 12 79649
1625174225984 12 79699
1625174237994 12 79749
1625174250127 12 79799
1625174262217 12 79849
1625174274203 12 79899
1625174286265 12 79949
1625174298292 12 79999
1625174310321 12 80049
1625174322426 12 80099
1625174334442 12 80149
1625174346581 12 80199
1625174358701 12 80249
1625174370839 12 80299
1625174382928 12 80349
1625174395083 12 80399
1625174407073 12 80449
1625174419189 12 80499
1625174431242 12 80549
1625174443388 12 80599
1625174455460 12 80649
1625174467536 12 80699
1625174479535 12 80749
1625174492001 12 80799
1625174504053 12 80849
1625174516066 12 80899
1625174528313 12 80949
1625174540441 12 80999
1625174552669 12 81049
1625174564701 12 81099
1625174576780 12 81149
1625174588817 12 81199
1625174603347 12 81249
1625174604449 12 81249
1625174815455 12 81249
1625174837413 13 81299
1625174849281 13 81349
1625174860955 13 81399
1625174872672 13 81449
1625174884419 13 81499
1625174896174 13 81549
1625174907849 13 81599
1625174919580 13 81649
1625174931260 13 81699
1625174942965 13 81749
1625174954774 13 81799
1625174966523 13 81849
1625174978260 13 81899
1625174989925 13 81949
1625175001699 13 81999
1625175013524 13 82049
1625175025218 13 82099
1625175036951 13 82149
1625175048575 13 82199
1625175060342 13 82249
1625175072089 13 82299
1625175083814 13 82349
1625175095486 13 82399
1625175107195 13 82449
1625175119007 13 82499
1625175130730 13 82549
1625175142586 13 82599
1625175154458 13 82649
1625175166540 13 82699
1625175178496 13 82749
1625175190612 13 82799
1625175202736 13 82849
1625175214909 13 82899
1625175227033 13 82949
1625175239141 13 82999
1625175251314 13 83049
1625175263493 13 83099
1625175275737 13 83149
1625175287859 13 83199
1625175300142 13 83249
1625175312286 13 83299
1625175324349 13 83349
1625175336609 13 83399
1625175348834 13 83449
1625175360988 13 83499
1625175373149 13 83549
1625175385253 13 83599
1625175397309 13 83649
1625175409410 13 83699
1625175421498 13 83749
1625175433566 13 83799
1625175445455 13 83849
1625175457667 13 83899
1625175469646 13 83949
1625175481721 13 83999
1625175493676 13 84049
1625175505717 13 84099
1625175517721 13 84149
1625175529753 13 84199
1625175541761 13 84249
1625175553918 13 84299
1625175565824 13 84349
1625175577716 13 84399
1625175589798 13 84449
1625175601799 13 84499
1625175613824 13 84549
1625175625805 13 84599
1625175637767 13 84649
1625175649835 13 84699
1625175661886 13 84749
1625175673910 13 84799
1625175685792 13 84849
1625175697812 13 84899
1625175709784 13 84949
1625175721877 13 84999
1625175733953 13 85049
1625175746092 13 85099
1625175758172 13 85149
1625175770206 13 85199
1625175782230 13 85249
1625175794372 13 85299
1625175806502 13 85349
1625175818634 13 85399
1625175830763 13 85449
1625175842911 13 85499
1625175855115 13 85549
1625175867281 13 85599
1625175879346 13 85649
1625175891334 13 85699
1625175903356 13 85749
1625175915448 13 85799
1625175927563 13 85849
1625175939619 13 85899
1625175951590 13 85949
1625175963556 13 85999
1625175975628 13 86049
1625175987751 13 86099
1625175999773 13 86149
1625176011794 13 86199
1625176023703 13 86249
1625176035805 13 86299
1625176047956 13 86349
1625176059963 13 86399
1625176072000 13 86449
1625176084028 13 86499
1625176096092 13 86549
1625176108033 13 86599
1625176120016 13 86649
1625176131963 13 86699
1625176143989 13 86749
1625176156836 13 86799
1625176168780 13 86849
1625176180710 13 86899
1625176192708 13 86949
1625176204681 13 86999
1625176216605 13 87049
1625176228747 13 87099
1625176240670 13 87149
1625176252709 13 87199
1625176264815 13 87249
1625176276805 13 87299
1625176288859 13 87349
1625176301018 13 87399
1625176313201 13 87449
1625176327661 13 87499
1625176328795 13 87499
1625176525410 13 87499
1625176546410 14 87549
1625176558081 14 87599
1625176569834 14 87649
1625176581521 14 87699
1625176593225 14 87749
1625176604945 14 87799
1625176616550 14 87849
1625176628166 14 87899
1625176639887 14 87949
1625176651560 14 87999
1625176663257 14 88049
1625176674935 14 88099
1625176686615 14 88149
1625176698242 14 88199
1625176709876 14 88249
1625176721535 14 88299
1625176733235 14 88349
1625176744900 14 88399
1625176756506 14 88449
1625176768238 14 88499
1625176779903 14 88549
1625176791534 14 88599
1625176803362 14 88649
1625176815285 14 88699
1625176827118 14 88749
1625176838991 14 88799
1625176850855 14 88849
1625176862904 14 88899
1625176874960 14 88949
1625176886997 14 88999
1625176898968 14 89049
1625176911082 14 89099
1625176923293 14 89149
1625176935431 14 89199
1625176947785 14 89249
1625176959968 14 89299
1625176972130 14 89349
1625176984301 14 89399
1625176996530 14 89449
1625177008553 14 89499
1625177020779 14 89549
1625177032772 14 89599
1625177045006 14 89649
1625177057103 14 89699
1625177069275 14 89749
1625177081476 14 89799
1625177093497 14 89849
1625177105696 14 89899
1625177117721 14 89949
1625177129643 14 89999
1625177141634 14 90049
1625177153657 14 90099
1625177165714 14 90149
1625177177905 14 90199
1625177189901 14 90249
1625177201929 14 90299
1625177213950 14 90349
1625177226032 14 90399
1625177238099 14 90449
1625177250131 14 90499
1625177261975 14 90549
1625177274005 14 90599
1625177285937 14 90649
1625177297855 14 90699
1625177309976 14 90749
1625177321900 14 90799
1625177334031 14 90849
1625177346084 14 90899
1625177358105 14 90949
1625177370197 14 90999
1625177382240 14 91049
1625177394388 14 91099
1625177406582 14 91149
1625177418817 14 91199
1625177430874 14 91249
1625177443265 14 91299
1625177455496 14 91349
1625177467628 14 91399
1625177479921 14 91449
1625177492109 14 91499
1625177504075 14 91549
1625177516295 14 91599
1625177528325 14 91649
1625177540444 14 91699
1625177552588 14 91749
1625177564698 14 91799
1625177577021 14 91849
1625177588941 14 91899
1625177601107 14 91949
1625177613090 14 91999
1625177625016 14 92049
1625177636989 14 92099
1625177649075 14 92149
1625177661247 14 92199
1625177673220 14 92249
1625177685338 14 92299
1625177697306 14 92349
1625177709175 14 92399
1625177721169 14 92449
1625177733239 14 92499
1625177745328 14 92549
1625177757404 14 92599
1625177769488 14 92649
1625177781574 14 92699
1625177793609 14 92749
1625177805855 14 92799
1625177818122 14 92849
1625177830186 14 92899
1625177842427 14 92949
1625177854435 14 92999
1625177866563 14 93049
1625177878567 14 93099
1625177890530 14 93149
1625177902767 14 93199
1625177914750 14 93249
1625177926919 14 93299
1625177939016 14 93349
1625177950998 14 93399
1625177963114 14 93449
1625177975348 14 93499
1625177987604 14 93549
1625177999699 14 93599
1625178011872 14 93649
1625178024101 14 93699
1625178038550 14 93749
1625178039724 14 93749
1625178252258 14 93749
1625178273690 15 93799
1625178285433 15 93849
1625178297171 15 93899
1625178308853 15 93949
1625178320602 15 93999
1625178332357 15 94049
1625178344041 15 94099
1625178355700 15 94149
1625178367414 15 94199
1625178379163 15 94249
1625178390830 15 94299
1625178402547 15 94349
1625178414338 15 94399
1625178426166 15 94449
1625178438001 15 94499
1625178449856 15 94549
1625178461675 15 94599
1625178473504 15 94649
1625178485434 15 94699
1625178497296 15 94749
1625178509105 15 94799
1625178521110 15 94849
1625178532904 15 94899
1625178544721 15 94949
1625178556578 15 94999
1625178568364 15 95049
1625178580384 15 95099
1625178592530 15 95149
1625178604750 15 95199
1625178617021 15 95249
1625178629182 15 95299
1625178641296 15 95349
1625178653528 15 95399
1625178665759 15 95449
1625178678000 15 95499
1625178690218 15 95549
1625178702317 15 95599
1625178714463 15 95649
1625178726569 15 95699
1625178738491 15 95749
1625178750621 15 95799
1625178762685 15 95849
1625178774793 15 95899
1625178786733 15 95949
1625178798806 15 95999
1625178810988 15 96049
1625178822947 15 96099
1625178834927 15 96149
1625178846933 15 96199
1625178858929 15 96249
1625178870935 15 96299
1625178882960 15 96349
1625178895150 15 96399
1625178907167 15 96449
1625178919244 15 96499
1625178931365 15 96549
1625178943379 15 96599
1625178955287 15 96649
1625178967423 15 96699
1625178979379 15 96749
1625178991496 15 96799
1625179003567 15 96849
1625179015660 15 96899
1625179027755 15 96949
1625179039817 15 96999
1625179051935 15 97049
1625179064013 15 97099
1625179075976 15 97149
1625179088236 15 97199
1625179100290 15 97249
1625179112517 15 97299
1625179124671 15 97349
1625179136771 15 97399
1625179149091 15 97449
1625179161231 15 97499
1625179173436 15 97549
1625179185489 15 97599
1625179197543 15 97649
1625179209719 15 97699
1625179221883 15 97749
1625179234021 15 97799
1625179246103 15 97849
1625179258114 15 97899
1625179270249 15 97949
1625179282319 15 97999
1625179294448 15 98049
1625179306453 15 98099
1625179318472 15 98149
1625179330533 15 98199
1625179342535 15 98249
1625179354514 15 98299
1625179366513 15 98349
1625179378550 15 98399
1625179390596 15 98449
1625179402732 15 98499
1625179414667 15 98549
1625179426752 15 98599
1625179438903 15 98649
1625179451052 15 98699
1625179463148 15 98749
1625179475224 15 98799
1625179487428 15 98849
1625179499733 15 98899
1625179512041 15 98949
1625179524236 15 98999
1625179536207 15 99049
1625179548281 15 99099
1625179560358 15 99149
1625179572547 15 99199
1625179584605 15 99249
1625179596687 15 99299
1625179608767 15 99349
1625179621009 15 99399
1625179633143 15 99449
1625179645361 15 99499
1625179657400 15 99549
1625179669673 15 99599
1625179681965 15 99649
1625179694094 15 99699
1625179706177 15 99749
1625179718396 15 99799
1625179730605 15 99849
1625179742808 15 99899
1625179755122 15 99949
1625179769582 15 99999
1625179771312 15 99999
1625179972728 15 99999
1625179994615 16 100049
1625180006300 16 100099
1625180018080 16 100149
1625180029956 16 100199
1625180041761 16 100249
1625180053604 16 100299
1625180065419 16 100349
1625180077124 16 100399
1625180088964 16 100449
1625180100806 16 100499
1625180112586 16 100549
1625180124374 16 100599
1625180136173 16 100649
1625180147964 16 100699
1625180159778 16 100749
1625180171603 16 100799
1625180183342 16 100849
1625180195114 16 100899
1625180206911 16 100949
1625180218824 16 100999
1625180230628 16 101049
1625180242507 16 101099
1625180254391 16 101149
1625180266274 16 101199
1625180278111 16 101249
1625180290047 16 101299
1625180302034 16 101349
1625180313965 16 101399
1625180326229 16 101449
1625180338382 16 101499
1625180350583 16 101549
1625180362785 16 101599
1625180374940 16 101649
1625180386998 16 101699
1625180399159 16 101749
1625180411286 16 101799
1625180423234 16 101849
1625180435388 16 101899
1625180447523 16 101949
1625180459517 16 101999
1625180471633 16 102049
1625180483747 16 102099
1625180495785 16 102149
1625180507970 16 102199
1625180519908 16 102249
1625180532052 16 102299
1625180544017 16 102349
1625180556193 16 102399
1625180568261 16 102449
1625180580457 16 102499
1625180592505 16 102549
1625180604601 16 102599
1625180616636 16 102649
1625180628706 16 102699
1625180640825 16 102749
1625180652828 16 102799
1625180664951 16 102849
1625180676954 16 102899
1625180689056 16 102949
1625180701158 16 102999
1625180713271 16 103049
1625180725261 16 103099
1625180737342 16 103149
1625180749361 16 103199
1625180761543 16 103249
1625180773668 16 103299
1625180785735 16 103349
1625180797997 16 103399
1625180810159 16 103449
1625180822277 16 103499
1625180834602 16 103549
1625180846703 16 103599
1625180858940 16 103649
1625180871071 16 103699
1625180883221 16 103749
1625180895511 16 103799
1625180907622 16 103849
1625180919761 16 103899
1625180932108 16 103949
1625180944173 16 103999
1625180956401 16 104049
1625180968665 16 104099
1625180980840 16 104149
1625180992920 16 104199
1625181004826 16 104249
1625181016812 16 104299
1625181028957 16 104349
1625181040912 16 104399
1625181053074 16 104449
1625181065034 16 104499
1625181077101 16 104549
1625181089066 16 104599
1625181101038 16 104649
1625181112956 16 104699
1625181125048 16 104749
1625181137111 16 104799
1625181149193 16 104849
1625181161167 16 104899
1625181173204 16 104949
1625181185222 16 104999
1625181197368 16 105049
1625181209326 16 105099
1625181221558 16 105149
1625181233850 16 105199
1625181246091 16 105249
1625181258228 16 105299
1625181270485 16 105349
1625181282579 16 105399
1625181294700 16 105449
1625181306800 16 105499
1625181318981 16 105549
1625181331191 16 105599
1625181343335 16 105649
1625181355635 16 105699
1625181367867 16 105749
1625181379987 16 105799
1625181392121 16 105849
1625181404130 16 105899
1625181416231 16 105949
1625181428222 16 105999
1625181440283 16 106049
1625181452292 16 106099
1625181464380 16 106149
1625181476560 16 106199
1625181490980 16 106249
1625181492116 16 106249
1625181697798 16 106249
1625181720073 17 106299
1625181731930 17 106349
1625181743735 17 106399
1625181755545 17 106449
1625181767341 17 106499
1625181779216 17 106549
1625181791187 17 106599
1625181803024 17 106649
1625181814875 17 106699
1625181826558 17 106749
1625181838407 17 106799
1625181850292 17 106849
1625181862105 17 106899
1625181873896 17 106949
1625181885708 17 106999
1625181897524 17 107049
1625181909409 17 107099
1625181921184 17 107149
1625181932988 17 107199
1625181944877 17 107249
1625181956772 17 107299
1625181968659 17 107349
1625181980509 17 107399
1625181992391 17 107449
1625182004025 17 107499
1625182015866 17 107549
1625182027753 17 107599
1625182039641 17 107649
1625182051571 17 107699
1625182063622 17 107749
1625182075787 17 107799
1625182087900 17 107849
1625182100087 17 107899
1625182112295 17 107949
1625182124307 17 107999
1625182136309 17 108049
1625182148485 17 108099
1625182160473 17 108149
1625182172509 17 108199
1625182184529 17 108249
1625182196669 17 108299
1625182208727 17 108349
1625182220833 17 108399
1625182232730 17 108449
1625182244858 17 108499
1625182257089 17 108549
1625182269066 17 108599
1625182281049 17 108649
1625182293130 17 108699
1625182305146 17 108749
1625182317242 17 108799
1625182329351 17 108849
1625182341352 17 108899
1625182353513 17 108949
1625182365481 17 108999
1625182377561 17 109049
1625182389651 17 109099
1625182401676 17 109149
1625182413760 17 109199
1625182425849 17 109249
1625182437913 17 109299
1625182449945 17 109349
1625182461820 17 109399
1625182473917 17 109449
1625182485964 17 109499
1625182498158 17 109549
1625182510448 17 109599
1625182522562 17 109649
1625182534899 17 109699
1625182547027 17 109749
1625182559166 17 109799
1625182571446 17 109849
1625182583587 17 109899
1625182595834 17 109949
1625182607977 17 109999
1625182620280 17 110049
1625182632438 17 110099
1625182644575 17 110149
1625182656659 17 110199
1625182668774 17 110249
1625182680850 17 110299
1625182692840 17 110349
1625182704824 17 110399
1625182716839 17 110449
1625182728828 17 110499
1625182740881 17 110549
1625182752926 17 110599
1625182764970 17 110649
1625182777057 17 110699
1625182789069 17 110749
1625182801126 17 110799
1625182813206 17 110849
1625182825274 17 110899
1625182837465 17 110949
1625182849569 17 110999
1625182861726 17 111049
1625182873899 17 111099
1625182886035 17 111149
1625182898244 17 111199
1625182910289 17 111249
1625182922565 17 111299
1625182934843 17 111349
1625182946911 17 111399
1625182959052 17 111449
1625182971337 17 111499
1625182983550 17 111549
1625182995765 17 111599
1625183007909 17 111649
1625183020069 17 111699
1625183032215 17 111749
1625183044180 17 111799
1625183056274 17 111849
1625183068267 17 111899
1625183080369 17 111949
1625183092480 17 111999
1625183104441 17 112049
1625183116567 17 112099
1625183128495 17 112149
1625183140851 17 112199
1625183152991 17 112249
1625183165122 17 112299
1625183177139 17 112349
1625183189031 17 112399
1625183201250 17 112449
1625183215795 17 112499
1625183216927 17 112499
1625183434252 17 112499
1625183456157 18 112549
1625183467934 18 112599
1625183479740 18 112649
1625183491625 18 112699
1625183503395 18 112749
1625183515156 18 112799
1625183526981 18 112849
1625183538739 18 112899
1625183550519 18 112949
1625183562291 18 112999
1625183574029 18 113049
1625183585843 18 113099
1625183597627 18 113149
1625183609494 18 113199
1625183621314 18 113249
1625183633115 18 113299
1625183644843 18 113349
1625183656570 18 113399
1625183668309 18 113449
1625183680097 18 113499
1625183691867 18 113549
1625183703582 18 113599
1625183715324 18 113649
1625183727057 18 113699
1625183738805 18 113749
1625183750664 18 113799
1625183762502 18 113849
1625183774556 18 113899
1625183786688 18 113949
1625183798799 18 113999
1625183810923 18 114049
1625183822939 18 114099
1625183835159 18 114149
1625183847150 18 114199
1625183859216 18 114249
1625183871298 18 114299
1625183883386 18 114349
1625183895551 18 114399
1625183907538 18 114449
1625183919719 18 114499
1625183931832 18 114549
1625183943794 18 114599
1625183955839 18 114649
1625183967838 18 114699
1625183979849 18 114749
1625183991965 18 114799
1625184004167 18 114849
1625184016197 18 114899
1625184028295 18 114949
1625184040275 18 114999
1625184052446 18 115049
1625184064578 18 115099
1625184076556 18 115149
1625184088620 18 115199
1625184100521 18 115249
1625184112610 18 115299
1625184124742 18 115349
1625184136738 18 115399
1625184148827 18 115449
1625184160724 18 115499
1625184172774 18 115549
1625184184786 18 115599
1625184196820 18 115649
1625184209060 18 115699
1625184221037 18 115749
1625184233312 18 115799
1625184245519 18 115849
1625184257666 18 115899
1625184269943 18 115949
1625184281998 18 115999
1625184294120 18 116049
1625184306234 18 116099
1625184318478 18 116149
1625184330666 18 116199
1625184342822 18 116249
1625184354948 18 116299
1625184367065 18 116349
1625184379060 18 116399
1625184391079 18 116449
1625184403102 18 116499
1625184415055 18 116549
1625184427118 18 116599
1625184439278 18 116649
1625184451412 18 116699
1625184463524 18 116749
1625184475705 18 116799
1625184487794 18 116849
1625184500034 18 116899
1625184512160 18 116949
1625184524414 18 116999
1625184536681 18 117049
1625184548822 18 117099
1625184560890 18 117149
1625184573128 18 117199
1625184585287 18 117249
1625184597417 18 117299
1625184609635 18 117349
1625184621749 18 117399
1625184633915 18 117449
1625184646037 18 117499
1625184658145 18 117549
1625184670262 18 117599
1625184682382 18 117649
1625184694494 18 117699
1625184706707 18 117749
1625184718876 18 117799
1625184730887 18 117849
1625184742969 18 117899
1625184754980 18 117949
1625184766985 18 117999
1625184778944 18 118049
1625184791016 18 118099
1625184803105 18 118149
1625184815179 18 118199
1625184827243 18 118249
1625184839287 18 118299
1625184851303 18 118349
1625184863417 18 118399
1625184875476 18 118449
1625184887606 18 118499
1625184899828 18 118549
1625184911879 18 118599
1625184923878 18 118649
1625184936209 18 118699
1625184950715 18 118749
1625184952484 18 118749
1625185174212 18 118749
1625185196206 19 118799
1625185208146 19 118849
1625185219919 19 118899
1625185231789 19 118949
1625185243638 19 118999
1625185255531 19 119049
1625185267408 19 119099
1625185279146 19 119149
1625185291022 19 119199
1625185302787 19 119249
1625185314509 19 119299
1625185326230 19 119349
1625185337916 19 119399
1625185349612 19 119449
1625185361349 19 119499
1625185373071 19 119549
1625185384848 19 119599
1625185396508 19 119649
1625185408186 19 119699
1625185419996 19 119749
1625185431753 19 119799
1625185443450 19 119849
1625185455291 19 119899
1625185467071 19 119949
1625185478961 19 119999
1625185490679 19 120049
1625185502550 19 120099
1625185514553 19 120149
1625185526796 19 120199
1625185538859 19 120249
1625185550864 19 120299
1625185562992 19 120349
1625185575032 19 120399
1625185587198 19 120449
1625185599199 19 120499
1625185611343 19 120549
1625185623365 19 120599
1625185635361 19 120649
1625185647345 19 120699
1625185659303 19 120749
1625185671273 19 120799
1625185683215 19 120849
1625185695312 19 120899
1625185707330 19 120949
1625185719289 19 120999
1625185731321 19 121049
1625185743469 19 121099
1625185755412 19 121149
1625185767489 19 121199
1625185779617 19 121249
1625185791655 19 121299
1625185803679 19 121349
1625185815639 19 121399
1625185827898 19 121449
1625185839938 19 121499
1625185851829 19 121549
1625185863846 19 121599
1625185875768 19 121649
1625185887967 19 121699
1625185900031 19 121749
1625185912345 19 121799
1625185924435 19 121849
1625185936607 19 121899
1625185948754 19 121949
1625185960762 19 121999
1625185972769 19 122049
1625185984973 19 122099
1625185997049 19 122149
1625186009239 19 122199
1625186021396 19 122249
1625186033623 19 122299
1625186045797 19 122349
1625186057785 19 122399
1625186069872 19 122449
1625186081915 19 122499
1625186094013 19 122549
1625186106180 19 122599
1625186118393 19 122649
1625186130649 19 122699
1625186142777 19 122749
1625186154974 19 122799
1625186167142 19 122849
1625186179206 19 122899
1625186191496 19 122949
1625186203532 19 122999
1625186215703 19 123049
1625186227809 19 123099
1625186239934 19 123149
1625186252148 19 123199
1625186264232 19 123249
1625186276243 19 123299
1625186288259 19 123349
1625186300408 19 123399
1625186312447 19 123449
1625186324515 19 123499
1625186336531 19 123549
1625186348572 19 123599
1625186360541 19 123649
1625186372641 19 123699
1625186384758 19 123749
1625186396824 19 123799
1625186408933 19 123849
1625186421040 19 123899
1625186433249 19 123949
1625186445248 19 123999
1625186457225 19 124049
1625186469239 19 124099
1625186481198 19 124149
1625186493339 19 124199
1625186505324 19 124249
1625186517314 19 124299
1625186529358 19 124349
1625186541440 19 124399
1625186553510 19 124449
1625186565486 19 124499
1625186577519 19 124549
1625186589524 19 124599
1625186601769 19 124649
1625186613971 19 124699
1625186626042 19 124749
1625186638243 19 124799
1625186650410 19 124849
1625186662490 19 124899
1625186674915 19 124949
1625186689391 19 124999
1625186690538 19 124999
1625186907867 19 124999
1625186929779 20 125049
1625186941582 20 125099
1625186953301 20 125149
1625186965075 20 125199
1625186976792 20 125249
1625186988520 20 125299
1625187000351 20 125349
1625187012095 20 125399
1625187023843 20 125449
1625187035489 20 125499
1625187047267 20 125549
1625187058958 20 125599
1625187070697 20 125649
1625187082460 20 125699
1625187094305 20 125749
1625187106017 20 125799
1625187117757 20 125849
1625187129445 20 125899
1625187141227 20 125949
1625187153044 20 125999
1625187164748 20 126049
1625187176399 20 126099
1625187188036 20 126149
1625187199799 20 126199
1625187211659 20 126249
1625187223451 20 126299
1625187235310 20 126349
1625187247143 20 126399
1625187259092 20 126449
1625187271136 20 126499
1625187283181 20 126549
1625187295184 20 126599
1625187307321 20 126649
1625187319265 20 126699
1625187331307 20 126749
1625187343313 20 126799
1625187355374 20 126849
1625187367368 20 126899
1625187379418 20 126949
1625187391409 20 126999
1625187403395 20 127049
1625187415237 20 127099
1625187427395 20 127149
1625187439411 20 127199
1625187451398 20 127249
1625187463522 20 127299
1625187475550 20 127349
1625187487767 20 127399
1625187499726 20 127449
1625187511706 20 127499
1625187523705 20 127549
1625187535890 20 127599
1625187548039 20 127649
1625187560286 20 127699
1625187572283 20 127749
1625187584627 20 127799
1625187596711 20 127849
1625187608957 20 127899
1625187621059 20 127949
1625187633188 20 127999
1625187645513 20 128049
1625187657661 20 128099
1625187669743 20 128149
1625187682043 20 128199
1625187694167 20 128249
1625187706301 20 128299
1625187718646 20 128349
1625187730747 20 128399
1625187743019 20 128449
1625187755027 20 128499
1625187767195 20 128549
1625187779359 20 128599
1625187791489 20 128649
1625187803672 20 128699
1625187815835 20 128749
1625187827987 20 128799
1625187840029 20 128849
1625187852153 20 128899
1625187864303 20 128949
1625187876352 20 128999
1625187888491 20 129049
1625187900560 20 129099
1625187912501 20 129149
1625187924550 20 129199
1625187936643 20 129249
1625187948669 20 129299
1625187960864 20 129349
1625187972871 20 129399
1625187984832 20 129449
1625187996910 20 129499
1625188008878 20 129549
1625188020853 20 129599
1625188032740 20 129649
1625188044854 20 129699
1625188056812 20 129749
1625188068896 20 129799
1625188081159 20 129849
1625188093237 20 129899
1625188105295 20 129949
1625188117353 20 129999
1625188129456 20 130049
1625188141439 20 130099
1625188153376 20 130149
1625188165477 20 130199
1625188177527 20 130249
1625188189592 20 130299
1625188201686 20 130349
1625188213600 20 130399
1625188225659 20 130449
1625188237740 20 130499
1625188249927 20 130549
1625188261969 20 130599
1625188274218 20 130649
1625188286487 20 130699
1625188298619 20 130749
1625188310725 20 130799
1625188322821 20 130849
1625188335055 20 130899
1625188347294 20 130949
1625188359474 20 130999
1625188371760 20 131049
1625188383988 20 131099
1625188396065 20 131149
1625188408530 20 131199
1625188422977 20 131249
1625188424150 20 131249
1625188636756 20 131249
1625188658067 21 131299
1625188669858 21 131349
1625188681600 21 131399
1625188693426 21 131449
1625188705060 21 131499
1625188716819 21 131549
1625188728505 21 131599
1625188740191 21 131649
1625188751969 21 131699
1625188763764 21 131749
1625188775613 21 131799
1625188787295 21 131849
1625188798955 21 131899
1625188810825 21 131949
1625188822505 21 131999
1625188834250 21 132049
1625188845979 21 132099
1625188857828 21 132149
1625188869539 21 132199
1625188881224 21 132249
1625188893032 21 132299
1625188904769 21 132349
1625188916546 21 132399
1625188928271 21 132449
1625188940056 21 132499
1625188951926 21 132549
1625188963846 21 132599
1625188975711 21 132649
1625188987664 21 132699
1625188999588 21 132749
1625189011560 21 132799
1625189023632 21 132849
1625189035785 21 132899
1625189047864 21 132949
1625189060121 21 132999
1625189072139 21 133049
1625189084145 21 133099
1625189096161 21 133149
1625189108182 21 133199
1625189120161 21 133249
1625189132295 21 133299
1625189144329 21 133349
1625189156357 21 133399
1625189168539 21 133449
1625189180513 21 133499
1625189192605 21 133549
1625189204722 21 133599
1625189216935 21 133649
1625189228931 21 133699
1625189240944 21 133749
1625189252911 21 133799
1625189264925 21 133849
1625189277072 21 133899
1625189289328 21 133949
1625189301409 21 133999
1625189313633 21 134049
1625189325739 21 134099
1625189337989 21 134149
1625189350187 21 134199
1625189362222 21 134249
1625189374460 21 134299
1625189386597 21 134349
1625189398816 21 134399
1625189411058 21 134449
1625189423234 21 134499
1625189435537 21 134549
1625189447690 21 134599
1625189459849 21 134649
1625189472050 21 134699
1625189484222 21 134749
1625189496454 21 134799
1625189508500 21 134849
1625189520633 21 134899
1625189532705 21 134949
1625189544909 21 134999
1625189556909 21 135049
1625189569032 21 135099
1625189581063 21 135149
1625189593246 21 135199
1625189605199 21 135249
1625189617218 21 135299
1625189629353 21 135349
1625189641476 21 135399
1625189653565 21 135449
1625189665657 21 135499
1625189677662 21 135549
1625189689840 21 135599
1625189701887 21 135649
1625189714066 21 135699
1625189725998 21 135749
1625189738078 21 135799
1625189750117 21 135849
1625189762015 21 135899
1625189774177 21 135949
1625189786224 21 135999
1625189798203 21 136049
1625189810296 21 136099
1625189822375 21 136149
1625189834448 21 136199
1625189846385 21 136249
1625189858382 21 136299
1625189870618 21 136349
1625189882756 21 136399
1625189895057 21 136449
1625189907169 21 136499
1625189919533 21 136549
1625189931721 21 136599
1625189943926 21 136649
1625189955997 21 136699
1625189968020 21 136749
1625189980403 21 136799
1625189992521 21 136849
1625190004778 21 136899
1625190016923 21 136949
1625190029068 21 136999
1625190041284 21 137049
1625190053498 21 137099
1625190065618 21 137149
1625190077928 21 137199
1625190090068 21 137249
1625190102113 21 137299
1625190114496 21 137349
1625190126564 21 137399
1625190139111 21 137449
1625190153569 21 137499
1625190155285 21 137499
1625190371362 21 137499
1625190393048 22 137549
1625190404792 22 137599
1625190416647 22 137649
1625190428359 22 137699
1625190440083 22 137749
1625190451821 22 137799
1625190463501 22 137849
1625190475336 22 137899
1625190487039 22 137949
1625190498735 22 137999
1625190510383 22 138049
1625190522089 22 138099
1625190533884 22 138149
1625190545665 22 138199
1625190557481 22 138249
1625190569290 22 138299
1625190581058 22 138349
1625190592765 22 138399
1625190604596 22 138449
1625190616357 22 138499
1625190628178 22 138549
1625190639903 22 138599
1625190651681 22 138649
1625190663443 22 138699
1625190675225 22 138749
1625190686939 22 138799
1625190698886 22 138849
1625190710760 22 138899
1625190722712 22 138949
1625190734798 22 138999
1625190746992 22 139049
1625190759050 22 139099
1625190771203 22 139149
1625190783171 22 139199
1625190795132 22 139249
1625190807198 22 139299
1625190819323 22 139349
1625190831569 22 139399
1625190843625 22 139449
1625190855735 22 139499
1625190867907 22 139549
1625190879968 22 139599
1625190892091 22 139649
1625190904158 22 139699
1625190916316 22 139749
1625190928458 22 139799
1625190940717 22 139849
1625190952749 22 139899
1625190964908 22 139949
1625190977058 22 139999
1625190989259 22 140049
1625191001424 22 140099
1625191013607 22 140149
1625191025947 22 140199
1625191038091 22 140249
1625191050313 22 140299
1625191062478 22 140349
1625191074586 22 140399
1625191086713 22 140449
1625191098805 22 140499
1625191111169 22 140549
1625191123264 22 140599
1625191135560 22 140649
1625191147828 22 140699
1625191159861 22 140749
1625191172073 22 140799
1625191184176 22 140849
1625191196310 22 140899
1625191208353 22 140949
1625191220412 22 140999
1625191232718 22 141049
1625191244713 22 141099
1625191256709 22 141149
1625191268823 22 141199
1625191280859 22 141249
1625191292913 22 141299
1625191305106 22 141349
1625191317165 22 141399
1625191329431 22 141449
1625191341476 22 141499
1625191353390 22 141549
1625191365420 22 141599
1625191377489 22 141649
1625191389578 22 141699
1625191401630 22 141749
1625191413778 22 141799
1625191425814 22 141849
1625191437895 22 141899
1625191450040 22 141949
1625191461994 22 141999
1625191474099 22 142049
1625191486186 22 142099
1625191498364 22 142149
1625191510652 22 142199
1625191522737 22 142249
1625191534823 22 142299
1625191547030 22 142349
1625191559230 22 142399
1625191571568 22 142449
1625191583676 22 142499
1625191595851 22 142549
1625191608027 22 142599
1625191620202 22 142649
1625191632459 22 142699
1625191644544 22 142749
1625191656636 22 142799
1625191668648 22 142849
1625191680817 22 142899
1625191693137 22 142949
1625191705333 22 142999
1625191717518 22 143049
1625191729632 22 143099
1625191741821 22 143149
1625191754032 22 143199
1625191766302 22 143249
1625191778320 22 143299
1625191790377 22 143349
1625191802530 22 143399
1625191814778 22 143449
1625191827012 22 143499
1625191839161 22 143549
1625191851302 22 143599
1625191863387 22 143649
1625191875776 22 143699
1625191890242 22 143749
1625191891377 22 143749
1625192112631 22 143749
1625192133958 23 143799
1625192145748 23 143849
1625192157543 23 143899
1625192169305 23 143949
1625192181121 23 143999
1625192192845 23 144049
1625192204576 23 144099
1625192216325 23 144149
1625192228125 23 144199
1625192239917 23 144249
1625192251704 23 144299
1625192263483 23 144349
1625192275253 23 144399
1625192287025 23 144449
1625192298797 23 144499
1625192310496 23 144549
1625192322416 23 144599
1625192334210 23 144649
1625192345978 23 144699
1625192357758 23 144749
1625192369540 23 144799
1625192381635 23 144849
1625192393617 23 144899
1625192405371 23 144949
1625192417140 23 144999
1625192429018 23 145049
1625192440768 23 145099
1625192452586 23 145149
1625192464542 23 145199
1625192476615 23 145249
1625192488759 23 145299
1625192500787 23 145349
1625192512797 23 145399
1625192524823 23 145449
1625192537027 23 145499
1625192549199 23 145549
1625192561152 23 145599
1625192573229 23 145649
1625192585315 23 145699
1625192597484 23 145749
1625192609563 23 145799
1625192621702 23 145849
1625192633901 23 145899
1625192646153 23 145949
1625192658307 23 145999
1625192670609 23 146049
1625192682700 23 146099
1625192694880 23 146149
1625192707132 23 146199
1625192719216 23 146249
1625192731518 23 146299
1625192743667 23 146349
1625192755913 23 146399
1625192768152 23 146449
1625192780329 23 146499
1625192792783 23 146549
1625192805029 23 146599
1625192817243 23 146649
1625192829426 23 146699
1625192841556 23 146749
1625192853687 23 146799
1625192865978 23 146849
1625192878159 23 146899
1625192890314 23 146949
1625192902480 23 146999
1625192914614 23 147049
1625192926743 23 147099
1625192938742 23 147149
1625192950847 23 147199
1625192963064 23 147249
1625192975219 23 147299
1625192987445 23 147349
1625192999480 23 147399
1625193011593 23 147449
1625193023762 23 147499
1625193036000 23 147549
1625193048134 23 147599
1625193060200 23 147649
1625193072297 23 147699
1625193084317 23 147749
1625193096495 23 147799
1625193108773 23 147849
1625193120967 23 147899
1625193133184 23 147949
1625193145478 23 147999
1625193157590 23 148049
1625193169648 23 148099
1625193181801 23 148149
1625193194066 23 148199
1625193206382 23 148249
1625193221102 23 148299
1625193233227 23 148349
1625193245342 23 148399
1625193257768 23 148449
1625193269933 23 148499
1625193281989 23 148549
1625193294238 23 148599
1625193306345 23 148649
1625193318552 23 148699
1625193330747 23 148749
1625193342876 23 148799
1625193355002 23 148849
1625193367198 23 148899
1625193379484 23 148949
1625193391666 23 148999
1625193403786 23 149049
1625193415965 23 149099
1625193428110 23 149149
1625193440353 23 149199
1625193452638 23 149249
1625193464881 23 149299
1625193477103 23 149349
1625193489141 23 149399
1625193501350 23 149449
1625193513326 23 149499
1625193525466 23 149549
1625193537425 23 149599
1625193549507 23 149649
1625193561708 23 149699
1625193573938 23 149749
1625193585938 23 149799
1625193597941 23 149849
1625193610142 23 149899
1625193622509 23 149949
1625193637023 23 149999
1625193638156 23 149999
1625193848004 23 149999
1625193870299 24 150049
1625193882104 24 150099
1625193893878 24 150149
1625193905544 24 150199
1625193917312 24 150249
1625193929157 24 150299
1625193940935 24 150349
1625193952713 24 150399
1625193964465 24 150449
1625193976153 24 150499
1625193987879 24 150549
1625193999585 24 150599
1625194011291 24 150649
1625194023143 24 150699
1625194034968 24 150749
1625194046768 24 150799
1625194058585 24 150849
1625194070324 24 150899
1625194082149 24 150949
1625194093874 24 150999
1625194105706 24 151049
1625194117559 24 151099
1625194129221 24 151149
1625194141039 24 151199
1625194152808 24 151249
1625194164570 24 151299
1625194176456 24 151349
1625194188389 24 151399
1625194200639 24 151449
1625194212593 24 151499
1625194224607 24 151549
1625194236497 24 151599
1625194248606 24 151649
1625194260602 24 151699
1625194272693 24 151749
1625194284799 24 151799
1625194297034 24 151849
1625194309143 24 151899
1625194321250 24 151949
1625194333503 24 151999
1625194345665 24 152049
1625194357855 24 152099
1625194370202 24 152149
1625194382391 24 152199
1625194394653 24 152249
1625194406910 24 152299
1625194419076 24 152349
1625194431182 24 152399
1625194443493 24 152449
1625194455583 24 152499
1625194467881 24 152549
1625194480006 24 152599
1625194492192 24 152649
1625194504403 24 152699
1625194516602 24 152749
1625194528773 24 152799
1625194540883 24 152849
1625194553081 24 152899
1625194565230 24 152949
1625194577455 24 152999
1625194589600 24 153049
1625194601793 24 153099
1625194613861 24 153149
1625194626070 24 153199
1625194638158 24 153249
1625194650274 24 153299
1625194662309 24 153349
1625194674482 24 153399
1625194686624 24 153449
1625194698717 24 153499
1625194710869 24 153549
1625194723064 24 153599
1625194735213 24 153649
1625194747436 24 153699
1625194759709 24 153749
1625194771886 24 153799
1625194784040 24 153849
1625194796152 24 153899
1625194808304 24 153949
1625194820452 24 153999
1625194832558 24 154049
1625194844797 24 154099
1625194856934 24 154149
1625194869170 24 154199
1625194881202 24 154249
1625194893355 24 154299
1625194905256 24 154349
1625194917597 24 154399
1625194929763 24 154449
1625194942004 24 154499
1625194954242 24 154549
1625194966416 24 154599
1625194978576 24 154649
1625194990717 24 154699
1625195002823 24 154749
1625195014992 24 154799
1625195027249 24 154849
1625195039451 24 154899
1625195051672 24 154949
1625195063846 24 154999
1625195076025 24 155049
1625195088065 24 155099
1625195100152 24 155149
1625195112225 24 155199
1625195124257 24 155249
1625195136354 24 155299
1625195148421 24 155349
1625195160532 24 155399
1625195172650 24 155449
1625195184673 24 155499
1625195196930 24 155549
1625195209044 24 155599
1625195221096 24 155649
1625195233189 24 155699
1625195245221 24 155749
1625195257286 24 155799
1625195270421 24 155849
1625195282350 24 155899
1625195294498 24 155949
1625195306575 24 155999
1625195318725 24 156049
1625195330880 24 156099
1625195342999 24 156149
1625195355294 24 156199
1625195369760 24 156249
1625195370903 24 156249
1625195570979 24 156249
1625195592761 25 156299
1625195604490 25 156349
1625195616209 25 156399
1625195627928 25 156449
1625195639736 25 156499
1625195651497 25 156549
1625195663259 25 156599
1625195675038 25 156649
1625195686812 25 156699
1625195698537 25 156749
1625195710273 25 156799
1625195722043 25 156849
1625195733854 25 156899
1625195745670 25 156949
1625195757389 25 156999
1625195769072 25 157049
1625195780931 25 157099
1625195792626 25 157149
1625195804436 25 157199
1625195816247 25 157249
1625195827967 25 157299
1625195839720 25 157349
1625195851545 25 157399
1625195863248 25 157449
1625195874955 25 157499
1625195886682 25 157549
1625195898566 25 157599
1625195910522 25 157649
1625195922622 25 157699
1625195934748 25 157749
1625195946883 25 157799
1625195959004 25 157849
1625195971202 25 157899
1625195983290 25 157949
1625195995400 25 157999
1625196007502 25 158049
1625196019660 25 158099
1625196031791 25 158149
1625196043969 25 158199
1625196056080 25 158249
1625196068169 25 158299
1625196080277 25 158349
1625196092325 25 158399
1625196104329 25 158449
1625196116420 25 158499
1625196128522 25 158549
1625196140633 25 158599
1625196152867 25 158649
1625196165125 25 158699
1625196177234 25 158749
1625196189287 25 158799
1625196201352 25 158849
1625196213446 25 158899
1625196225458 25 158949
1625196237615 25 158999
1625196249779 25 159049
1625196261870 25 159099
1625196274060 25 159149
1625196286218 25 159199
1625196298408 25 159249
1625196310623 25 159299
1625196322741 25 159349
1625196334855 25 159399
1625196346878 25 159449
1625196359064 25 159499
1625196371229 25 159549
1625196383427 25 159599
1625196395575 25 159649
1625196407713 25 159699
1625196419851 25 159749
1625196432049 25 159799
1625196444231 25 159849
1625196456507 25 159899
1625196468715 25 159949
1625196480911 25 159999
1625196493043 25 160049
1625196505180 25 160099
1625196517340 25 160149
1625196529368 25 160199
1625196541514 25 160249
1625196553600 25 160299
1625196565813 25 160349
1625196577865 25 160399
1625196590022 25 160449
1625196602157 25 160499
1625196614273 25 160549
1625196626611 25 160599
1625196638725 25 160649
1625196651009 25 160699
1625196663118 25 160749
1625196675311 25 160799
1625196687503 25 160849
1625196699727 25 160899
1625196711794 25 160949
1625196723950 25 160999
1625196735985 25 161049
1625196748065 25 161099
1625196760099 25 161149
1625196772255 25 161199
1625196784272 25 161249
1625196796310 25 161299
1625196808390 25 161349
1625196820482 25 161399
1625196832623 25 161449
1625196844902 25 161499
1625196856887 25 161549
1625196869107 25 161599
1625196881155 25 161649
1625196893264 25 161699
1625196905471 25 161749
1625196917530 25 161799
1625196929699 25 161849
1625196941754 25 161899
1625196953869 25 161949
1625196965948 25 161999
1625196977996 25 162049
1625196990085 25 162099
1625197002260 25 162149
1625197014419 25 162199
1625197026386 25 162249
1625197038447 25 162299
1625197050645 25 162349
1625197062847 25 162399
1625197075359 25 162449
1625197089791 25 162499
1625197090926 25 162499
1625197295121 25 162499
1625197316467 26 162549
1625197328235 26 162599
1625197340042 26 162649
1625197351781 26 162699
1625197363584 26 162749
1625197375339 26 162799
1625197386969 26 162849
1625197398759 26 162899
1625197410478 26 162949
1625197422192 26 162999
1625197433976 26 163049
1625197445670 26 163099
1625197457475 26 163149
1625197469281 26 163199
1625197481011 26 163249
1625197492769 26 163299
1625197504502 26 163349
1625197516218 26 163399
1625197528112 26 163449
1625197539907 26 163499
1625197551798 26 163549
1625197563612 26 163599
1625197575499 26 163649
1625197587297 26 163699
1625197599164 26 163749
1625197610966 26 163799
1625197622873 26 163849
1625197634943 26 163899
1625197647082 26 163949
1625197659251 26 163999
1625197671328 26 164049
1625197683355 26 164099
1625197695522 26 164149
1625197707659 26 164199
1625197719710 26 164249
1625197731838 26 164299
1625197744021 26 164349
1625197756034 26 164399
1625197768061 26 164449
1625197780053 26 164499
1625197792196 26 164549
1625197804178 26 164599
1625197816289 26 164649
1625197828347 26 164699
1625197840306 26 164749
1625197852563 26 164799
1625197864757 26 164849
1625197876978 26 164899
1625197889188 26 164949
1625197901398 26 164999
1625197913561 26 165049
1625197925588 26 165099
1625197937721 26 165149
1625197949785 26 165199
1625197961941 26 165249
1625197974156 26 165299
1625197986472 26 165349
1625197998613 26 165399
1625198010858 26 165449
1625198022895 26 165499
1625198035202 26 165549
1625198047294 26 165599
1625198059346 26 165649
1625198071457 26 165699
1625198083614 26 165749
1625198095818 26 165799
1625198107955 26 165849
1625198120072 26 165899
1625198132273 26 165949
1625198144389 26 165999
1625198156538 26 166049
1625198168742 26 166099
1625198180861 26 166149
1625198193067 26 166199
1625198205190 26 166249
1625198217387 26 166299
1625198229706 26 166349
1625198241724 26 166399
1625198253852 26 166449
1625198265971 26 166499
1625198278078 26 166549
1625198290264 26 166599
1625198302599 26 166649
1625198314677 26 166699
1625198326785 26 166749
1625198338764 26 166799
1625198350709 26 166849
1625198362702 26 166899
1625198374709 26 166949
1625198386786 26 166999
1625198398703 26 167049
1625198410723 26 167099
1625198422712 26 167149
1625198434812 26 167199
1625198446880 26 167249
1625198458900 26 167299
1625198471001 26 167349
1625198482990 26 167399
1625198495052 26 167449
1625198507088 26 167499
1625198519085 26 167549
1625198531058 26 167599
1625198543181 26 167649
1625198555241 26 167699
1625198567271 26 167749
1625198579208 26 167799
1625198591223 26 167849
1625198603409 26 167899
1625198615511 26 167949
1625198627522 26 167999
1625198639530 26 168049
1625198651510 26 168099
1625198663513 26 168149
1625198675543 26 168199
1625198687721 26 168249
1625198699769 26 168299
1625198711704 26 168349
1625198723817 26 168399
1625198735891 26 168449
1625198747981 26 168499
1625198759944 26 168549
1625198772123 26 168599
1625198784174 26 168649
1625198796429 26 168699
1625198810866 26 168749
1625198812574 26 168749
1625198995666 26 168749
1625199016844 27 168799
1625199028637 27 168849
1625199040302 27 168899
1625199051958 27 168949
1625199063550 27 168999
1625199075242 27 169049
1625199086891 27 169099
1625199098550 27 169149
1625199110213 27 169199
1625199121853 27 169249
1625199133634 27 169299
1625199145451 27 169349
1625199157149 27 169399
1625199168974 27 169449
1625199180876 27 169499
1625199192648 27 169549
1625199204500 27 169599
1625199216366 27 169649
1625199228107 27 169699
1625199239945 27 169749
1625199251814 27 169799
1625199263635 27 169849
1625199275433 27 169899
1625199287221 27 169949
1625199298964 27 169999
1625199310696 27 170049
1625199322421 27 170099
1625199334245 27 170149
1625199346274 27 170199
1625199358230 27 170249
1625199370217 27 170299
1625199382368 27 170349
1625199394333 27 170399
1625199406287 27 170449
1625199418461 27 170499
1625199430501 27 170549
1625199442570 27 170599
1625199454609 27 170649
1625199466533 27 170699
1625199478542 27 170749
1625199490608 27 170799
1625199502687 27 170849
1625199514635 27 170899
1625199526646 27 170949
1625199538512 27 170999
1625199550606 27 171049
1625199562722 27 171099
1625199574877 27 171149
1625199586933 27 171199
1625199599091 27 171249
1625199611300 27 171299
1625199623542 27 171349
1625199635782 27 171399
1625199647912 27 171449
1625199660094 27 171499
1625199672351 27 171549
1625199684695 27 171599
1625199696742 27 171649
1625199708900 27 171699
1625199721061 27 171749
1625199733302 27 171799
1625199745479 27 171849
1625199757618 27 171899
1625199769824 27 171949
1625199782041 27 171999
1625199794211 27 172049
1625199806369 27 172099
1625199818515 27 172149
1625199830702 27 172199
1625199842958 27 172249
1625199855247 27 172299
1625199867427 27 172349
1625199879536 27 172399
1625199891787 27 172449
1625199904028 27 172499
1625199916200 27 172549
1625199928316 27 172599
1625199940330 27 172649
1625199952474 27 172699
1625199964360 27 172749
1625199976323 27 172799
1625199988427 27 172849
1625200000270 27 172899
1625200012533 27 172949
1625200024516 27 172999
1625200036453 27 173049
1625200048456 27 173099
1625200060293 27 173149
1625200072310 27 173199
1625200084382 27 173249
1625200096554 27 173299
1625200108703 27 173349
1625200120738 27 173399
1625200132666 27 173449
1625200144660 27 173499
1625200156677 27 173549
1625200168696 27 173599
1625200180671 27 173649
1625200192599 27 173699
1625200204608 27 173749
1625200216513 27 173799
1625200228681 27 173849
1625200240594 27 173899
1625200252498 27 173949
1625200264544 27 173999
1625200276437 27 174049
1625200288503 27 174099
1625200300359 27 174149
1625200312340 27 174199
1625200324326 27 174249
1625200336341 27 174299
1625200348289 27 174349
1625200361246 27 174399
1625200373177 27 174449
1625200385239 27 174499
1625200397198 27 174549
1625200409232 27 174599
1625200421236 27 174649
1625200433350 27 174699
1625200445333 27 174749
1625200457280 27 174799
1625200469503 27 174849
1625200481504 27 174899
1625200493819 27 174949
1625200508292 27 174999
1625200509451 27 174999
1625200691976 27 174999
1625200713174 28 175049
1625200724869 28 175099
1625200736543 28 175149
1625200748342 28 175199
1625200760173 28 175249
1625200771934 28 175299
1625200783696 28 175349
1625200795550 28 175399
1625200807263 28 175449
1625200819028 28 175499
1625200830697 28 175549
1625200842465 28 175599
1625200854313 28 175649
1625200865983 28 175699
1625200877740 28 175749
1625200889508 28 175799
1625200901281 28 175849
1625200913172 28 175899
1625200924764 28 175949
1625200936462 28 175999
1625200948088 28 176049
1625200959778 28 176099
1625200971502 28 176149
1625200983245 28 176199
1625200994886 28 176249
1625201006568 28 176299
1625201018307 28 176349
1625201030174 28 176399
1625201042202 28 176449
1625201054273 28 176499
1625201066184 28 176549
1625201078228 28 176599
1625201090238 28 176649
1625201102326 28 176699
1625201114593 28 176749
1625201126527 28 176799
1625201138626 28 176849
1625201150633 28 176899
1625201162691 28 176949
1625201174661 28 176999
1625201186812 28 177049
1625201198755 28 177099
1625201210814 28 177149
1625201222805 28 177199
1625201234946 28 177249
1625201247127 28 177299
1625201259084 28 177349
1625201271474 28 177399
1625201283703 28 177449
1625201295885 28 177499
1625201308215 28 177549
1625201320151 28 177599
1625201332294 28 177649
1625201344482 28 177699
1625201356593 28 177749
1625201368935 28 177799
1625201381028 28 177849
1625201393106 28 177899
1625201405288 28 177949
1625201417447 28 177999
1625201429660 28 178049
1625201441798 28 178099
1625201453929 28 178149
1625201466006 28 178199
1625201478119 28 178249
1625201490192 28 178299
1625201502411 28 178349
1625201514607 28 178399
1625201526519 28 178449
1625201538575 28 178499
1625201550434 28 178549
1625201562520 28 178599
1625201574536 28 178649
1625201586641 28 178699
1625201598577 28 178749
1625201610586 28 178799
1625201622557 28 178849
1625201634576 28 178899
1625201646527 28 178949
1625201658639 28 178999
1625201670540 28 179049
1625201682421 28 179099
1625201694355 28 179149
1625201706411 28 179199
1625201718339 28 179249
1625201730268 28 179299
1625201742285 28 179349
1625201754249 28 179399
1625201766196 28 179449
1625201778357 28 179499
1625201790324 28 179549
1625201802333 28 179599
1625201814190 28 179649
1625201826197 28 179699
1625201838142 28 179749
1625201850084 28 179799
1625201862020 28 179849
1625201873999 28 179899
1625201885816 28 179949
1625201897795 28 179999
1625201909761 28 180049
1625201921798 28 180099
1625201933812 28 180149
1625201945749 28 180199
1625201957642 28 180249
1625201969662 28 180299
1625201981686 28 180349
1625201993759 28 180399
1625202005749 28 180449
1625202017678 28 180499
1625202029638 28 180549
1625202041614 28 180599
1625202053463 28 180649
1625202065395 28 180699
1625202077376 28 180749
1625202089426 28 180799
1625202101463 28 180849
1625202113272 28 180899
1625202125306 28 180949
1625202137284 28 180999
1625202149354 28 181049
1625202161537 28 181099
1625202173632 28 181149
1625202186011 28 181199
1625202200513 28 181249
1625202201646 28 181249
1625202379621 28 181249
1625202401269 29 181299
1625202412988 29 181349
1625202424769 29 181399
1625202436523 29 181449
1625202448262 29 181499
1625202460022 29 181549
1625202471725 29 181599
1625202483563 29 181649
1625202495445 29 181699
1625202507138 29 181749
1625202518772 29 181799
1625202530433 29 181849
1625202542116 29 181899
1625202553781 29 181949
1625202565452 29 181999
1625202577106 29 182049
1625202588792 29 182099
1625202600557 29 182149
1625202612155 29 182199
1625202623930 29 182249
1625202635561 29 182299
1625202647244 29 182349
1625202658872 29 182399
1625202670596 29 182449
1625202682322 29 182499
1625202694054 29 182549
1625202705793 29 182599
1625202717693 29 182649
1625202729642 29 182699
1625202741610 29 182749
1625202753631 29 182799
1625202765605 29 182849
1625202777619 29 182899
1625202789543 29 182949
1625202801458 29 182999
1625202813262 29 183049
1625202825198 29 183099
1625202837251 29 183149
1625202849210 29 183199
1625202861057 29 183249
1625202873048 29 183299
1625202884942 29 183349
1625202896914 29 183399
1625202908918 29 183449
1625202920728 29 183499
1625202932682 29 183549
1625202944669 29 183599
1625202956615 29 183649
1625202968833 29 183699
1625202980887 29 183749
1625202993107 29 183799
1625203005314 29 183849
1625203017530 29 183899
1625203029729 29 183949
1625203041877 29 183999
1625203054060 29 184049
1625203066109 29 184099
1625203078245 29 184149
1625203090386 29 184199
1625203102430 29 184249
1625203114429 29 184299
1625203126360 29 184349
1625203138308 29 184399
1625203150298 29 184449
1625203162237 29 184499
1625203174155 29 184549
1625203186105 29 184599
1625203198128 29 184649
1625203210157 29 184699
1625203222121 29 184749
1625203234156 29 184799
1625203246199 29 184849
1625203258097 29 184899
1625203269963 29 184949
1625203281914 29 184999
1625203293853 29 185049
1625203305903 29 185099
1625203317980 29 185149
1625203329928 29 185199
1625203341780 29 185249
1625203353703 29 185299
1625203365502 29 185349
1625203377323 29 185399
1625203389259 29 185449
1625203401152 29 185499
1625203413096 29 185549
1625203424935 29 185599
1625203436827 29 185649
1625203448669 29 185699
1625203460617 29 185749
1625203472437 29 185799
1625203484208 29 185849
1625203496180 29 185899
1625203508199 29 185949
1625203520116 29 185999
1625203532010 29 186049
1625203543902 29 186099
1625203555928 29 186149
1625203567927 29 186199
1625203579853 29 186249
1625203591811 29 186299
1625203603736 29 186349
1625203615614 29 186399
1625203627546 29 186449
1625203639500 29 186499
1625203651374 29 186549
1625203663419 29 186599
1625203675319 29 186649
1625203687313 29 186699
1625203699239 29 186749
1625203711224 29 186799
1625203723152 29 186849
1625203734983 29 186899
1625203747140 29 186949
1625203759024 29 186999
1625203771026 29 187049
1625203783031 29 187099
1625203795022 29 187149
1625203807002 29 187199
1625203818870 29 187249
1625203831036 29 187299
1625203843200 29 187349
1625203855264 29 187399
1625203867639 29 187449
1625203882099 29 187499
1625203883964 29 187499
1625204053883 29 187499
