1625152644377 0.001 0
1625154356497 0.0009972609476841367 6250
1625156054128 0.0009890738003669028 12500
1625157762733 0.0009755282581475768 18750
1625159476367 0.0009567727288213003 25000
1625161176051 0.0009330127018922195 31250
1625162872360 0.0009045084971874739 37500
1625164569492 0.0008715724127386972 43750
1625166264145 0.0008345653031794292 50000
1625167961766 0.0007938926261462366 56250
1625169658563 0.00075 62500
1625171373088 0.0007033683215379003 68750
1625173085173 0.0006545084971874739 75000
1625174815477 0.0006039558454088797 81250
1625176525428 0.0005522642316338269 87500
1625178252291 0.0005000000000000002 93750
1625179972747 0.0004477357683661734 100000
1625181697828 0.00039604415459112036 106250
1625183434263 0.0003454915028125264 112500
1625185174219 0.00029663167846210003 118750
1625186907874 0.00025000000000000017 125000
1625188636779 0.00020610737385376354 131250
1625190371368 0.00016543469682057108 137500
1625192112657 0.00012842758726130303 143750
1625193848018 9.549150281252637e-05 150000
1625195570999 6.698729810778068e-05 156250
1625197295146 4.322727117869953e-05 162500
1625198995692 2.447174185242324e-05 168750
1625200691997 1.092619963309716e-05 175000
1625202379680 2.7390523158633003e-06 181250
