1625154151113 20.788158416748047 6249
1625154356247 20.788158416748047 0
1625155867795 17.71973991394043 12499
1625156054083 17.71973991394043 1
1625157569157 17.094959259033203 18749
1625157762666 17.094959259033203 2
1625159284627 16.62241554260254 24999
1625159476207 16.62241554260254 3
1625160992069 16.038040161132812 31249
1625161175734 16.038040161132812 4
1625162688820 15.53856372833252 37499
1625162872262 15.53856372833252 5
1625164386992 15.159568786621094 43749
1625164569420 15.159568786621094 6
1625166083386 15.033180236816406 49999
1625166264021 15.033180236816406 7
1625167781677 14.930891036987305 56249
1625167961702 14.930891036987305 8
1625169478652 14.844612121582031 62499
1625169658311 14.844612121582031 9
1625171175736 14.760194778442383 68749
1625171372936 14.760194778442383 10
1625172890662 14.662657737731934 74999
1625173085037 14.662657737731934 11
1625174604449 14.57933235168457 81249
1625174815331 14.57933235168457 12
1625176328795 14.510985374450684 87499
1625176525354 14.510985374450684 13
1625178039724 14.45059871673584 93749
1625178251973 14.45059871673584 14
1625179771312 14.386730194091797 99999
1625179972587 14.386730194091797 15
1625181492116 14.335439682006836 106249
1625181697718 14.335439682006836 16
1625183216927 14.285277366638184 112499
1625183434176 14.285277366638184 17
1625184952484 14.240864753723145 118749
1625185174146 14.240864753723145 18
1625186690538 14.193222045898438 124999
1625186907579 14.193222045898438 19
1625188424150 14.151960372924805 131249
1625188636629 14.151960372924805 20
1625190155285 14.111844062805176 137499
1625190371297 14.111844062805176 21
1625191891377 14.077484130859375 143749
1625192112466 14.077484130859375 22
1625193638156 14.046242713928223 149999
1625193847949 14.046242713928223 23
1625195370903 14.017387390136719 156249
1625195570734 14.017387390136719 24
1625197090926 13.991042137145996 162499
1625197295039 13.991042137145996 25
1625198812574 13.973928451538086 168749
1625198995599 13.973928451538086 26
1625200509451 13.957453727722168 174999
1625200691874 13.957453727722168 27
1625202201646 13.943120002746582 181249
1625202379556 13.943120002746582 28
1625203883964 13.938837051391602 187499
1625204053649 13.938837051391602 29
