1625154356247 18.15134048461914 0
1625156054083 17.080339431762695 1
1625157762666 16.738527297973633 2
1625159476207 16.257164001464844 3
1625161175734 16.162967681884766 4
1625162872262 14.715316772460938 5
1625164569420 15.048556327819824 6
1625166264021 15.05331802368164 7
1625167961702 15.017629623413086 8
1625169658311 15.43028450012207 9
1625171372936 14.675479888916016 10
1625173085037 14.49656867980957 11
1625174815331 14.160669326782227 12
1625176525354 14.499963760375977 13
1625178251973 14.157326698303223 14
1625179972587 13.72477912902832 15
1625181697718 14.539602279663086 16
1625183434176 14.506044387817383 17
1625185174146 14.78032398223877 18
1625186907579 14.3268404006958 19
1625188636629 14.457412719726562 20
1625190371297 14.224235534667969 21
1625192112466 13.92955207824707 22
1625193847949 13.525976181030273 23
1625195570734 13.871606826782227 24
1625197295039 14.611520767211914 25
1625198995599 13.381790161132812 26
1625200691874 13.833343505859375 27
1625202379556 13.53107738494873 28
1625204053649 14.047468185424805 29
