1626898049349 0 49
1626898077748 0 99
1626898106034 0 149
1626898134296 0 199
1626898162635 0 249
1626898190949 0 299
1626898219247 0 349
1626898247595 0 399
1626898276003 0 449
1626898305768 0 499
1626898335738 0 549
1626898364300 0 599
1626898393303 0 649
1626898422104 0 699
1626898451146 0 749
1626898480167 0 799
1626898509092 0 849
1626898537831 0 899
1626898566768 0 949
1626898595537 0 999
1626898624300 0 1049
1626898653427 0 1099
1626898683110 0 1149
1626898712214 0 1199
1626898741023 0 1249
1626898769955 0 1299
1626898798971 0 1349
1626898827795 0 1399
1626898856719 0 1449
1626898885650 0 1499
1626898914752 0 1549
1626898943848 0 1599
1626898972916 0 1649
1626899001966 0 1699
1626899030842 0 1749
1626899059790 0 1799
1626899088877 0 1849
1626899117773 0 1899
1626899146496 0 1949
1626899175347 0 1999
1626899204467 0 2049
1626899233441 0 2099
1626899262571 0 2149
1626899291511 0 2199
1626899320391 0 2249
1626899349544 0 2299
1626899378655 0 2349
1626899407766 0 2399
1626899436790 0 2449
1626899465816 0 2499
1626899494669 0 2549
1626899523611 0 2599
1626899552593 0 2649
1626899581180 0 2699
1626899610017 0 2749
1626899639114 0 2799
1626899667961 0 2849
1626899696808 0 2899
1626899725797 0 2949
1626899754644 0 2999
1626899783638 0 3049
1626899811976 0 3099
1626899830769 0 3124
1626900068151 0 3124
1626900097663 1 3149
1626900126279 1 3199
1626900154862 1 3249
1626900183482 1 3299
1626900212019 1 3349
1626900242555 1 3399
1626900273382 1 3449
1626900302166 1 3499
1626900330701 1 3549
1626900359281 1 3599
1626900387896 1 3649
1626900416704 1 3699
1626900445703 1 3749
1626900474967 1 3799
1626900503803 1 3849
1626900532533 1 3899
1626900561509 1 3949
1626900590253 1 3999
1626900619316 1 4049
1626900648111 1 4099
1626900677013 1 4149
1626900705896 1 4199
1626900734872 1 4249
1626900763709 1 4299
1626900792673 1 4349
1626900821631 1 4399
1626900850681 1 4449
1626900879783 1 4499
1626900908706 1 4549
1626900937764 1 4599
1626900966467 1 4649
1626900995599 1 4699
1626901024625 1 4749
1626901053495 1 4799
1626901082592 1 4849
1626901111421 1 4899
1626901140457 1 4949
1626901169657 1 4999
1626901198598 1 5049
1626901227781 1 5099
1626901256567 1 5149
1626901285605 1 5199
1626901314399 1 5249
1626901343324 1 5299
1626901372329 1 5349
1626901401339 1 5399
1626901430345 1 5449
1626901459450 1 5499
1626901488517 1 5549
1626901517483 1 5599
1626901546597 1 5649
1626901575856 1 5699
1626901604533 1 5749
1626901633555 1 5799
1626901662806 1 5849
1626901691755 1 5899
1626901720878 1 5949
1626901749792 1 5999
1626901779233 1 6049
1626901808460 1 6099
1626901837620 1 6149
1626901866742 1 6199
1626901898654 1 6249
1626901899524 1 6249
1626902139799 1 6249
1626902181914 2 6299
1626902210380 2 6349
1626902238963 2 6399
1626902267642 2 6449
1626902296317 2 6499
1626902324921 2 6549
1626902353548 2 6599
1626902382064 2 6649
1626902410579 2 6699
1626902439119 2 6749
1626902467596 2 6799
1626902496334 2 6849
1626902525070 2 6899
1626902553647 2 6949
1626902582432 2 6999
1626902611199 2 7049
1626902640158 2 7099
1626902668910 2 7149
1626902697782 2 7199
1626902726603 2 7249
1626902755256 2 7299
1626902784136 2 7349
1626902813126 2 7399
1626902841972 2 7449
1626902870962 2 7499
1626902900130 2 7549
1626902928918 2 7599
1626902957653 2 7649
1626902986568 2 7699
1626903015508 2 7749
1626903044388 2 7799
1626903073285 2 7849
1626903102124 2 7899
1626903131258 2 7949
1626903160001 2 7999
1626903189178 2 8049
1626903218216 2 8099
1626903246907 2 8149
1626903276017 2 8199
1626903304993 2 8249
1626903334170 2 8299
1626903363184 2 8349
1626903392388 2 8399
1626903421448 2 8449
1626903450551 2 8499
1626903479269 2 8549
1626903508317 2 8599
1626903537617 2 8649
1626903566690 2 8699
1626903595659 2 8749
1626903624749 2 8799
1626903653634 2 8849
1626903682610 2 8899
1626903711632 2 8949
1626903740810 2 8999
1626903770072 2 9049
1626903799040 2 9099
1626903828379 2 9149
1626903857418 2 9199
1626903886517 2 9249
1626903915646 2 9299
1626903943850 2 9349
1626903962881 2 9374
1626904202144 2 9374
1626904230160 3 9399
1626904258670 3 9449
1626904287241 3 9499
1626904315727 3 9549
1626904344187 3 9599
1626904372717 3 9649
1626904401315 3 9699
1626904429792 3 9749
1626904458499 3 9799
1626904486996 3 9849
1626904515627 3 9899
1626904544217 3 9949
1626904572893 3 9999
1626904601768 3 10049
1626904630646 3 10099
1626904659693 3 10149
1626904688876 3 10199
1626904717884 3 10249
1626904746919 3 10299
1626904775891 3 10349
1626904804807 3 10399
1626904833886 3 10449
1626904863012 3 10499
1626904891981 3 10549
1626904920734 3 10599
1626904949279 3 10649
1626904978375 3 10699
1626905007294 3 10749
1626905036073 3 10799
1626905065187 3 10849
1626905094198 3 10899
1626905123156 3 10949
1626905152203 3 10999
1626905181039 3 11049
1626905210090 3 11099
1626905238860 3 11149
1626905268108 3 11199
1626905297050 3 11249
1626905325867 3 11299
1626905354874 3 11349
1626905383490 3 11399
1626905412443 3 11449
1626905441334 3 11499
1626905470387 3 11549
1626905499430 3 11599
1626905528357 3 11649
1626905557328 3 11699
1626905586338 3 11749
1626905615191 3 11799
1626905644211 3 11849
1626905672764 3 11899
1626905701740 3 11949
1626905730743 3 11999
1626905759459 3 12049
1626905788374 3 12099
1626905817140 3 12149
1626905845872 3 12199
1626905874825 3 12249
1626905903617 3 12299
1626905932423 3 12349
1626905961391 3 12399
1626905990404 3 12449
1626906022363 3 12499
1626906023460 3 12499
1626906263783 3 12499
1626906306873 4 12549
1626906337533 4 12599
1626906366060 4 12649
1626906394548 4 12699
1626906422932 4 12749
1626906451487 4 12799
1626906480090 4 12849
1626906508703 4 12899
1626906537309 4 12949
1626906567626 4 12999
1626906596476 4 13049
1626906625495 4 13099
1626906654264 4 13149
1626906683120 4 13199
1626906711887 4 13249
1626906740850 4 13299
1626906769824 4 13349
1626906799009 4 13399
1626906827717 4 13449
1626906856734 4 13499
1626906885590 4 13549
1626906914136 4 13599
1626906943106 4 13649
1626906971944 4 13699
1626907000857 4 13749
1626907029890 4 13799
1626907058772 4 13849
1626907087606 4 13899
1626907116347 4 13949
1626907145265 4 13999
1626907174072 4 14049
1626907203044 4 14099
1626907231883 4 14149
1626907260641 4 14199
1626907289505 4 14249
1626907318127 4 14299
1626907347208 4 14349
1626907376149 4 14399
1626907404890 4 14449
1626907433979 4 14499
1626907462967 4 14549
1626907492026 4 14599
1626907520884 4 14649
1626907549713 4 14699
1626907578899 4 14749
1626907607951 4 14799
1626907636880 4 14849
1626907665926 4 14899
1626907694678 4 14949
1626907723557 4 14999
1626907752714 4 15049
1626907781800 4 15099
1626907810926 4 15149
1626907839851 4 15199
1626907868757 4 15249
1626907897695 4 15299
1626907926633 4 15349
1626907955819 4 15399
1626907984933 4 15449
1626908013902 4 15499
1626908042883 4 15549
1626908071262 4 15599
1626908090070 4 15624
1626908330741 4 15624
1626908359057 5 15649
1626908387529 5 15699
1626908416084 5 15749
1626908444546 5 15799
1626908472982 5 15849
1626908501446 5 15899
1626908529946 5 15949
1626908558415 5 15999
1626908586830 5 16049
1626908615286 5 16099
1626908643823 5 16149
1626908672135 5 16199
1626908701213 5 16249
1626908730575 5 16299
1626908759378 5 16349
1626908788356 5 16399
1626908817318 5 16449
1626908846238 5 16499
1626908875232 5 16549
1626908904416 5 16599
1626908933496 5 16649
1626908962325 5 16699
1626908991216 5 16749
1626909020257 5 16799
1626909049200 5 16849
1626909078086 5 16899
1626909107268 5 16949
1626909136319 5 16999
1626909165319 5 17049
1626909194058 5 17099
1626909223432 5 17149
1626909252618 5 17199
1626909281441 5 17249
1626909310187 5 17299
1626909338989 5 17349
1626909367795 5 17399
1626909396785 5 17449
1626909425644 5 17499
1626909454583 5 17549
1626909483586 5 17599
1626909512435 5 17649
1626909541166 5 17699
1626909570096 5 17749
1626909599097 5 17799
1626909628226 5 17849
1626909657064 5 17899
1626909686221 5 17949
1626909715348 5 17999
1626909744146 5 18049
1626909773024 5 18099
1626909801968 5 18149
1626909830817 5 18199
1626909859924 5 18249
1626909888985 5 18299
1626909917835 5 18349
1626909946751 5 18399
1626909975658 5 18449
1626910004753 5 18499
1626910033755 5 18549
1626910062874 5 18599
1626910091788 5 18649
1626910120647 5 18699
1626910152723 5 18749
1626910153604 5 18749
1626910391412 5 18749
1626910435593 6 18799
1626910464252 6 18849
1626910492753 6 18899
1626910521374 6 18949
1626910549873 6 18999
1626910578366 6 19049
1626910606986 6 19099
1626910635655 6 19149
1626910664253 6 19199
1626910692805 6 19249
1626910721370 6 19299
1626910749960 6 19349
1626910778903 6 19399
1626910807768 6 19449
1626910836634 6 19499
1626910865373 6 19549
1626910894180 6 19599
1626910922877 6 19649
1626910951557 6 19699
1626910980233 6 19749
1626911009298 6 19799
1626911038009 6 19849
1626911066827 6 19899
1626911095738 6 19949
1626911124814 6 19999
1626911153669 6 20049
1626911182412 6 20099
1626911211509 6 20149
1626911240439 6 20199
1626911269192 6 20249
1626911297948 6 20299
1626911326805 6 20349
1626911355665 6 20399
1626911384527 6 20449
1626911413078 6 20499
1626911441969 6 20549
1626911470872 6 20599
1626911499627 6 20649
1626911528465 6 20699
1626911557038 6 20749
1626911585816 6 20799
1626911614701 6 20849
1626911643579 6 20899
1626911672647 6 20949
1626911701397 6 20999
1626911730275 6 21049
1626911758754 6 21099
1626911787792 6 21149
1626911816833 6 21199
1626911845758 6 21249
1626911874757 6 21299
1626911903482 6 21349
1626911932467 6 21399
1626911961445 6 21449
1626911990233 6 21499
1626912019480 6 21549
1626912048549 6 21599
1626912077302 6 21649
1626912106292 6 21699
1626912135177 6 21749
1626912164213 6 21799
1626912192533 6 21849
1626912211560 6 21874
1626912451660 6 21874
1626912480103 7 21899
1626912508648 7 21949
1626912537156 7 21999
1626912565574 7 22049
1626912594029 7 22099
1626912622692 7 22149
1626912651147 7 22199
1626912679764 7 22249
1626912708475 7 22299
1626912737002 7 22349
1626912765430 7 22399
1626912794132 7 22449
1626912823037 7 22499
1626912852130 7 22549
1626912881019 7 22599
1626912909844 7 22649
1626912938829 7 22699
1626912967668 7 22749
1626912996655 7 22799
1626913025720 7 22849
1626913054706 7 22899
1626913083724 7 22949
1626913112398 7 22999
1626913141489 7 23049
1626913170515 7 23099
1626913199514 7 23149
1626913229051 7 23199
1626913258017 7 23249
1626913286874 7 23299
1626913315918 7 23349
1626913344892 7 23399
1626913373832 7 23449
1626913402930 7 23499
1626913431877 7 23549
1626913460985 7 23599
1626913489797 7 23649
1626913519005 7 23699
1626913547760 7 23749
1626913576767 7 23799
1626913605550 7 23849
1626913634351 7 23899
1626913663507 7 23949
1626913692462 7 23999
1626913721349 7 24049
1626913750253 7 24099
1626913779378 7 24149
1626913808586 7 24199
1626913837646 7 24249
1626913866416 7 24299
1626913895488 7 24349
1626913924369 7 24399
1626913953071 7 24449
1626913982036 7 24499
1626914010928 7 24549
1626914039749 7 24599
1626914068824 7 24649
1626914098089 7 24699
1626914127291 7 24749
1626914156394 7 24799
1626914185444 7 24849
1626914214147 7 24899
1626914242966 7 24949
1626914275013 7 24999
1626914275919 7 24999
1626914515379 7 24999
1626914558118 8 25049
1626914586748 8 25099
1626914615242 8 25149
1626914643905 8 25199
1626914672406 8 25249
1626914700998 8 25299
1626914729661 8 25349
1626914758306 8 25399
1626914786841 8 25449
1626914815329 8 25499
1626914843992 8 25549
1626914872494 8 25599
1626914901408 8 25649
1626914930464 8 25699
1626914959281 8 25749
1626914988348 8 25799
1626915017159 8 25849
1626915046202 8 25899
1626915075317 8 25949
1626915104225 8 25999
1626915133372 8 26049
1626915162359 8 26099
1626915191416 8 26149
1626915220363 8 26199
1626915249204 8 26249
1626915277967 8 26299
1626915306897 8 26349
1626915335463 8 26399
1626915364619 8 26449
1626915393599 8 26499
1626915422439 8 26549
1626915451315 8 26599
1626915480069 8 26649
1626915508992 8 26699
1626915537827 8 26749
1626915566605 8 26799
1626915595403 8 26849
1626915624160 8 26899
1626915653214 8 26949
1626915682103 8 26999
1626915711035 8 27049
1626915739863 8 27099
1626915768632 8 27149
1626915797633 8 27199
1626915826606 8 27249
1626915855741 8 27299
1626915884558 8 27349
1626915913415 8 27399
1626915942409 8 27449
1626915971498 8 27499
1626916000511 8 27549
1626916029335 8 27599
1626916058265 8 27649
1626916087543 8 27699
1626916116476 8 27749
1626916145449 8 27799
1626916174432 8 27849
1626916203376 8 27899
1626916232459 8 27949
1626916261539 8 27999
1626916290599 8 28049
1626916318792 8 28099
1626916337737 8 28124
1626916578180 8 28124
1626916606641 9 28149
1626916635194 9 28199
1626916663788 9 28249
1626916692435 9 28299
1626916720817 9 28349
1626916749316 9 28399
1626916777926 9 28449
1626916806532 9 28499
1626916835088 9 28549
1626916863641 9 28599
1626916892094 9 28649
1626916920626 9 28699
1626916949346 9 28749
1626916978163 9 28799
1626917006986 9 28849
1626917036038 9 28899
1626917064966 9 28949
1626917093608 9 28999
1626917122496 9 29049
1626917151422 9 29099
1626917180165 9 29149
1626917208990 9 29199
1626917237863 9 29249
1626917267161 9 29299
1626917295897 9 29349
1626917324709 9 29399
1626917353611 9 29449
1626917382615 9 29499
1626917411649 9 29549
1626917440677 9 29599
1626917469526 9 29649
1626917498432 9 29699
1626917527387 9 29749
1626917556548 9 29799
1626917585400 9 29849
1626917614468 9 29899
1626917643158 9 29949
1626917672036 9 29999
1626917701003 9 30049
1626917729822 9 30099
1626917758783 9 30149
1626917787751 9 30199
1626917816430 9 30249
1626917845374 9 30299
1626917874373 9 30349
1626917903170 9 30399
1626917932103 9 30449
1626917960898 9 30499
1626917989613 9 30549
1626918018771 9 30599
1626918047782 9 30649
1626918076845 9 30699
1626918105773 9 30749
1626918134666 9 30799
1626918163702 9 30849
1626918192648 9 30899
1626918221835 9 30949
1626918250652 9 30999
1626918279750 9 31049
1626918308733 9 31099
1626918337511 9 31149
1626918366370 9 31199
1626918398358 9 31249
1626918399194 9 31249
1626918639236 9 31249
1626918682008 10 31299
1626918710642 10 31349
1626918739261 10 31399
1626918767832 10 31449
1626918796312 10 31499
1626918824843 10 31549
1626918853395 10 31599
1626918882042 10 31649
1626918910757 10 31699
1626918939248 10 31749
1626918967691 10 31799
1626918996343 10 31849
1626919025641 10 31899
1626919054326 10 31949
1626919083118 10 31999
1626919111835 10 32049
1626919140607 10 32099
1626919169652 10 32149
1626919198751 10 32199
1626919227336 10 32249
1626919256191 10 32299
1626919284950 10 32349
1626919314199 10 32399
1626919343386 10 32449
1626919372292 10 32499
1626919401172 10 32549
1626919429958 10 32599
1626919458822 10 32649
1626919487706 10 32699
1626919516515 10 32749
1626919545467 10 32799
1626919574220 10 32849
1626919603015 10 32899
1626919631797 10 32949
1626919660880 10 32999
1626919689950 10 33049
1626919718915 10 33099
1626919748194 10 33149
1626919777163 10 33199
1626919806108 10 33249
1626919835090 10 33299
1626919864108 10 33349
1626919893129 10 33399
1626919922290 10 33449
1626919951342 10 33499
1626919980243 10 33549
1626920009267 10 33599
1626920037995 10 33649
1626920067062 10 33699
1626920096088 10 33749
1626920125060 10 33799
1626920154108 10 33849
1626920182955 10 33899
1626920212019 10 33949
1626920241104 10 33999
1626920270427 10 34049
1626920299448 10 34099
1626920328346 10 34149
1626920357400 10 34199
1626920386429 10 34249
1626920415566 10 34299
1626920443929 10 34349
1626920463098 10 34374
1626920703209 10 34374
1626920731352 11 34399
1626920759929 11 34449
1626920788493 11 34499
1626920817220 11 34549
1626920845767 11 34599
1626920874378 11 34649
1626920902812 11 34699
1626920931495 11 34749
1626920960405 11 34799
1626920989094 11 34849
1626921017851 11 34899
1626921046551 11 34949
1626921075429 11 34999
1626921104281 11 35049
1626921133329 11 35099
1626921162189 11 35149
1626921191123 11 35199
1626921220290 11 35249
1626921249097 11 35299
1626921277979 11 35349
1626921306638 11 35399
1626921335742 11 35449
1626921364629 11 35499
1626921393695 11 35549
1626921422634 11 35599
1626921451606 11 35649
1626921480277 11 35699
1626921509162 11 35749
1626921538111 11 35799
1626921567041 11 35849
1626921595909 11 35899
1626921625148 11 35949
1626921654041 11 35999
1626921682850 11 36049
1626921711737 11 36099
1626921740645 11 36149
1626921769520 11 36199
1626921798389 11 36249
1626921827450 11 36299
1626921856195 11 36349
1626921884891 11 36399
1626921913827 11 36449
1626921942562 11 36499
1626921971627 11 36549
1626922000595 11 36599
1626922029439 11 36649
1626922058360 11 36699
1626922087216 11 36749
1626922116160 11 36799
1626922144962 11 36849
1626922173877 11 36899
1626922202562 11 36949
1626922231190 11 36999
1626922260285 11 37049
1626922289288 11 37099
1626922318256 11 37149
1626922347359 11 37199
1626922376173 11 37249
1626922405082 11 37299
1626922434084 11 37349
1626922462952 11 37399
1626922491950 11 37449
1626922523983 11 37499
1626922526340 11 37499
1626922763923 11 37499
1626922808812 12 37549
1626922838376 12 37599
1626922866744 12 37649
1626922895412 12 37699
1626922924022 12 37749
1626922952731 12 37799
1626922981258 12 37849
1626923009723 12 37899
1626923038231 12 37949
1626923067575 12 37999
1626923096435 12 38049
1626923125243 12 38099
1626923154031 12 38149
1626923182859 12 38199
1626923211870 12 38249
1626923240657 12 38299
1626923269522 12 38349
1626923298354 12 38399
1626923326955 12 38449
1626923355984 12 38499
1626923384835 12 38549
1626923413528 12 38599
1626923442580 12 38649
1626923471466 12 38699
1626923500587 12 38749
1626923529627 12 38799
1626923558363 12 38849
1626923587250 12 38899
1626923616195 12 38949
1626923644953 12 38999
1626923673860 12 39049
1626923703138 12 39099
1626923732016 12 39149
1626923761019 12 39199
1626923789920 12 39249
1626923818528 12 39299
1626923847279 12 39349
1626923876176 12 39399
1626923905090 12 39449
1626923933900 12 39499
1626923962804 12 39549
1626923991943 12 39599
1626924020906 12 39649
1626924049944 12 39699
1626924078916 12 39749
1626924107776 12 39799
1626924136712 12 39849
1626924165591 12 39899
1626924194277 12 39949
1626924223294 12 39999
1626924252247 12 40049
1626924281023 12 40099
1626924310138 12 40149
1626924339154 12 40199
1626924367907 12 40249
1626924396695 12 40299
1626924425750 12 40349
1626924454681 12 40399
1626924483510 12 40449
1626924512641 12 40499
1626924541567 12 40549
1626924569976 12 40599
1626924588954 12 40624
1626924828789 12 40624
1626924856947 13 40649
1626924885451 13 40699
1626924913882 13 40749
1626924942404 13 40799
1626924970781 13 40849
1626924999309 13 40899
1626925027786 13 40949
1626925056122 13 40999
1626925084910 13 41049
1626925113430 13 41099
1626925142004 13 41149
1626925170558 13 41199
1626925199222 13 41249
1626925228152 13 41299
1626925256988 13 41349
1626925286603 13 41399
1626925315669 13 41449
1626925344526 13 41499
1626925373487 13 41549
1626925402266 13 41599
1626925430969 13 41649
1626925459869 13 41699
1626925488654 13 41749
1626925517449 13 41799
1626925546200 13 41849
1626925574828 13 41899
1626925603646 13 41949
1626925632580 13 41999
1626925661445 13 42049
1626925690183 13 42099
1626925718996 13 42149
1626925747859 13 42199
1626925776944 13 42249
1626925805724 13 42299
1626925834444 13 42349
1626925863296 13 42399
1626925892419 13 42449
1626925921337 13 42499
1626925950430 13 42549
1626925979138 13 42599
1626926008362 13 42649
1626926037540 13 42699
1626926066749 13 42749
1626926095716 13 42799
1626926124584 13 42849
1626926153595 13 42899
1626926182565 13 42949
1626926211222 13 42999
1626926240371 13 43049
1626926269340 13 43099
1626926298168 13 43149
1626926327022 13 43199
1626926355873 13 43249
1626926384661 13 43299
1626926413688 13 43349
1626926442302 13 43399
1626926470917 13 43449
1626926499901 13 43499
1626926528612 13 43549
1626926557386 13 43599
1626926586547 13 43649
1626926615397 13 43699
1626926647389 13 43749
1626926648191 13 43749
1626926886323 13 43749
1626926930744 14 43799
1626926959339 14 43849
1626926987791 14 43899
1626927016199 14 43949
1626927044802 14 43999
1626927073222 14 44049
1626927101693 14 44099
1626927130295 14 44149
1626927158974 14 44199
1626927187456 14 44249
1626927216023 14 44299
1626927244631 14 44349
1626927273519 14 44399
1626927302610 14 44449
1626927331491 14 44499
1626927360219 14 44549
1626927389177 14 44599
1626927418004 14 44649
1626927446920 14 44699
1626927475858 14 44749
1626927504780 14 44799
1626927533763 14 44849
1626927562788 14 44899
1626927591794 14 44949
1626927620582 14 44999
1626927649815 14 45049
1626927678812 14 45099
1626927707622 14 45149
1626927736452 14 45199
1626927765367 14 45249
1626927794526 14 45299
1626927823622 14 45349
1626927852560 14 45399
1626927881605 14 45449
1626927910610 14 45499
1626927939486 14 45549
1626927968518 14 45599
1626927997593 14 45649
1626928026671 14 45699
1626928055616 14 45749
1626928084412 14 45799
1626928113098 14 45849
1626928141971 14 45899
1626928171012 14 45949
1626928200092 14 45999
1626928228847 14 46049
1626928258009 14 46099
1626928286817 14 46149
1626928315795 14 46199
1626928344625 14 46249
1626928373906 14 46299
1626928402870 14 46349
1626928431548 14 46399
1626928460438 14 46449
1626928489389 14 46499
1626928518162 14 46549
1626928546981 14 46599
1626928576111 14 46649
1626928605030 14 46699
1626928633668 14 46749
1626928662546 14 46799
1626928690849 14 46849
1626928709960 14 46874
1626928950166 14 46874
1626928978361 15 46899
1626929007074 15 46949
1626929035638 15 46999
1626929064170 15 47049
1626929092708 15 47099
1626929121236 15 47149
1626929149765 15 47199
1626929178258 15 47249
1626929206886 15 47299
1626929235501 15 47349
1626929264005 15 47399
1626929292439 15 47449
1626929321120 15 47499
1626929350249 15 47549
1626929379302 15 47599
1626929408230 15 47649
1626929436778 15 47699
1626929465628 15 47749
1626929494595 15 47799
1626929523430 15 47849
1626929552249 15 47899
1626929580935 15 47949
1626929609959 15 47999
1626929638782 15 48049
1626929667498 15 48099
1626929696398 15 48149
1626929725278 15 48199
1626929754008 15 48249
1626929783431 15 48299
1626929812443 15 48349
1626929841507 15 48399
1626929870464 15 48449
1626929899440 15 48499
1626929928371 15 48549
1626929957550 15 48599
1626929986468 15 48649
1626930015422 15 48699
1626930044386 15 48749
1626930073286 15 48799
1626930102241 15 48849
1626930131064 15 48899
1626930160165 15 48949
1626930189105 15 48999
1626930217760 15 49049
1626930246435 15 49099
1626930275064 15 49149
1626930303945 15 49199
1626930332602 15 49249
1626930361580 15 49299
1626930390270 15 49349
1626930419299 15 49399
1626930448361 15 49449
1626930477291 15 49499
1626930506163 15 49549
1626930534788 15 49599
1626930563771 15 49649
1626930592562 15 49699
1626930621492 15 49749
1626930650188 15 49799
1626930679273 15 49849
1626930708099 15 49899
1626930737006 15 49949
1626930768979 15 49999
1626930769860 15 49999
1626931010088 15 49999
1626931053020 16 50049
1626931081612 16 50099
1626931110087 16 50149
1626931138661 16 50199
1626931167168 16 50249
1626931195612 16 50299
1626931224242 16 50349
1626931252832 16 50399
1626931281440 16 50449
1626931309951 16 50499
1626931338592 16 50549
1626931367225 16 50599
1626931396130 16 50649
1626931425108 16 50699
1626931453845 16 50749
1626931482883 16 50799
1626931511796 16 50849
1626931540719 16 50899
1626931569749 16 50949
1626931598438 16 50999
1626931627280 16 51049
1626931656205 16 51099
1626931685195 16 51149
1626931713899 16 51199
1626931742871 16 51249
1626931771774 16 51299
1626931800824 16 51349
1626931829797 16 51399
1626931858520 16 51449
1626931887472 16 51499
1626931916543 16 51549
1626931945998 16 51599
1626931975421 16 51649
1626932004607 16 51699
1626932033746 16 51749
1626932062540 16 51799
1626932091398 16 51849
1626932120363 16 51899
1626932149263 16 51949
1626932178230 16 51999
1626932207267 16 52049
1626932236352 16 52099
1626932265174 16 52149
1626932294320 16 52199
1626932323354 16 52249
1626932352262 16 52299
1626932381383 16 52349
1626932410428 16 52399
1626932439545 16 52449
1626932468703 16 52499
1626932497538 16 52549
1626932526461 16 52599
1626932555333 16 52649
1626932584340 16 52699
1626932613360 16 52749
1626932642195 16 52799
1626932671258 16 52849
1626932700016 16 52899
1626932729061 16 52949
1626932757973 16 52999
1626932786549 16 53049
1626932814860 16 53099
1626932833948 16 53124
1626933073749 16 53124
1626933102244 17 53149
1626933130750 17 53199
1626933159383 17 53249
1626933187823 17 53299
1626933216363 17 53349
1626933244766 17 53399
1626933273234 17 53449
1626933301876 17 53499
1626933330339 17 53549
1626933358952 17 53599
1626933387498 17 53649
1626933416088 17 53699
1626933444844 17 53749
1626933473819 17 53799
1626933502731 17 53849
1626933531547 17 53899
1626933560392 17 53949
1626933589052 17 53999
1626933617693 17 54049
1626933646583 17 54099
1626933675555 17 54149
1626933704600 17 54199
1626933733313 17 54249
1626933762287 17 54299
1626933791119 17 54349
1626933820129 17 54399
1626933848829 17 54449
1626933877748 17 54499
1626933906814 17 54549
1626933935922 17 54599
1626933965003 17 54649
1626933993978 17 54699
1626934022984 17 54749
1626934051986 17 54799
1626934080930 17 54849
1626934109655 17 54899
1626934138493 17 54949
1626934167278 17 54999
1626934196388 17 55049
1626934225275 17 55099
1626934253971 17 55149
1626934282791 17 55199
1626934311704 17 55249
1626934340691 17 55299
1626934369660 17 55349
1626934398623 17 55399
1626934427563 17 55449
1626934456344 17 55499
1626934485295 17 55549
1626934514159 17 55599
1626934542812 17 55649
1626934571798 17 55699
1626934600660 17 55749
1626934629658 17 55799
1626934658443 17 55849
1626934687229 17 55899
1626934716089 17 55949
1626934744819 17 55999
1626934773842 17 56049
1626934802617 17 56099
1626934831461 17 56149
1626934860460 17 56199
1626934892546 17 56249
1626934893498 17 56249
1626935133333 17 56249
1626935175842 18 56299
1626935204635 18 56349
1626935233134 18 56399
1626935261683 18 56449
1626935290139 18 56499
1626935318652 18 56549
1626935347390 18 56599
1626935376018 18 56649
1626935404605 18 56699
1626935433229 18 56749
1626935461781 18 56799
1626935490577 18 56849
1626935519203 18 56899
1626935548213 18 56949
1626935577076 18 56999
1626935605960 18 57049
1626935634741 18 57099
1626935663517 18 57149
1626935692712 18 57199
1626935721518 18 57249
1626935750092 18 57299
1626935779077 18 57349
1626935808115 18 57399
1626935836993 18 57449
1626935865689 18 57499
1626935894516 18 57549
1626935923331 18 57599
1626935952133 18 57649
1626935981164 18 57699
1626936010169 18 57749
1626936038962 18 57799
1626936068047 18 57849
1626936096971 18 57899
1626936125801 18 57949
1626936154714 18 57999
1626936183513 18 58049
1626936212179 18 58099
1626936240679 18 58149
1626936269660 18 58199
1626936298686 18 58249
1626936327542 18 58299
1626936356480 18 58349
1626936385203 18 58399
1626936414044 18 58449
1626936443049 18 58499
1626936472014 18 58549
1626936500898 18 58599
1626936529577 18 58649
1626936558580 18 58699
1626936587258 18 58749
1626936616014 18 58799
1626936644776 18 58849
1626936673507 18 58899
1626936702437 18 58949
1626936731454 18 58999
1626936760379 18 59049
1626936789370 18 59099
1626936818295 18 59149
1626936847117 18 59199
1626936876064 18 59249
1626936904974 18 59299
1626936933351 18 59349
1626936952521 18 59374
1626937192778 18 59374
1626937221683 19 59399
1626937250201 19 59449
1626937278705 19 59499
1626937307252 19 59549
1626937335765 19 59599
1626937364228 19 59649
1626937392662 19 59699
1626937421064 19 59749
1626937449774 19 59799
1626937478212 19 59849
1626937506916 19 59899
1626937535487 19 59949
1626937564086 19 59999
1626937593017 19 60049
1626937621985 19 60099
1626937651232 19 60149
1626937680254 19 60199
1626937709069 19 60249
1626937737911 19 60299
1626937766994 19 60349
1626937795645 19 60399
1626937824418 19 60449
1626937853213 19 60499
1626937882077 19 60549
1626937910922 19 60599
1626937939603 19 60649
1626937968392 19 60699
1626937997306 19 60749
1626938026125 19 60799
1626938055074 19 60849
1626938083772 19 60899
1626938112624 19 60949
1626938141410 19 60999
1626938170337 19 61049
1626938199212 19 61099
1626938228282 19 61149
1626938257082 19 61199
1626938286119 19 61249
1626938314945 19 61299
1626938343604 19 61349
1626938372553 19 61399
1626938401483 19 61449
1626938430480 19 61499
1626938459335 19 61549
1626938488104 19 61599
1626938516811 19 61649
1626938545633 19 61699
1626938574515 19 61749
1626938603531 19 61799
1626938632632 19 61849
1626938661472 19 61899
1626938690533 19 61949
1626938719541 19 61999
1626938748329 19 62049
1626938777343 19 62099
1626938806297 19 62149
1626938835204 19 62199
1626938863980 19 62249
1626938892877 19 62299
1626938921633 19 62349
1626938950351 19 62399
1626938979347 19 62449
1626939011481 19 62499
1626939012351 19 62499
1626939252632 19 62499
