1626898002001 0.001 0
1626900068157 0.0009938441702975688 3125
1626902139805 0.0009755282581475768 6250
1626904202151 0.0009455032620941839 9375
1626906263789 0.0009045084971874737 12500
1626908330767 0.0008535533905932737 15625
1626910391418 0.0007938926261462366 18750
1626912451667 0.0007269952498697733 21875
1626914515393 0.0006545084971874737 25000
1626916578230 0.0005782172325201155 28125
1626918639242 0.0005 31250
1626920703235 0.0004217827674798847 34375
1626922763929 0.00034549150281252633 37500
1626924828807 0.00027300475013022663 40625
1626926886344 0.00020610737385376348 43750
1626928950188 0.00014644660940672625 46875
1626931010109 9.549150281252631e-05 50000
1626933073756 5.4496737905816096e-05 53125
1626935133340 2.447174185242323e-05 56250
1626937192792 6.15582970243117e-06 59375
