1626898049349 27.974136352539062 49
1626898077748 25.320640563964844 99
1626898106034 24.411191940307617 149
1626898134296 23.717519760131836 199
1626898162635 22.208646774291992 249
1626898190949 21.950801849365234 299
1626898219247 21.670696258544922 349
1626898247595 20.94537353515625 399
1626898276003 21.290679931640625 449
1626898305768 20.907272338867188 499
1626898335738 20.421550750732422 549
1626898364300 20.17790985107422 599
1626898393303 19.535228729248047 649
1626898422104 19.458515167236328 699
1626898451146 19.40902328491211 749
1626898480167 18.900108337402344 799
1626898509092 18.75290298461914 849
1626898537831 18.926761627197266 899
1626898566768 18.424224853515625 949
1626898595537 18.317550659179688 999
1626898624300 18.599720001220703 1049
1626898653427 18.08684730529785 1099
1626898683110 17.91034698486328 1149
1626898712214 17.904861450195312 1199
1626898741023 18.473037719726562 1249
1626898769955 17.619503021240234 1299
1626898798971 18.416606903076172 1349
1626898827795 17.925004959106445 1399
1626898856719 17.369979858398438 1449
1626898885650 17.3370418548584 1499
1626898914752 17.254648208618164 1549
1626898943848 17.443445205688477 1599
1626898972916 17.07651138305664 1649
1626899001966 17.671283721923828 1699
1626899030842 17.09554672241211 1749
1626899059790 17.67987823486328 1799
1626899088877 16.757831573486328 1849
1626899117773 16.858047485351562 1899
1626899146496 16.835906982421875 1949
1626899175347 16.935813903808594 1999
1626899204467 16.70699691772461 2049
1626899233441 17.20053482055664 2099
1626899262571 16.612537384033203 2149
1626899291511 16.841230392456055 2199
1626899320391 16.830036163330078 2249
1626899349544 16.568790435791016 2299
1626899378655 17.431053161621094 2349
1626899407766 17.356746673583984 2399
1626899436790 17.266845703125 2449
1626899465816 16.619178771972656 2499
1626899494669 17.058612823486328 2549
1626899523611 16.429332733154297 2599
1626899552593 17.73602294921875 2649
1626899581180 16.842300415039062 2699
1626899610017 16.540496826171875 2749
1626899639114 16.188146591186523 2799
1626899667961 16.450942993164062 2849
1626899696808 16.847064971923828 2899
1626899725797 17.207073211669922 2949
1626899754644 16.65717887878418 2999
1626899783638 16.404260635375977 3049
1626899811976 15.97050666809082 3099
1626900067844 16.947301864624023 0
1626900097663 16.550365447998047 3149
1626900126279 16.068313598632812 3199
1626900154862 16.647319793701172 3249
1626900183482 15.697343826293945 3299
1626900212019 16.37571144104004 3349
1626900242555 16.592212677001953 3399
1626900273382 16.26548957824707 3449
1626900302166 16.32907485961914 3499
1626900330701 15.728557586669922 3549
1626900359281 16.508506774902344 3599
1626900387896 16.498882293701172 3649
1626900416704 16.346647262573242 3699
1626900445703 16.309783935546875 3749
1626900474967 16.377466201782227 3799
1626900503803 15.925799369812012 3849
1626900532533 15.88479232788086 3899
1626900561509 15.864437103271484 3949
1626900590253 15.75869083404541 3999
1626900619316 16.093704223632812 4049
1626900648111 15.763666152954102 4099
1626900677013 15.884259223937988 4149
1626900705896 15.898955345153809 4199
1626900734872 15.63762092590332 4249
1626900763709 15.530485153198242 4299
1626900792673 15.735212326049805 4349
1626900821631 16.16856575012207 4399
1626900850681 15.493614196777344 4449
1626900879783 15.182897567749023 4499
1626900908706 16.32615852355957 4549
1626900937764 15.712721824645996 4599
1626900966467 15.618898391723633 4649
1626900995599 15.559514999389648 4699
1626901024625 16.362171173095703 4749
1626901053495 15.890480995178223 4799
1626901082592 16.783924102783203 4849
1626901111421 16.090017318725586 4899
1626901140457 15.7498140335083 4949
1626901169657 15.860315322875977 4999
1626901198598 15.447641372680664 5049
1626901227781 15.536142349243164 5099
1626901256567 15.606204986572266 5149
1626901285605 16.245037078857422 5199
1626901314399 15.75244140625 5249
1626901343324 16.157073974609375 5299
1626901372329 15.347448348999023 5349
1626901401339 15.837628364562988 5399
1626901430345 15.604707717895508 5449
1626901459450 15.316211700439453 5499
1626901488517 15.824003219604492 5549
1626901517483 15.662857055664062 5599
1626901546597 15.896280288696289 5649
1626901575856 15.950191497802734 5699
1626901604533 15.530550956726074 5749
1626901633555 15.420357704162598 5799
1626901662806 15.395159721374512 5849
1626901691755 15.755289077758789 5899
1626901720878 15.272699356079102 5949
1626901749792 15.492321014404297 5999
1626901779233 15.375520706176758 6049
1626901808460 15.24148941040039 6099
1626901837620 16.57748031616211 6149
1626901866742 15.869483947753906 6199
1626901898654 15.63045597076416 6249
1626902139686 15.63045597076416 1
1626902181914 15.688282012939453 6299
1626902210380 15.3041410446167 6349
1626902238963 15.451892852783203 6399
1626902267642 16.074403762817383 6449
1626902296317 15.072612762451172 6499
1626902324921 15.552789688110352 6549
1626902353548 15.389039993286133 6599
1626902382064 15.840017318725586 6649
1626902410579 15.252643585205078 6699
1626902439119 15.582221984863281 6749
1626902467596 15.41796875 6799
1626902496334 14.86617374420166 6849
1626902525070 15.909927368164062 6899
1626902553647 15.362229347229004 6949
1626902582432 15.005664825439453 6999
1626902611199 15.384493827819824 7049
1626902640158 15.780254364013672 7099
1626902668910 15.393562316894531 7149
1626902697782 15.130863189697266 7199
1626902726603 15.15279769897461 7249
1626902755256 15.579422950744629 7299
1626902784136 15.082649230957031 7349
1626902813126 15.362308502197266 7399
1626902841972 15.350301742553711 7449
1626902870962 15.157819747924805 7499
1626902900130 15.396066665649414 7549
1626902928918 15.09592056274414 7599
1626902957653 15.648951530456543 7649
1626902986568 15.09956169128418 7699
1626903015508 15.289413452148438 7749
1626903044388 14.991686820983887 7799
1626903073285 15.80656623840332 7849
1626903102124 15.501941680908203 7899
1626903131258 16.029701232910156 7949
1626903160001 15.297603607177734 7999
1626903189178 15.271921157836914 8049
1626903218216 14.77934455871582 8099
1626903246907 15.21023941040039 8149
1626903276017 15.277390480041504 8199
1626903304993 15.435003280639648 8249
1626903334170 15.160501480102539 8299
1626903363184 15.03908920288086 8349
1626903392388 15.444753646850586 8399
1626903421448 15.638641357421875 8449
1626903450551 15.227812767028809 8499
1626903479269 15.266490936279297 8549
1626903508317 14.7017240524292 8599
1626903537617 15.124661445617676 8649
1626903566690 15.069849014282227 8699
1626903595659 15.09220027923584 8749
1626903624749 15.492513656616211 8799
1626903653634 15.149163246154785 8849
1626903682610 14.68088150024414 8899
1626903711632 15.291986465454102 8949
1626903740810 15.000280380249023 8999
1626903770072 15.041723251342773 9049
1626903799040 15.428672790527344 9099
1626903828379 15.186531066894531 9149
1626903857418 15.060811996459961 9199
1626903886517 15.534404754638672 9249
1626903915646 14.943689346313477 9299
1626903943850 15.171375274658203 9349
1626904202060 14.885183334350586 2
1626904230160 15.056904792785645 9399
1626904258670 14.882930755615234 9449
1626904287241 14.841178894042969 9499
1626904315727 14.765369415283203 9549
1626904344187 15.296391487121582 9599
1626904372717 14.89051342010498 9649
1626904401315 15.11931037902832 9699
1626904429792 16.078155517578125 9749
1626904458499 15.71259593963623 9799
1626904486996 14.831714630126953 9849
1626904515627 15.33935546875 9899
1626904544217 15.012198448181152 9949
1626904572893 14.63822078704834 9999
1626904601768 15.35416030883789 10049
1626904630646 15.487079620361328 10099
1626904659693 15.21708869934082 10149
1626904688876 15.738835334777832 10199
1626904717884 14.854226112365723 10249
1626904746919 15.310638427734375 10299
1626904775891 14.82056999206543 10349
1626904804807 14.666061401367188 10399
1626904833886 15.133451461791992 10449
1626904863012 14.903220176696777 10499
1626904891981 15.034801483154297 10549
1626904920734 14.757566452026367 10599
1626904949279 15.458290100097656 10649
1626904978375 15.113271713256836 10699
1626905007294 14.675987243652344 10749
1626905036073 15.554390907287598 10799
1626905065187 14.583967208862305 10849
1626905094198 14.571398735046387 10899
1626905123156 15.305419921875 10949
1626905152203 14.836544036865234 10999
1626905181039 14.39864444732666 11049
1626905210090 14.989380836486816 11099
1626905238860 14.599321365356445 11149
1626905268108 15.577885627746582 11199
1626905297050 15.436422348022461 11249
1626905325867 14.99493408203125 11299
1626905354874 15.016467094421387 11349
1626905383490 15.04763412475586 11399
1626905412443 14.898836135864258 11449
1626905441334 14.861188888549805 11499
1626905470387 14.777959823608398 11549
1626905499430 15.029830932617188 11599
1626905528357 15.062055587768555 11649
1626905557328 14.831716537475586 11699
1626905586338 14.906207084655762 11749
1626905615191 15.09371566772461 11799
1626905644211 14.803630828857422 11849
1626905672764 14.354759216308594 11899
1626905701740 14.859586715698242 11949
1626905730743 15.093057632446289 11999
1626905759459 14.833086967468262 12049
1626905788374 15.057169914245605 12099
1626905817140 14.757316589355469 12149
1626905845872 14.885218620300293 12199
1626905874825 14.758340835571289 12249
1626905903617 14.768141746520996 12299
1626905932423 14.681721687316895 12349
1626905961391 14.531445503234863 12399
1626905990404 14.899024963378906 12449
1626906022363 14.679208755493164 12499
1626906263756 14.679208755493164 3
1626906306873 15.01084041595459 12549
1626906337533 14.802059173583984 12599
1626906366060 14.495463371276855 12649
1626906394548 14.61624526977539 12699
1626906422932 14.917314529418945 12749
1626906451487 14.75912857055664 12799
1626906480090 14.498586654663086 12849
1626906508703 15.12967300415039 12899
1626906537309 14.859621047973633 12949
1626906567626 14.709187507629395 12999
1626906596476 14.828033447265625 13049
1626906625495 14.620579719543457 13099
1626906654264 14.699156761169434 13149
1626906683120 14.914642333984375 13199
1626906711887 14.643270492553711 13249
1626906740850 14.829566955566406 13299
1626906769824 14.681119918823242 13349
1626906799009 14.249323844909668 13399
1626906827717 14.621122360229492 13449
1626906856734 14.453822135925293 13499
1626906885590 14.83407211303711 13549
1626906914136 14.79399299621582 13599
1626906943106 14.699365615844727 13649
1626906971944 14.777437210083008 13699
1626907000857 14.652165412902832 13749
1626907029890 14.98538589477539 13799
1626907058772 14.14596176147461 13849
1626907087606 16.73341941833496 13899
1626907116347 15.078824996948242 13949
1626907145265 14.459127426147461 13999
1626907174072 14.933656692504883 14049
1626907203044 14.562226295471191 14099
1626907231883 14.612764358520508 14149
1626907260641 14.976910591125488 14199
1626907289505 14.653467178344727 14249
1626907318127 14.964908599853516 14299
1626907347208 14.778593063354492 14349
1626907376149 15.10071849822998 14399
1626907404890 15.385526657104492 14449
1626907433979 14.725653648376465 14499
1626907462967 14.678000450134277 14549
1626907492026 15.276371002197266 14599
1626907520884 15.403913497924805 14649
1626907549713 14.535386085510254 14699
1626907578899 14.575359344482422 14749
1626907607951 14.919584274291992 14799
1626907636880 15.343038558959961 14849
1626907665926 14.824369430541992 14899
1626907694678 14.654765129089355 14949
1626907723557 14.772555351257324 14999
1626907752714 14.416869163513184 15049
1626907781800 15.066335678100586 15099
1626907810926 14.660136222839355 15149
1626907839851 15.102762222290039 15199
1626907868757 14.933055877685547 15249
1626907897695 14.737070083618164 15299
1626907926633 14.809946060180664 15349
1626907955819 14.715957641601562 15399
1626907984933 14.82458209991455 15449
1626908013902 14.642199516296387 15499
1626908042883 14.785346984863281 15549
1626908071262 15.252226829528809 15599
1626908329982 14.547500610351562 4
1626908359057 14.508712768554688 15649
1626908387529 15.031953811645508 15699
1626908416084 15.122514724731445 15749
1626908444546 15.080578804016113 15799
1626908472982 15.068304061889648 15849
1626908501446 14.894630432128906 15899
1626908529946 15.126768112182617 15949
1626908558415 14.526039123535156 15999
1626908586830 14.330188751220703 16049
1626908615286 14.630670547485352 16099
1626908643823 14.636510848999023 16149
1626908672135 14.329314231872559 16199
1626908701213 14.711859703063965 16249
1626908730575 14.41436767578125 16299
1626908759378 14.744525909423828 16349
1626908788356 14.924459457397461 16399
1626908817318 14.724146842956543 16449
1626908846238 14.199247360229492 16499
1626908875232 14.34923267364502 16549
1626908904416 15.322054862976074 16599
1626908933496 14.990132331848145 16649
1626908962325 14.29242992401123 16699
1626908991216 14.212028503417969 16749
1626909020257 14.529736518859863 16799
1626909049200 14.571992874145508 16849
1626909078086 14.774027824401855 16899
1626909107268 14.317852020263672 16949
1626909136319 14.402715682983398 16999
1626909165319 14.2298002243042 17049
1626909194058 14.586860656738281 17099
1626909223432 14.81657600402832 17149
1626909252618 14.040362358093262 17199
1626909281441 14.700956344604492 17249
1626909310187 15.026082992553711 17299
1626909338989 14.18205451965332 17349
1626909367795 14.933357238769531 17399
1626909396785 15.17015266418457 17449
1626909425644 14.738027572631836 17499
1626909454583 14.845423698425293 17549
1626909483586 14.892707824707031 17599
1626909512435 14.34205436706543 17649
1626909541166 14.785087585449219 17699
1626909570096 15.679430961608887 17749
1626909599097 14.61774730682373 17799
1626909628226 14.527777671813965 17849
1626909657064 14.637886047363281 17899
1626909686221 15.078703880310059 17949
1626909715348 14.438310623168945 17999
1626909744146 14.925662994384766 18049
1626909773024 14.680597305297852 18099
1626909801968 14.570210456848145 18149
1626909830817 14.16221809387207 18199
1626909859924 14.602319717407227 18249
1626909888985 14.83489990234375 18299
1626909917835 14.743345260620117 18349
1626909946751 14.524295806884766 18399
1626909975658 14.302558898925781 18449
1626910004753 14.853968620300293 18499
1626910033755 14.672457695007324 18549
1626910062874 14.661611557006836 18599
1626910091788 14.832930564880371 18649
1626910120647 14.941349983215332 18699
1626910152723 14.521568298339844 18749
1626910391311 14.521568298339844 5
1626910435593 14.175033569335938 18799
1626910464252 14.430170059204102 18849
1626910492753 14.234390258789062 18899
1626910521374 14.195342063903809 18949
1626910549873 14.381231307983398 18999
1626910578366 14.231075286865234 19049
1626910606986 14.606573104858398 19099
1626910635655 14.524011611938477 19149
1626910664253 14.262928009033203 19199
1626910692805 14.354923248291016 19249
1626910721370 14.621814727783203 19299
1626910749960 14.414861679077148 19349
1626910778903 14.482429504394531 19399
1626910807768 14.170330047607422 19449
1626910836634 14.278396606445312 19499
1626910865373 14.497232437133789 19549
1626910894180 14.280251502990723 19599
1626910922877 14.404111862182617 19649
1626910951557 14.515335083007812 19699
1626910980233 14.437032699584961 19749
1626911009298 14.61756706237793 19799
1626911038009 14.26800537109375 19849
1626911066827 14.620311737060547 19899
1626911095738 14.263774871826172 19949
1626911124814 14.770469665527344 19999
1626911153669 14.331552505493164 20049
1626911182412 14.468879699707031 20099
1626911211509 14.512767791748047 20149
1626911240439 14.42971134185791 20199
1626911269192 14.383562088012695 20249
1626911297948 14.951289176940918 20299
1626911326805 14.569784164428711 20349
1626911355665 14.219581604003906 20399
1626911384527 14.3309907913208 20449
1626911413078 14.475934982299805 20499
1626911441969 14.413126945495605 20549
1626911470872 15.469233512878418 20599
1626911499627 14.712732315063477 20649
1626911528465 14.26732349395752 20699
1626911557038 14.526021957397461 20749
1626911585816 14.563359260559082 20799
1626911614701 14.739127159118652 20849
1626911643579 14.296645164489746 20899
1626911672647 14.72160530090332 20949
1626911701397 14.58714485168457 20999
1626911730275 14.507172584533691 21049
1626911758754 14.148762702941895 21099
1626911787792 14.32674789428711 21149
1626911816833 14.321647644042969 21199
1626911845758 15.136356353759766 21249
1626911874757 14.454842567443848 21299
1626911903482 14.30003833770752 21349
1626911932467 14.217277526855469 21399
1626911961445 14.428574562072754 21449
1626911990233 14.486024856567383 21499
1626912019480 14.384495735168457 21549
1626912048549 14.25267219543457 21599
1626912077302 14.327820777893066 21649
1626912106292 14.475203514099121 21699
1626912135177 14.470954895019531 21749
1626912164213 14.471336364746094 21799
1626912192533 14.072853088378906 21849
1626912451536 14.025667190551758 6
1626912480103 14.360908508300781 21899
1626912508648 14.455811500549316 21949
1626912537156 14.214740753173828 21999
1626912565574 14.37349796295166 22049
1626912594029 14.44908332824707 22099
1626912622692 14.911755561828613 22149
1626912651147 14.503156661987305 22199
1626912679764 14.5803804397583 22249
1626912708475 14.557991027832031 22299
1626912737002 14.524495124816895 22349
1626912765430 14.463454246520996 22399
1626912794132 14.27451229095459 22449
1626912823037 13.839080810546875 22499
1626912852130 14.021059036254883 22549
1626912881019 14.520017623901367 22599
1626912909844 14.183448791503906 22649
1626912938829 14.534104347229004 22699
1626912967668 14.50832748413086 22749
1626912996655 14.578315734863281 22799
1626913025720 14.240116119384766 22849
1626913054706 14.310441970825195 22899
1626913083724 14.054241180419922 22949
1626913112398 14.498595237731934 22999
1626913141489 14.047357559204102 23049
1626913170515 14.655593872070312 23099
1626913199514 14.401421546936035 23149
1626913229051 14.113798141479492 23199
1626913258017 14.319754600524902 23249
1626913286874 14.15616512298584 23299
1626913315918 15.484883308410645 23349
1626913344892 14.393722534179688 23399
1626913373832 14.140962600708008 23449
1626913402930 14.234078407287598 23499
1626913431877 13.93014144897461 23549
1626913460985 14.464801788330078 23599
1626913489797 14.567293167114258 23649
1626913519005 14.095534324645996 23699
1626913547760 14.48432731628418 23749
1626913576767 14.404732704162598 23799
1626913605550 14.50192642211914 23849
1626913634351 14.102921485900879 23899
1626913663507 14.707433700561523 23949
1626913692462 14.286480903625488 23999
1626913721349 14.371335983276367 24049
1626913750253 14.318906784057617 24099
1626913779378 14.465387344360352 24149
1626913808586 14.738630294799805 24199
1626913837646 14.232885360717773 24249
1626913866416 14.621925354003906 24299
1626913895488 14.480738639831543 24349
1626913924369 14.543171882629395 24399
1626913953071 14.53489875793457 24449
1626913982036 14.492971420288086 24499
1626914010928 14.165273666381836 24549
1626914039749 14.441871643066406 24599
1626914068824 14.25301742553711 24649
1626914098089 14.79462718963623 24699
1626914127291 14.523397445678711 24749
1626914156394 14.506889343261719 24799
1626914185444 14.403064727783203 24849
1626914214147 14.322586059570312 24899
1626914242966 14.684306144714355 24949
1626914275013 14.31951904296875 24999
1626914515282 14.31951904296875 7
1626914558118 14.467599868774414 25049
1626914586748 13.908931732177734 25099
1626914615242 14.163091659545898 25149
1626914643905 14.094449043273926 25199
1626914672406 14.359166145324707 25249
1626914700998 14.510848999023438 25299
1626914729661 13.91292667388916 25349
1626914758306 14.187382698059082 25399
1626914786841 14.430604934692383 25449
1626914815329 13.89398193359375 25499
1626914843992 14.306520462036133 25549
1626914872494 14.633809089660645 25599
1626914901408 14.365593910217285 25649
1626914930464 14.42591381072998 25699
1626914959281 14.344816207885742 25749
1626914988348 14.131670951843262 25799
1626915017159 14.402706146240234 25849
1626915046202 14.15046501159668 25899
1626915075317 13.953447341918945 25949
1626915104225 14.166738510131836 25999
1626915133372 14.408432006835938 26049
1626915162359 14.247995376586914 26099
1626915191416 14.154961585998535 26149
1626915220363 14.431642532348633 26199
1626915249204 14.042926788330078 26249
1626915277967 14.185982704162598 26299
1626915306897 13.927799224853516 26349
1626915335463 14.203370094299316 26399
1626915364619 13.891630172729492 26449
1626915393599 14.60872745513916 26499
1626915422439 13.92631721496582 26549
1626915451315 13.93802547454834 26599
1626915480069 14.128128051757812 26649
1626915508992 14.432222366333008 26699
1626915537827 14.27606201171875 26749
1626915566605 14.296290397644043 26799
1626915595403 14.408166885375977 26849
1626915624160 14.61623764038086 26899
1626915653214 14.12448501586914 26949
1626915682103 14.194990158081055 26999
1626915711035 14.081745147705078 27049
1626915739863 14.222932815551758 27099
1626915768632 14.531490325927734 27149
1626915797633 14.042766571044922 27199
1626915826606 14.185759544372559 27249
1626915855741 14.349950790405273 27299
1626915884558 13.959482192993164 27349
1626915913415 14.124610900878906 27399
1626915942409 14.194172859191895 27449
1626915971498 14.341986656188965 27499
1626916000511 14.291701316833496 27549
1626916029335 14.130334854125977 27599
1626916058265 14.760112762451172 27649
1626916087543 14.148253440856934 27699
1626916116476 13.879186630249023 27749
1626916145449 14.137176513671875 27799
1626916174432 14.568187713623047 27849
1626916203376 14.175460815429688 27899
1626916232459 14.063447952270508 27949
1626916261539 14.1370210647583 27999
1626916290599 14.007704734802246 28049
1626916318792 14.037764549255371 28099
1626916577855 13.965076446533203 8
1626916606641 14.180830001831055 28149
1626916635194 14.16647720336914 28199
1626916663788 14.346502304077148 28249
1626916692435 14.961426734924316 28299
1626916720817 14.56997299194336 28349
1626916749316 14.34340763092041 28399
1626916777926 14.229623794555664 28449
1626916806532 14.163711547851562 28499
1626916835088 14.31660270690918 28549
1626916863641 14.026622772216797 28599
1626916892094 14.385139465332031 28649
1626916920626 14.43608570098877 28699
1626916949346 14.350330352783203 28749
1626916978163 14.19837760925293 28799
1626917006986 13.873830795288086 28849
1626917036038 14.161600112915039 28899
1626917064966 14.189448356628418 28949
1626917093608 14.331681251525879 28999
1626917122496 13.933428764343262 29049
1626917151422 13.836954116821289 29099
1626917180165 13.769269943237305 29149
1626917208990 13.844589233398438 29199
1626917237863 14.19350814819336 29249
1626917267161 13.973556518554688 29299
1626917295897 14.362687110900879 29349
1626917324709 14.156882286071777 29399
1626917353611 14.152352333068848 29449
1626917382615 14.029584884643555 29499
1626917411649 14.224327087402344 29549
1626917440677 13.50587272644043 29599
1626917469526 14.130414009094238 29649
1626917498432 14.057230949401855 29699
1626917527387 13.959299087524414 29749
1626917556548 14.67088794708252 29799
1626917585400 14.369226455688477 29849
1626917614468 14.002723693847656 29899
1626917643158 14.021221160888672 29949
1626917672036 13.985625267028809 29999
1626917701003 14.032770156860352 30049
1626917729822 13.919995307922363 30099
1626917758783 14.268596649169922 30149
1626917787751 14.317375183105469 30199
1626917816430 14.205339431762695 30249
1626917845374 13.747157096862793 30299
1626917874373 14.14704418182373 30349
1626917903170 14.083362579345703 30399
1626917932103 13.879892349243164 30449
1626917960898 14.03767204284668 30499
1626917989613 14.334884643554688 30549
1626918018771 13.775777816772461 30599
1626918047782 14.033726692199707 30649
1626918076845 14.068465232849121 30699
1626918105773 14.005931854248047 30749
1626918134666 13.985750198364258 30799
1626918163702 13.986089706420898 30849
1626918192648 14.013223648071289 30899
1626918221835 14.049375534057617 30949
1626918250652 14.252559661865234 30999
1626918279750 13.999515533447266 31049
1626918308733 13.988767623901367 31099
1626918337511 14.102193832397461 31149
1626918366370 13.852289199829102 31199
1626918398358 14.322898864746094 31249
1626918638980 14.322898864746094 9
1626918682008 13.578753471374512 31299
1626918710642 13.879804611206055 31349
1626918739261 14.135774612426758 31399
1626918767832 14.540531158447266 31449
1626918796312 14.052940368652344 31499
1626918824843 13.93967056274414 31549
1626918853395 13.925294876098633 31599
1626918882042 14.115102767944336 31649
1626918910757 14.027754783630371 31699
1626918939248 14.110365867614746 31749
1626918967691 14.045097351074219 31799
1626918996343 13.873416900634766 31849
1626919025641 14.406045913696289 31899
1626919054326 13.872987747192383 31949
1626919083118 13.940699577331543 31999
1626919111835 13.772623062133789 32049
1626919140607 13.846540451049805 32099
1626919169652 13.944735527038574 32149
1626919198751 14.130231857299805 32199
1626919227336 13.939138412475586 32249
1626919256191 13.600727081298828 32299
1626919284950 13.805908203125 32349
1626919314199 14.046849250793457 32399
1626919343386 14.282094955444336 32449
1626919372292 14.167695045471191 32499
1626919401172 13.884798049926758 32549
1626919429958 13.983102798461914 32599
1626919458822 14.010668754577637 32649
1626919487706 14.379740715026855 32699
1626919516515 13.863485336303711 32749
1626919545467 14.08871841430664 32799
1626919574220 13.935848236083984 32849
1626919603015 13.847366333007812 32899
1626919631797 14.25228500366211 32949
1626919660880 14.121255874633789 32999
1626919689950 13.921671867370605 33049
1626919718915 14.020493507385254 33099
1626919748194 14.665825843811035 33149
1626919777163 13.752955436706543 33199
1626919806108 14.003274917602539 33249
1626919835090 13.868671417236328 33299
1626919864108 14.362469673156738 33349
1626919893129 13.825052261352539 33399
1626919922290 13.84453010559082 33449
1626919951342 13.959470748901367 33499
1626919980243 14.114001274108887 33549
1626920009267 14.098621368408203 33599
1626920037995 14.176736831665039 33649
1626920067062 13.76251220703125 33699
1626920096088 14.08458423614502 33749
1626920125060 14.201309204101562 33799
1626920154108 13.860694885253906 33849
1626920182955 13.497159957885742 33899
1626920212019 14.477676391601562 33949
1626920241104 14.031158447265625 33999
1626920270427 14.034698486328125 34049
1626920299448 14.123188018798828 34099
1626920328346 13.94133472442627 34149
1626920357400 13.93956184387207 34199
1626920386429 14.209840774536133 34249
1626920415566 14.32207202911377 34299
1626920443929 14.22237491607666 34349
1626920703137 13.902897834777832 10
1626920731352 14.21536636352539 34399
1626920759929 13.653027534484863 34449
1626920788493 14.083929061889648 34499
1626920817220 14.168994903564453 34549
1626920845767 14.095003128051758 34599
1626920874378 13.530649185180664 34649
1626920902812 14.085573196411133 34699
1626920931495 13.688715934753418 34749
1626920960405 14.054808616638184 34799
1626920989094 14.279867172241211 34849
1626921017851 13.946601867675781 34899
1626921046551 14.265628814697266 34949
1626921075429 14.148422241210938 34999
1626921104281 14.312763214111328 35049
1626921133329 14.097610473632812 35099
1626921162189 13.947452545166016 35149
1626921191123 13.976567268371582 35199
1626921220290 13.761959075927734 35249
1626921249097 13.813526153564453 35299
1626921277979 13.762428283691406 35349
1626921306638 13.575652122497559 35399
1626921335742 14.105962753295898 35449
1626921364629 13.910295486450195 35499
1626921393695 13.925085067749023 35549
1626921422634 13.986037254333496 35599
1626921451606 14.254101753234863 35649
1626921480277 13.739300727844238 35699
1626921509162 13.871450424194336 35749
1626921538111 13.738740921020508 35799
1626921567041 13.979692459106445 35849
1626921595909 13.669139862060547 35899
1626921625148 13.467313766479492 35949
1626921654041 13.520310401916504 35999
1626921682850 13.805364608764648 36049
1626921711737 13.89986801147461 36099
1626921740645 14.203797340393066 36149
1626921769520 13.849889755249023 36199
1626921798389 13.876270294189453 36249
1626921827450 13.651917457580566 36299
1626921856195 14.250696182250977 36349
1626921884891 13.973418235778809 36399
1626921913827 14.532571792602539 36449
1626921942562 14.229400634765625 36499
1626921971627 13.650217056274414 36549
1626922000595 13.946657180786133 36599
1626922029439 13.841300964355469 36649
1626922058360 14.254837036132812 36699
1626922087216 13.607200622558594 36749
1626922116160 14.097740173339844 36799
1626922144962 14.043045043945312 36849
1626922173877 13.95139217376709 36899
1626922202562 15.946406364440918 36949
1626922231190 14.183613777160645 36999
1626922260285 14.021598815917969 37049
1626922289288 14.029322624206543 37099
1626922318256 14.412590026855469 37149
1626922347359 14.069902420043945 37199
1626922376173 13.878032684326172 37249
1626922405082 14.144783020019531 37299
1626922434084 14.269816398620605 37349
1626922462952 14.315925598144531 37399
1626922491950 14.128000259399414 37449
1626922523983 13.808156967163086 37499
1626922763899 13.808156967163086 11
1626922808812 13.835604667663574 37549
1626922838376 13.654038429260254 37599
1626922866744 14.046775817871094 37649
1626922895412 13.77181339263916 37699
1626922924022 13.803800582885742 37749
1626922952731 14.115657806396484 37799
1626922981258 13.979781150817871 37849
1626923009723 13.811220169067383 37899
1626923038231 13.757091522216797 37949
1626923067575 13.84337329864502 37999
1626923096435 14.176236152648926 38049
1626923125243 14.031103134155273 38099
1626923154031 14.087573051452637 38149
1626923182859 13.480823516845703 38199
1626923211870 13.673986434936523 38249
1626923240657 13.633773803710938 38299
1626923269522 13.796045303344727 38349
1626923298354 13.50986099243164 38399
1626923326955 13.795459747314453 38449
1626923355984 13.764164924621582 38499
1626923384835 13.779050827026367 38549
1626923413528 14.234492301940918 38599
1626923442580 13.81657600402832 38649
1626923471466 13.710962295532227 38699
1626923500587 13.760491371154785 38749
1626923529627 14.44666862487793 38799
1626923558363 13.3406982421875 38849
1626923587250 13.856740951538086 38899
1626923616195 13.78072738647461 38949
1626923644953 13.776100158691406 38999
1626923673860 13.77863883972168 39049
1626923703138 13.77185344696045 39099
1626923732016 13.65342903137207 39149
1626923761019 13.365018844604492 39199
1626923789920 14.280773162841797 39249
1626923818528 13.53781509399414 39299
1626923847279 13.467626571655273 39349
1626923876176 13.515810012817383 39399
1626923905090 13.847855567932129 39449
1626923933900 13.677953720092773 39499
1626923962804 13.510101318359375 39549
1626923991943 14.172062873840332 39599
1626924020906 13.620688438415527 39649
1626924049944 13.58355712890625 39699
1626924078916 13.464418411254883 39749
1626924107776 13.38577651977539 39799
1626924136712 14.03671646118164 39849
1626924165591 13.583717346191406 39899
1626924194277 13.934585571289062 39949
1626924223294 13.719589233398438 39999
1626924252247 13.726364135742188 40049
1626924281023 13.733381271362305 40099
1626924310138 13.858613967895508 40149
1626924339154 13.8001127243042 40199
1626924367907 13.74734878540039 40249
1626924396695 13.525921821594238 40299
1626924425750 13.834762573242188 40349
1626924454681 13.646295547485352 40399
1626924483510 13.68532943725586 40449
1626924512641 14.114715576171875 40499
1626924541567 14.009275436401367 40549
1626924569976 14.02503776550293 40599
1626924828672 13.54280948638916 12
1626924856947 13.731794357299805 40649
1626924885451 13.39367961883545 40699
1626924913882 14.285322189331055 40749
1626924942404 14.008594512939453 40799
1626924970781 13.663029670715332 40849
1626924999309 13.685344696044922 40899
1626925027786 13.45295524597168 40949
1626925056122 13.44491195678711 40999
1626925084910 13.718975067138672 41049
1626925113430 13.458854675292969 41099
1626925142004 14.032270431518555 41149
1626925170558 13.464868545532227 41199
1626925199222 13.66585922241211 41249
1626925228152 13.601591110229492 41299
1626925256988 13.743793487548828 41349
1626925286603 13.54952335357666 41399
1626925315669 13.545001983642578 41449
1626925344526 13.712850570678711 41499
1626925373487 13.659536361694336 41549
1626925402266 13.708877563476562 41599
1626925430969 13.525568008422852 41649
1626925459869 13.786701202392578 41699
1626925488654 13.434253692626953 41749
1626925517449 13.833913803100586 41799
1626925546200 13.492329597473145 41849
1626925574828 13.72800064086914 41899
1626925603646 13.639504432678223 41949
1626925632580 13.698690414428711 41999
1626925661445 13.548845291137695 42049
1626925690183 13.840696334838867 42099
1626925718996 13.487671852111816 42149
1626925747859 13.765085220336914 42199
1626925776944 13.810705184936523 42249
1626925805724 13.498250961303711 42299
1626925834444 13.336589813232422 42349
1626925863296 13.610716819763184 42399
1626925892419 13.717964172363281 42449
1626925921337 13.668197631835938 42499
1626925950430 13.63105583190918 42549
1626925979138 14.01822280883789 42599
1626926008362 13.71763801574707 42649
1626926037540 14.007942199707031 42699
1626926066749 13.783899307250977 42749
1626926095716 13.470783233642578 42799
1626926124584 13.850398063659668 42849
1626926153595 13.681940078735352 42899
1626926182565 13.78317928314209 42949
1626926211222 13.549781799316406 42999
1626926240371 13.937844276428223 43049
1626926269340 13.369659423828125 43099
1626926298168 13.782819747924805 43149
1626926327022 13.891562461853027 43199
1626926355873 13.948286056518555 43249
1626926384661 13.810285568237305 43299
1626926413688 13.543172836303711 43349
1626926442302 14.027607917785645 43399
1626926470917 13.877606391906738 43449
1626926499901 13.659845352172852 43499
1626926528612 13.581418991088867 43549
1626926557386 13.733674049377441 43599
1626926586547 13.523746490478516 43649
1626926615397 13.605430603027344 43699
1626926647389 13.743270874023438 43749
1626926885985 13.743270874023438 13
1626926930744 13.802502632141113 43799
1626926959339 13.376012802124023 43849
1626926987791 13.293449401855469 43899
1626927016199 13.664203643798828 43949
1626927044802 13.613409996032715 43999
1626927073222 13.488036155700684 44049
1626927101693 13.501633644104004 44099
1626927130295 13.391666412353516 44149
1626927158974 13.54258918762207 44199
1626927187456 13.567325592041016 44249
1626927216023 13.34343147277832 44299
1626927244631 13.538871765136719 44349
1626927273519 13.820014953613281 44399
1626927302610 13.759462356567383 44449
1626927331491 13.42505931854248 44499
1626927360219 13.413068771362305 44549
1626927389177 13.86178207397461 44599
1626927418004 13.41998291015625 44649
1626927446920 13.290565490722656 44699
1626927475858 13.573382377624512 44749
1626927504780 13.888986587524414 44799
1626927533763 13.530130386352539 44849
1626927562788 13.801162719726562 44899
1626927591794 13.91707992553711 44949
1626927620582 13.528900146484375 44999
1626927649815 13.73033332824707 45049
1626927678812 13.543821334838867 45099
1626927707622 13.668354034423828 45149
1626927736452 13.554619789123535 45199
1626927765367 13.641695976257324 45249
1626927794526 13.560909271240234 45299
1626927823622 13.823722839355469 45349
1626927852560 13.635058403015137 45399
1626927881605 13.717941284179688 45449
1626927910610 13.622836112976074 45499
1626927939486 13.528526306152344 45549
1626927968518 13.6429443359375 45599
1626927997593 13.662169456481934 45649
1626928026671 13.419187545776367 45699
1626928055616 13.569321632385254 45749
1626928084412 13.750898361206055 45799
1626928113098 13.839056015014648 45849
1626928141971 13.645774841308594 45899
1626928171012 13.823892593383789 45949
1626928200092 13.385007858276367 45999
1626928228847 13.621091842651367 46049
1626928258009 14.043265342712402 46099
1626928286817 13.530344009399414 46149
1626928315795 13.282285690307617 46199
1626928344625 13.866744041442871 46249
1626928373906 13.318404197692871 46299
1626928402870 13.618826866149902 46349
1626928431548 13.568304061889648 46399
1626928460438 13.420251846313477 46449
1626928489389 13.773096084594727 46499
1626928518162 13.701349258422852 46549
1626928546981 13.546675682067871 46599
1626928576111 13.763952255249023 46649
1626928605030 13.502276420593262 46699
1626928633668 13.833806991577148 46749
1626928662546 13.741927146911621 46799
1626928690849 13.711614608764648 46849
1626928949825 13.406737327575684 14
1626928978361 13.452810287475586 46899
1626929007074 13.726099967956543 46949
1626929035638 13.384458541870117 46999
1626929064170 13.575284004211426 47049
1626929092708 13.694694519042969 47099
1626929121236 13.323101043701172 47149
1626929149765 13.71934700012207 47199
1626929178258 13.3577880859375 47249
1626929206886 13.752708435058594 47299
1626929235501 13.281888961791992 47349
1626929264005 13.550777435302734 47399
1626929292439 13.726099967956543 47449
1626929321120 13.461833000183105 47499
1626929350249 13.51553726196289 47549
1626929379302 13.590463638305664 47599
1626929408230 13.446306228637695 47649
1626929436778 13.634786605834961 47699
1626929465628 13.447953224182129 47749
1626929494595 13.430044174194336 47799
1626929523430 13.24238109588623 47849
1626929552249 13.215475082397461 47899
1626929580935 13.872848510742188 47949
1626929609959 13.638880729675293 47999
1626929638782 13.273761749267578 48049
1626929667498 13.364324569702148 48099
1626929696398 13.148782730102539 48149
1626929725278 13.517863273620605 48199
1626929754008 13.433450698852539 48249
1626929783431 13.383685111999512 48299
1626929812443 13.366095542907715 48349
1626929841507 13.415220260620117 48399
1626929870464 13.541067123413086 48449
1626929899440 13.50972843170166 48499
1626929928371 13.54792594909668 48549
1626929957550 13.307912826538086 48599
1626929986468 13.978504180908203 48649
1626930015422 13.412970542907715 48699
1626930044386 13.491453170776367 48749
1626930073286 13.491449356079102 48799
1626930102241 13.842265129089355 48849
1626930131064 13.620784759521484 48899
1626930160165 13.475723266601562 48949
1626930189105 13.573675155639648 48999
1626930217760 13.452165603637695 49049
1626930246435 13.658900260925293 49099
1626930275064 13.623268127441406 49149
1626930303945 13.620378494262695 49199
1626930332602 13.586280822753906 49249
1626930361580 13.449079513549805 49299
1626930390270 13.556851387023926 49349
1626930419299 13.338669776916504 49399
1626930448361 13.443889617919922 49449
1626930477291 13.539477348327637 49499
1626930506163 13.481847763061523 49549
1626930534788 13.442315101623535 49599
1626930563771 13.731847763061523 49649
1626930592562 13.545138359069824 49699
1626930621492 13.542919158935547 49749
1626930650188 13.192117691040039 49799
1626930679273 13.287317276000977 49849
1626930708099 13.437397003173828 49899
1626930737006 13.519049644470215 49949
1626930768979 13.66930103302002 49999
1626931009883 13.66930103302002 15
1626931053020 13.234098434448242 50049
1626931081612 13.216135025024414 50099
1626931110087 13.490829467773438 50149
1626931138661 13.108593940734863 50199
1626931167168 13.610624313354492 50249
1626931195612 13.731792449951172 50299
1626931224242 13.37356948852539 50349
1626931252832 13.454951286315918 50399
1626931281440 13.877551078796387 50449
1626931309951 13.568683624267578 50499
1626931338592 13.484075546264648 50549
1626931367225 13.571067810058594 50599
1626931396130 13.834720611572266 50649
1626931425108 13.516498565673828 50699
1626931453845 13.419746398925781 50749
1626931482883 13.374217987060547 50799
1626931511796 13.199514389038086 50849
1626931540719 13.331525802612305 50899
1626931569749 13.348215103149414 50949
1626931598438 13.611772537231445 50999
1626931627280 13.230664253234863 51049
1626931656205 13.422338485717773 51099
1626931685195 13.401472091674805 51149
1626931713899 13.371527671813965 51199
1626931742871 13.671276092529297 51249
1626931771774 13.530010223388672 51299
1626931800824 13.338802337646484 51349
1626931829797 13.327481269836426 51399
1626931858520 13.45946979522705 51449
1626931887472 13.436080932617188 51499
1626931916543 13.30169677734375 51549
1626931945998 13.541257858276367 51599
1626931975421 13.446508407592773 51649
1626932004607 13.277077674865723 51699
1626932033746 13.76734733581543 51749
1626932062540 13.67921257019043 51799
1626932091398 13.549873352050781 51849
1626932120363 13.364283561706543 51899
1626932149263 13.517473220825195 51949
1626932178230 13.74828052520752 51999
1626932207267 13.522445678710938 52049
1626932236352 13.174461364746094 52099
1626932265174 13.661924362182617 52149
1626932294320 13.325037002563477 52199
1626932323354 13.4736328125 52249
1626932352262 13.382067680358887 52299
1626932381383 13.770824432373047 52349
1626932410428 13.565749168395996 52399
1626932439545 13.343364715576172 52449
1626932468703 13.41763973236084 52499
1626932497538 13.231542587280273 52549
1626932526461 13.487869262695312 52599
1626932555333 13.435376167297363 52649
1626932584340 13.42753791809082 52699
1626932613360 13.456033706665039 52749
1626932642195 13.336311340332031 52799
1626932671258 13.176544189453125 52849
1626932700016 13.501564025878906 52899
1626932729061 13.469313621520996 52949
1626932757973 13.369539260864258 52999
1626932786549 13.597270965576172 53049
1626932814860 13.397956848144531 53099
1626933073724 13.327923774719238 16
1626933102244 13.806593894958496 53149
1626933130750 13.416833877563477 53199
1626933159383 13.359306335449219 53249
1626933187823 13.33312702178955 53299
1626933216363 13.612581253051758 53349
1626933244766 13.167304039001465 53399
1626933273234 13.286861419677734 53449
1626933301876 13.191511154174805 53499
1626933330339 13.330575942993164 53549
1626933358952 13.243012428283691 53599
1626933387498 13.658037185668945 53649
1626933416088 13.696516036987305 53699
1626933444844 13.260311126708984 53749
1626933473819 13.539605140686035 53799
1626933502731 13.35035514831543 53849
1626933531547 13.190437316894531 53899
1626933560392 13.556512832641602 53949
1626933589052 13.522212028503418 53999
1626933617693 13.979652404785156 54049
1626933646583 13.491584777832031 54099
1626933675555 13.596806526184082 54149
1626933704600 13.397054672241211 54199
1626933733313 13.490203857421875 54249
1626933762287 13.383185386657715 54299
1626933791119 13.349717140197754 54349
1626933820129 13.468544960021973 54399
1626933848829 13.458641052246094 54449
1626933877748 13.265092849731445 54499
1626933906814 13.780754089355469 54549
1626933935922 13.415966033935547 54599
1626933965003 13.297174453735352 54649
1626933993978 13.426202774047852 54699
1626934022984 13.053863525390625 54749
1626934051986 13.350606918334961 54799
1626934080930 13.567821502685547 54849
1626934109655 13.217734336853027 54899
1626934138493 13.267745971679688 54949
1626934167278 13.389785766601562 54999
1626934196388 13.318122863769531 55049
1626934225275 13.469942092895508 55099
1626934253971 13.115499496459961 55149
1626934282791 13.19201374053955 55199
1626934311704 13.463293075561523 55249
1626934340691 13.458000183105469 55299
1626934369660 13.368522644042969 55349
1626934398623 13.185392379760742 55399
1626934427563 13.46002197265625 55449
1626934456344 13.464659690856934 55499
1626934485295 13.257107734680176 55549
1626934514159 13.595218658447266 55599
1626934542812 13.864925384521484 55649
1626934571798 13.356101989746094 55699
1626934600660 13.394445419311523 55749
1626934629658 13.437091827392578 55799
1626934658443 13.379804611206055 55849
1626934687229 13.253018379211426 55899
1626934716089 13.436077117919922 55949
1626934744819 13.265235900878906 55999
1626934773842 13.595183372497559 56049
1626934802617 13.620904922485352 56099
1626934831461 13.463410377502441 56149
1626934860460 13.508946418762207 56199
1626934892546 13.596330642700195 56249
1626935133263 13.596330642700195 17
1626935175842 13.553342819213867 56299
1626935204635 13.589456558227539 56349
1626935233134 13.290220260620117 56399
1626935261683 13.277462005615234 56449
1626935290139 13.180294036865234 56499
1626935318652 13.399245262145996 56549
1626935347390 13.294290542602539 56599
1626935376018 13.280834197998047 56649
1626935404605 13.499792098999023 56699
1626935433229 13.338814735412598 56749
1626935461781 13.77100944519043 56799
1626935490577 13.478704452514648 56849
1626935519203 13.230561256408691 56899
1626935548213 13.384011268615723 56949
1626935577076 13.399957656860352 56999
1626935605960 13.242359161376953 57049
1626935634741 13.582204818725586 57099
1626935663517 13.161029815673828 57149
1626935692712 13.473194122314453 57199
1626935721518 13.489629745483398 57249
1626935750092 13.125385284423828 57299
1626935779077 13.162233352661133 57349
1626935808115 13.294879913330078 57399
1626935836993 13.643447875976562 57449
1626935865689 13.285361289978027 57499
1626935894516 13.503226280212402 57549
1626935923331 13.491811752319336 57599
1626935952133 13.127317428588867 57649
1626935981164 13.338109016418457 57699
1626936010169 13.338714599609375 57749
1626936038962 13.412511825561523 57799
1626936068047 13.237435340881348 57849
1626936096971 13.299468994140625 57899
1626936125801 13.019830703735352 57949
1626936154714 13.416084289550781 57999
1626936183513 13.321272850036621 58049
1626936212179 13.499893188476562 58099
1626936240679 13.501522064208984 58149
1626936269660 13.613504409790039 58199
1626936298686 13.15777587890625 58249
1626936327542 13.567440032958984 58299
1626936356480 13.399070739746094 58349
1626936385203 13.387928009033203 58399
1626936414044 13.445642471313477 58449
1626936443049 13.364013671875 58499
1626936472014 13.364559173583984 58549
1626936500898 13.402950286865234 58599
1626936529577 13.670881271362305 58649
1626936558580 13.157281875610352 58699
1626936587258 13.379074096679688 58749
1626936616014 13.12496566772461 58799
1626936644776 13.084074020385742 58849
1626936673507 13.398202896118164 58899
1626936702437 13.108851432800293 58949
1626936731454 13.500702857971191 58999
1626936760379 13.508588790893555 59049
1626936789370 13.491724014282227 59099
1626936818295 13.441304206848145 59149
1626936847117 13.26485824584961 59199
1626936876064 13.081441879272461 59249
1626936904974 13.04801082611084 59299
1626936933351 13.265525817871094 59349
1626937192630 13.653745651245117 18
1626937221683 13.439199447631836 59399
1626937250201 13.522161483764648 59449
1626937278705 13.249269485473633 59499
1626937307252 13.695019721984863 59549
1626937335765 13.295207977294922 59599
1626937364228 13.348590850830078 59649
1626937392662 13.203470230102539 59699
1626937421064 13.279897689819336 59749
1626937449774 13.808328628540039 59799
1626937478212 13.445648193359375 59849
1626937506916 13.43244743347168 59899
1626937535487 13.468940734863281 59949
1626937564086 13.310138702392578 59999
1626937593017 13.269868850708008 60049
1626937621985 13.426839828491211 60099
1626937651232 13.325197219848633 60149
1626937680254 13.778450012207031 60199
1626937709069 12.983011245727539 60249
1626937737911 13.132124900817871 60299
1626937766994 13.62939453125 60349
1626937795645 13.259495735168457 60399
1626937824418 13.498778343200684 60449
1626937853213 13.468072891235352 60499
1626937882077 13.287471771240234 60549
1626937910922 13.424747467041016 60599
1626937939603 13.933645248413086 60649
1626937968392 13.697022438049316 60699
1626937997306 13.433647155761719 60749
1626938026125 13.67940616607666 60799
1626938055074 13.432937622070312 60849
1626938083772 13.651341438293457 60899
1626938112624 13.720293998718262 60949
1626938141410 13.734249114990234 60999
1626938170337 13.140236854553223 61049
1626938199212 13.493619918823242 61099
1626938228282 13.460200309753418 61149
1626938257082 13.120341300964355 61199
1626938286119 13.700088500976562 61249
1626938314945 13.296372413635254 61299
1626938343604 13.39145278930664 61349
1626938372553 13.150823593139648 61399
1626938401483 13.939748764038086 61449
1626938430480 13.038102149963379 61499
1626938459335 13.519998550415039 61549
1626938488104 13.325584411621094 61599
1626938516811 13.128214836120605 61649
1626938545633 13.355809211730957 61699
1626938574515 13.439833641052246 61749
1626938603531 13.394275665283203 61799
1626938632632 13.41340446472168 61849
1626938661472 13.284612655639648 61899
1626938690533 13.09522819519043 61949
1626938719541 13.448821067810059 61999
1626938748329 13.176301002502441 62049
1626938777343 13.30774211883545 62099
1626938806297 13.534832000732422 62149
1626938835204 13.560417175292969 62199
1626938863980 13.261232376098633 62249
1626938892877 13.42714786529541 62299
1626938921633 13.257225036621094 62349
1626938950351 13.403881072998047 62399
1626938979347 13.333328247070312 62449
1626939011481 13.227168083190918 62499
1626939252195 13.227168083190918 19
