1626900067844 16.947301864624023 0
1626902139686 15.63045597076416 1
1626904202060 14.885183334350586 2
1626906263756 14.679208755493164 3
1626908329982 14.547500610351562 4
1626910391311 14.521568298339844 5
1626912451536 14.025667190551758 6
1626914515282 14.31951904296875 7
1626916577855 13.965076446533203 8
1626918638980 14.322898864746094 9
1626920703137 13.902897834777832 10
1626922763899 13.808156967163086 11
1626924828672 13.54280948638916 12
1626926885985 13.743270874023438 13
1626928949825 13.406737327575684 14
1626931009883 13.66930103302002 15
1626933073724 13.327923774719238 16
1626935133263 13.596330642700195 17
1626937192630 13.653745651245117 18
1626939252195 13.227168083190918 19
