1626899830769 18.677810668945312 3124
1626900067844 18.677810668945312 0
1626901899524 15.927062034606934 6249
1626902139686 15.927062034606934 1
1626903962881 15.340110778808594 9374
1626904202060 15.340110778808594 2
1626906023460 14.997706413269043 12499
1626906263756 14.997706413269043 3
1626908090070 14.819428443908691 15624
1626908329982 14.819428443908691 4
1626910153604 14.610377311706543 18749
1626910391311 14.610377311706543 5
1626912211560 14.494017601013184 21874
1626912451536 14.494017601013184 6
1626914275919 14.389988899230957 24999
1626914515282 14.389988899230957 7
1626916337737 14.27192497253418 28124
1626916577855 14.27192497253418 8
1626918399194 14.137514114379883 31249
1626918638980 14.137514114379883 9
1626920463098 14.010966300964355 34374
1626920703137 14.010966300964355 10
1626922526340 13.978107452392578 37499
1626922763899 13.978107452392578 11
1626924588954 13.784327507019043 40624
1626924828672 13.784327507019043 12
1626926648191 13.682132720947266 43749
1626926885985 13.682132720947266 13
1626928709960 13.599544525146484 46874
1626928949825 13.599544525146484 14
1626930769860 13.530144691467285 49999
1626931009883 13.530144691467285 15
1626932833948 13.469754219055176 53124
1626933073724 13.469754219055176 16
1626934893498 13.422855377197266 56249
1626935133263 13.422855377197266 17
1626936952521 13.382970809936523 59374
1626937192630 13.382970809936523 18
1626939012351 13.368024826049805 62499
1626939252195 13.368024826049805 19
