1625152666836 0 49
1625152677946 0 99
1625152689149 0 149
1625152700144 0 199
1625152711144 0 249
1625152722208 0 299
1625152733211 0 349
1625152744269 0 399
1625152755332 0 449
1625152766399 0 499
1625152777407 0 549
1625152788460 0 599
1625152799454 0 649
1625152810487 0 699
1625152821586 0 749
1625152832658 0 799
1625152843695 0 849
1625152854757 0 899
1625152865733 0 949
1625152876911 0 999
1625152888118 0 1049
1625152899580 0 1099
1625152910859 0 1149
1625152922001 0 1199
1625152933360 0 1249
1625152946028 0 1299
1625152957607 0 1349
1625152969066 0 1399
1625152980631 0 1449
1625152992404 0 1499
1625153003724 0 1549
1625153015195 0 1599
1625153026621 0 1649
1625153038118 0 1699
1625153049507 0 1749
1625153060907 0 1799
1625153072210 0 1849
1625153083605 0 1899
1625153095149 0 1949
1625153106666 0 1999
1625153118337 0 2049
1625153129742 0 2099
1625153141037 0 2149
1625153152281 0 2199
1625153163590 0 2249
1625153174807 0 2299
1625153185976 0 2349
1625153197273 0 2399
1625153208557 0 2449
1625153219704 0 2499
1625153230892 0 2549
1625153242179 0 2599
1625153253680 0 2649
1625153265463 0 2699
1625153276918 0 2749
1625153288463 0 2799
1625153299919 0 2849
1625153311186 0 2899
1625153322678 0 2949
1625153334200 0 2999
1625153345754 0 3049
1625153357110 0 3099
1625153368510 0 3149
1625153379934 0 3199
1625153391365 0 3249
1625153402771 0 3299
1625153414234 0 3349
1625153425682 0 3399
1625153437237 0 3449
1625153448610 0 3499
1625153460059 0 3549
1625153471519 0 3599
1625153483021 0 3649
1625153494685 0 3699
1625153506025 0 3749
1625153517346 0 3799
1625153528623 0 3849
1625153540015 0 3899
1625153551362 0 3949
1625153563081 0 3999
1625153574402 0 4049
1625153585830 0 4099
1625153597319 0 4149
1625153608715 0 4199
1625153620005 0 4249
1625153631420 0 4299
1625153642766 0 4349
1625153654270 0 4399
1625153665687 0 4449
1625153676915 0 4499
1625153688331 0 4549
1625153699707 0 4599
1625153711144 0 4649
1625153722576 0 4699
1625153734013 0 4749
1625153745427 0 4799
1625153756842 0 4849
1625153768558 0 4899
1625153779811 0 4949
1625153791111 0 4999
1625153802429 0 5049
1625153813735 0 5099
1625153824915 0 5149
1625153836205 0 5199
1625153847591 0 5249
1625153858745 0 5299
1625153869951 0 5349
1625153881195 0 5399
1625153892360 0 5449
1625153903771 0 5499
1625153915067 0 5549
1625153926250 0 5599
1625153937655 0 5649
1625153949174 0 5699
1625153960555 0 5749
1625153971928 0 5799
1625153983345 0 5849
1625153994634 0 5899
1625154005876 0 5949
1625154017215 0 5999
1625154028487 0 6049
1625154039890 0 6099
1625154051174 0 6149
1625154062557 0 6199
1625154076275 0 6249
1625154077134 0 6249
1625154285700 0 6249
1625154306149 1 6299
1625154317229 1 6349
1625154328420 1 6399
1625154339512 1 6449
1625154350699 1 6499
1625154361778 1 6549
1625154372908 1 6599
1625154383980 1 6649
1625154395016 1 6699
1625154406039 1 6749
1625154417150 1 6799
1625154428238 1 6849
1625154439319 1 6899
1625154450436 1 6949
1625154461450 1 6999
1625154472469 1 7049
1625154483541 1 7099
1625154494652 1 7149
1625154505816 1 7199
1625154516903 1 7249
1625154528080 1 7299
1625154539203 1 7349
1625154550294 1 7399
1625154561333 1 7449
1625154572385 1 7499
1625154583415 1 7549
1625154594543 1 7599
1625154605665 1 7649
1625154616978 1 7699
1625154628365 1 7749
1625154639742 1 7799
1625154651075 1 7849
1625154662317 1 7899
1625154673787 1 7949
1625154685241 1 7999
1625154696555 1 8049
1625154707837 1 8099
1625154719188 1 8149
1625154730417 1 8199
1625154741669 1 8249
1625154752963 1 8299
1625154764252 1 8349
1625154775464 1 8399
1625154786684 1 8449
1625154798054 1 8499
1625154809360 1 8549
1625154820766 1 8599
1625154832319 1 8649
1625154843621 1 8699
1625154854905 1 8749
1625154866209 1 8799
1625154877573 1 8849
1625154888865 1 8899
1625154900163 1 8949
1625154911442 1 8999
1625154922631 1 9049
1625154933873 1 9099
1625154945103 1 9149
1625154956410 1 9199
1625154967731 1 9249
1625154979085 1 9299
1625154990336 1 9349
1625155001671 1 9399
1625155012990 1 9449
1625155024400 1 9499
1625155035712 1 9549
1625155046960 1 9599
1625155058284 1 9649
1625155069634 1 9699
1625155080993 1 9749
1625155092232 1 9799
1625155103704 1 9849
1625155115186 1 9899
1625155126446 1 9949
1625155137833 1 9999
1625155149150 1 10049
1625155160448 1 10099
1625155171753 1 10149
1625155183019 1 10199
1625155194291 1 10249
1625155205611 1 10299
1625155216874 1 10349
1625155228094 1 10399
1625155239390 1 10449
1625155250711 1 10499
1625155261989 1 10549
1625155273249 1 10599
1625155284632 1 10649
1625155295813 1 10699
1625155307035 1 10749
1625155318307 1 10799
1625155329540 1 10849
1625155340886 1 10899
1625155352065 1 10949
1625155363303 1 10999
1625155374625 1 11049
1625155385908 1 11099
1625155397336 1 11149
1625155408644 1 11199
1625155420034 1 11249
1625155431355 1 11299
1625155442629 1 11349
1625155454083 1 11399
1625155465350 1 11449
1625155476754 1 11499
1625155488100 1 11549
1625155499423 1 11599
1625155510836 1 11649
1625155522211 1 11699
1625155533620 1 11749
1625155544913 1 11799
1625155556181 1 11849
1625155567463 1 11899
1625155578796 1 11949
1625155590132 1 11999
1625155601527 1 12049
1625155612938 1 12099
1625155624247 1 12149
1625155635580 1 12199
1625155646846 1 12249
1625155657993 1 12299
1625155669253 1 12349
1625155680463 1 12399
1625155691924 1 12449
1625155705759 1 12499
1625155706614 1 12499
1625155889293 1 12499
1625155909829 2 12549
1625155920999 2 12599
1625155932196 2 12649
1625155943233 2 12699
1625155954361 2 12749
1625155965533 2 12799
1625155976651 2 12849
1625155987782 2 12899
1625155998902 2 12949
1625156009994 2 12999
1625156021109 2 13049
1625156032320 2 13099
1625156043470 2 13149
1625156054615 2 13199
1625156065657 2 13249
1625156076787 2 13299
1625156087860 2 13349
1625156099049 2 13399
1625156110093 2 13449
1625156121059 2 13499
1625156132154 2 13549
1625156143172 2 13599
1625156154217 2 13649
1625156165257 2 13699
1625156176343 2 13749
1625156187390 2 13799
1625156198556 2 13849
1625156209722 2 13899
1625156221057 2 13949
1625156232363 2 13999
1625156243616 2 14049
1625156254932 2 14099
1625156266276 2 14149
1625156277620 2 14199
1625156288865 2 14249
1625156300037 2 14299
1625156311332 2 14349
1625156322703 2 14399
1625156334069 2 14449
1625156345300 2 14499
1625156356520 2 14549
1625156367791 2 14599
1625156379029 2 14649
1625156390237 2 14699
1625156401455 2 14749
1625156412693 2 14799
1625156423961 2 14849
1625156435193 2 14899
1625156446626 2 14949
1625156457827 2 14999
1625156469086 2 15049
1625156480529 2 15099
1625156491877 2 15149
1625156503149 2 15199
1625156514452 2 15249
1625156525724 2 15299
1625156536981 2 15349
1625156548213 2 15399
1625156559468 2 15449
1625156570892 2 15499
1625156582204 2 15549
1625156593512 2 15599
1625156604850 2 15649
1625156616142 2 15699
1625156627487 2 15749
1625156638807 2 15799
1625156650134 2 15849
1625156661574 2 15899
1625156672977 2 15949
1625156684244 2 15999
1625156695542 2 16049
1625156706850 2 16099
1625156718148 2 16149
1625156729537 2 16199
1625156740825 2 16249
1625156752222 2 16299
1625156763595 2 16349
1625156774970 2 16399
1625156786301 2 16449
1625156797499 2 16499
1625156808922 2 16549
1625156820205 2 16599
1625156831377 2 16649
1625156842716 2 16699
1625156854005 2 16749
1625156865331 2 16799
1625156876607 2 16849
1625156887867 2 16899
1625156899077 2 16949
1625156910383 2 16999
1625156921707 2 17049
1625156932953 2 17099
1625156944225 2 17149
1625156955529 2 17199
1625156966842 2 17249
1625156978255 2 17299
1625156989544 2 17349
1625157001007 2 17399
1625157012432 2 17449
1625157023805 2 17499
1625157035200 2 17549
1625157046551 2 17599
1625157057986 2 17649
1625157069490 2 17699
1625157080935 2 17749
1625157092371 2 17799
1625157103703 2 17849
1625157115162 2 17899
1625157126654 2 17949
1625157138022 2 17999
1625157149421 2 18049
1625157160756 2 18099
1625157172173 2 18149
1625157183537 2 18199
1625157194941 2 18249
1625157206410 2 18299
1625157217810 2 18349
1625157229191 2 18399
1625157240507 2 18449
1625157251892 2 18499
1625157263248 2 18549
1625157274653 2 18599
1625157286059 2 18649
1625157297558 2 18699
1625157311499 2 18749
1625157312329 2 18749
1625157507069 2 18749
1625157526925 3 18799
1625157538056 3 18849
1625157549140 3 18899
1625157560240 3 18949
1625157571331 3 18999
1625157582355 3 19049
1625157593467 3 19099
1625157604623 3 19149
1625157615763 3 19199
1625157626907 3 19249
1625157638049 3 19299
1625157649240 3 19349
1625157660352 3 19399
1625157671553 3 19449
1625157682666 3 19499
1625157693797 3 19549
1625157704966 3 19599
1625157716106 3 19649
1625157727283 3 19699
1625157738620 3 19749
1625157749723 3 19799
1625157760889 3 19849
1625157771931 3 19899
1625157783078 3 19949
1625157794181 3 19999
1625157805278 3 20049
1625157816432 3 20099
1625157827621 3 20149
1625157838918 3 20199
1625157850207 3 20249
1625157861516 3 20299
1625157872873 3 20349
1625157884154 3 20399
1625157895459 3 20449
1625157906818 3 20499
1625157918157 3 20549
1625157929482 3 20599
1625157940734 3 20649
1625157951988 3 20699
1625157963290 3 20749
1625157974575 3 20799
1625157985900 3 20849
1625157997216 3 20899
1625158008442 3 20949
1625158019788 3 20999
1625158031087 3 21049
1625158042368 3 21099
1625158053767 3 21149
1625158065062 3 21199
1625158076446 3 21249
1625158087691 3 21299
1625158098985 3 21349
1625158110378 3 21399
1625158121741 3 21449
1625158132940 3 21499
1625158144102 3 21549
1625158155353 3 21599
1625158166688 3 21649
1625158177882 3 21699
1625158189259 3 21749
1625158200615 3 21799
1625158211995 3 21849
1625158223390 3 21899
1625158234760 3 21949
1625158246088 3 21999
1625158257392 3 22049
1625158268707 3 22099
1625158280117 3 22149
1625158291450 3 22199
1625158302862 3 22249
1625158314331 3 22299
1625158325767 3 22349
1625158337131 3 22399
1625158348411 3 22449
1625158359632 3 22499
1625158371135 3 22549
1625158382573 3 22599
1625158393991 3 22649
1625158405416 3 22699
1625158416726 3 22749
1625158428194 3 22799
1625158439592 3 22849
1625158450863 3 22899
1625158462221 3 22949
1625158473651 3 22999
1625158485071 3 23049
1625158496422 3 23099
1625158507780 3 23149
1625158519173 3 23199
1625158530564 3 23249
1625158541888 3 23299
1625158553219 3 23349
1625158564599 3 23399
1625158576038 3 23449
1625158587286 3 23499
1625158598784 3 23549
1625158610208 3 23599
1625158621627 3 23649
1625158633005 3 23699
1625158644428 3 23749
1625158655823 3 23799
1625158667259 3 23849
1625158678667 3 23899
1625158690084 3 23949
1625158701545 3 23999
1625158712931 3 24049
1625158724312 3 24099
1625158735653 3 24149
1625158747049 3 24199
1625158758403 3 24249
1625158769828 3 24299
1625158781152 3 24349
1625158792558 3 24399
1625158803981 3 24449
1625158815212 3 24499
1625158826498 3 24549
1625158837892 3 24599
1625158849344 3 24649
1625158860762 3 24699
1625158872245 3 24749
1625158883683 3 24799
1625158895068 3 24849
1625158906484 3 24899
1625158918024 3 24949
1625158931927 3 24999
1625158933273 3 24999
1625159137137 3 24999
1625159156828 4 25049
1625159167852 4 25099
1625159179031 4 25149
1625159190086 4 25199
1625159201214 4 25249
1625159212220 4 25299
1625159223259 4 25349
1625159234345 4 25399
1625159245393 4 25449
1625159256556 4 25499
1625159267653 4 25549
1625159278759 4 25599
1625159289825 4 25649
1625159300935 4 25699
1625159312049 4 25749
1625159323208 4 25799
1625159334388 4 25849
1625159345564 4 25899
1625159356695 4 25949
1625159367836 4 25999
1625159378895 4 26049
1625159390087 4 26099
1625159401225 4 26149
1625159412351 4 26199
1625159423472 4 26249
1625159434621 4 26299
1625159445838 4 26349
1625159457092 4 26399
1625159468550 4 26449
1625159479952 4 26499
1625159491406 4 26549
1625159502736 4 26599
1625159514166 4 26649
1625159525518 4 26699
1625159536899 4 26749
1625159548245 4 26799
1625159559543 4 26849
1625159570854 4 26899
1625159582211 4 26949
1625159593525 4 26999
1625159604919 4 27049
1625159616344 4 27099
1625159627711 4 27149
1625159638969 4 27199
1625159650261 4 27249
1625159661570 4 27299
1625159672880 4 27349
1625159684277 4 27399
1625159695623 4 27449
1625159707040 4 27499
1625159718356 4 27549
1625159729556 4 27599
1625159740804 4 27649
1625159752042 4 27699
1625159763398 4 27749
1625159774763 4 27799
1625159786018 4 27849
1625159797268 4 27899
1625159808403 4 27949
1625159819574 4 27999
1625159830893 4 28049
1625159842204 4 28099
1625159853517 4 28149
1625159864913 4 28199
1625159876119 4 28249
1625159887418 4 28299
1625159898784 4 28349
1625159910153 4 28399
1625159921469 4 28449
1625159932862 4 28499
1625159944240 4 28549
1625159955582 4 28599
1625159966921 4 28649
1625159978224 4 28699
1625159989518 4 28749
1625160000868 4 28799
1625160012121 4 28849
1625160023446 4 28899
1625160034823 4 28949
1625160046104 4 28999
1625160057477 4 29049
1625160068749 4 29099
1625160080192 4 29149
1625160091418 4 29199
1625160102688 4 29249
1625160113929 4 29299
1625160125212 4 29349
1625160136531 4 29399
1625160147826 4 29449
1625160159151 4 29499
1625160170480 4 29549
1625160181779 4 29599
1625160193082 4 29649
1625160204324 4 29699
1625160215647 4 29749
1625160227055 4 29799
1625160238395 4 29849
1625160249744 4 29899
1625160261224 4 29949
1625160272569 4 29999
1625160284009 4 30049
1625160295373 4 30099
1625160306780 4 30149
1625160318152 4 30199
1625160329652 4 30249
1625160341094 4 30299
1625160352467 4 30349
1625160363638 4 30399
1625160375049 4 30449
1625160386365 4 30499
1625160397874 4 30549
1625160409261 4 30599
1625160420608 4 30649
1625160431852 4 30699
1625160443242 4 30749
1625160454596 4 30799
1625160465869 4 30849
1625160477280 4 30899
1625160488533 4 30949
1625160499869 4 30999
1625160511090 4 31049
1625160522408 4 31099
1625160533911 4 31149
1625160545518 4 31199
1625160559419 4 31249
1625160560884 4 31249
1625160752650 4 31249
1625160772710 5 31299
1625160783819 5 31349
1625160794816 5 31399
1625160805892 5 31449
1625160817013 5 31499
1625160828147 5 31549
1625160839217 5 31599
1625160850314 5 31649
1625160861381 5 31699
1625160872451 5 31749
1625160883533 5 31799
1625160894580 5 31849
1625160905588 5 31899
1625160916732 5 31949
1625160927820 5 31999
1625160938877 5 32049
1625160949949 5 32099
1625160961044 5 32149
1625160972143 5 32199
1625160983244 5 32249
1625160994349 5 32299
1625161005451 5 32349
1625161016556 5 32399
1625161027650 5 32449
1625161038823 5 32499
1625161049969 5 32549
1625161061144 5 32599
1625161072440 5 32649
1625161083827 5 32699
1625161095297 5 32749
1625161106594 5 32799
1625161117936 5 32849
1625161129251 5 32899
1625161140603 5 32949
1625161152000 5 32999
1625161163505 5 33049
1625161174765 5 33099
1625161186076 5 33149
1625161197434 5 33199
1625161208807 5 33249
1625161220073 5 33299
1625161231400 5 33349
1625161242755 5 33399
1625161253945 5 33449
1625161265096 5 33499
1625161276341 5 33549
1625161287642 5 33599
1625161299007 5 33649
1625161310282 5 33699
1625161321609 5 33749
1625161332955 5 33799
1625161344244 5 33849
1625161355576 5 33899
1625161366919 5 33949
1625161378339 5 33999
1625161389692 5 34049
1625161400986 5 34099
1625161412256 5 34149
1625161423492 5 34199
1625161434768 5 34249
1625161446111 5 34299
1625161457373 5 34349
1625161468612 5 34399
1625161479894 5 34449
1625161491166 5 34499
1625161502449 5 34549
1625161513757 5 34599
1625161525041 5 34649
1625161536358 5 34699
1625161547545 5 34749
1625161558837 5 34799
1625161570112 5 34849
1625161581355 5 34899
1625161592676 5 34949
1625161603911 5 34999
1625161615184 5 35049
1625161626469 5 35099
1625161637775 5 35149
1625161649001 5 35199
1625161660303 5 35249
1625161671651 5 35299
1625161682927 5 35349
1625161694143 5 35399
1625161705375 5 35449
1625161716740 5 35499
1625161728048 5 35549
1625161739421 5 35599
1625161750780 5 35649
1625161762175 5 35699
1625161773463 5 35749
1625161784687 5 35799
1625161795866 5 35849
1625161807152 5 35899
1625161818631 5 35949
1625161829945 5 35999
1625161841317 5 36049
1625161852721 5 36099
1625161864121 5 36149
1625161875463 5 36199
1625161886748 5 36249
1625161898188 5 36299
1625161909675 5 36349
1625161921050 5 36399
1625161932525 5 36449
1625161943866 5 36499
1625161955266 5 36549
1625161966576 5 36599
1625161977897 5 36649
1625161989278 5 36699
1625162000547 5 36749
1625162011880 5 36799
1625162023207 5 36849
1625162034557 5 36899
1625162045894 5 36949
1625162057085 5 36999
1625162068478 5 37049
1625162079810 5 37099
1625162091118 5 37149
1625162102511 5 37199
1625162113791 5 37249
1625162125115 5 37299
1625162136541 5 37349
1625162147902 5 37399
1625162159402 5 37449
1625162173455 5 37499
1625162174319 5 37499
1625162373994 5 37499
1625162394599 6 37549
1625162405711 6 37599
1625162416831 6 37649
1625162427947 6 37699
1625162438942 6 37749
1625162450133 6 37799
1625162461182 6 37849
1625162472361 6 37899
1625162483422 6 37949
1625162494504 6 37999
1625162505567 6 38049
1625162516738 6 38099
1625162527891 6 38149
1625162538942 6 38199
1625162549978 6 38249
1625162561063 6 38299
1625162572127 6 38349
1625162583227 6 38399
1625162594312 6 38449
1625162605411 6 38499
1625162616510 6 38549
1625162627650 6 38599
1625162638793 6 38649
1625162649899 6 38699
1625162660940 6 38749
1625162672060 6 38799
1625162683341 6 38849
1625162694499 6 38899
1625162705824 6 38949
1625162717150 6 38999
1625162728511 6 39049
1625162739930 6 39099
1625162751446 6 39149
1625162762882 6 39199
1625162774268 6 39249
1625162785624 6 39299
1625162797101 6 39349
1625162808499 6 39399
1625162819861 6 39449
1625162831293 6 39499
1625162842691 6 39549
1625162854168 6 39599
1625162865790 6 39649
1625162877101 6 39699
1625162888498 6 39749
1625162899718 6 39799
1625162911041 6 39849
1625162922397 6 39899
1625162933835 6 39949
1625162945191 6 39999
1625162956747 6 40049
1625162968105 6 40099
1625162979529 6 40149
1625162990854 6 40199
1625163002247 6 40249
1625163013493 6 40299
1625163024781 6 40349
1625163036183 6 40399
1625163047556 6 40449
1625163058819 6 40499
1625163070221 6 40549
1625163081572 6 40599
1625163092915 6 40649
1625163104248 6 40699
1625163115572 6 40749
1625163126870 6 40799
1625163138134 6 40849
1625163149450 6 40899
1625163160911 6 40949
1625163172152 6 40999
1625163183520 6 41049
1625163194764 6 41099
1625163206147 6 41149
1625163217511 6 41199
1625163228751 6 41249
1625163240154 6 41299
1625163251466 6 41349
1625163262769 6 41399
1625163274071 6 41449
1625163285564 6 41499
1625163296866 6 41549
1625163308216 6 41599
1625163319477 6 41649
1625163330795 6 41699
1625163342082 6 41749
1625163353397 6 41799
1625163364622 6 41849
1625163376000 6 41899
1625163387496 6 41949
1625163398752 6 41999
1625163410107 6 42049
1625163421503 6 42099
1625163432912 6 42149
1625163444269 6 42199
1625163455680 6 42249
1625163467069 6 42299
1625163478382 6 42349
1625163489826 6 42399
1625163501255 6 42449
1625163512578 6 42499
1625163524008 6 42549
1625163535262 6 42599
1625163546603 6 42649
1625163558108 6 42699
1625163569350 6 42749
1625163580670 6 42799
1625163592023 6 42849
1625163603342 6 42899
1625163614680 6 42949
1625163626085 6 42999
1625163637343 6 43049
1625163648649 6 43099
1625163659869 6 43149
1625163671324 6 43199
1625163682648 6 43249
1625163693903 6 43299
1625163705297 6 43349
1625163716671 6 43399
1625163727968 6 43449
1625163739391 6 43499
1625163750667 6 43549
1625163761843 6 43599
1625163773110 6 43649
1625163784696 6 43699
1625163798640 6 43749
1625163799744 6 43749
1625163987003 6 43749
1625164007626 7 43799
1625164018848 7 43849
1625164029999 7 43899
1625164041330 7 43949
1625164052415 7 43999
1625164063537 7 44049
1625164074684 7 44099
1625164085778 7 44149
1625164096784 7 44199
1625164107916 7 44249
1625164119005 7 44299
1625164130135 7 44349
1625164141216 7 44399
1625164152266 7 44449
1625164163293 7 44499
1625164174344 7 44549
1625164185422 7 44599
1625164196614 7 44649
1625164207660 7 44699
1625164218824 7 44749
1625164229875 7 44799
1625164240963 7 44849
1625164252066 7 44899
1625164263125 7 44949
1625164274259 7 44999
1625164285319 7 45049
1625164296449 7 45099
1625164307668 7 45149
1625164318930 7 45199
1625164330249 7 45249
1625164341362 7 45299
1625164352686 7 45349
1625164363975 7 45399
1625164375290 7 45449
1625164386722 7 45499
1625164398159 7 45549
1625164409564 7 45599
1625164420974 7 45649
1625164432251 7 45699
1625164443614 7 45749
1625164455072 7 45799
1625164466444 7 45849
1625164477982 7 45899
1625164489459 7 45949
1625164501013 7 45999
1625164512479 7 46049
1625164523813 7 46099
1625164535236 7 46149
1625164546630 7 46199
1625164558003 7 46249
1625164569428 7 46299
1625164580668 7 46349
1625164592028 7 46399
1625164603256 7 46449
1625164614544 7 46499
1625164625830 7 46549
1625164637109 7 46599
1625164648394 7 46649
1625164659704 7 46699
1625164670964 7 46749
1625164682194 7 46799
1625164693565 7 46849
1625164705000 7 46899
1625164716342 7 46949
1625164727553 7 46999
1625164738812 7 47049
1625164750157 7 47099
1625164761564 7 47149
1625164772884 7 47199
1625164784164 7 47249
1625164795441 7 47299
1625164806803 7 47349
1625164818148 7 47399
1625164829399 7 47449
1625164840679 7 47499
1625164852173 7 47549
1625164863520 7 47599
1625164874918 7 47649
1625164886293 7 47699
1625164897780 7 47749
1625164909072 7 47799
1625164920403 7 47849
1625164931766 7 47899
1625164943079 7 47949
1625164954349 7 47999
1625164965558 7 48049
1625164976935 7 48099
1625164988189 7 48149
1625164999527 7 48199
1625165010804 7 48249
1625165022233 7 48299
1625165033599 7 48349
1625165044962 7 48399
1625165056317 7 48449
1625165067739 7 48499
1625165079193 7 48549
1625165090494 7 48599
1625165101916 7 48649
1625165113344 7 48699
1625165124439 7 48749
1625165135867 7 48799
1625165147201 7 48849
1625165158559 7 48899
1625165169929 7 48949
1625165181203 7 48999
1625165192525 7 49049
1625165203790 7 49099
1625165215152 7 49149
1625165226562 7 49199
1625165237815 7 49249
1625165249074 7 49299
1625165260373 7 49349
1625165271663 7 49399
1625165282962 7 49449
1625165294211 7 49499
1625165305575 7 49549
1625165316898 7 49599
1625165328129 7 49649
1625165339393 7 49699
1625165350714 7 49749
1625165362009 7 49799
1625165373397 7 49849
1625165384623 7 49899
1625165396095 7 49949
1625165410055 7 49999
1625165412441 7 49999
1625165587327 7 49999
1625165607375 8 50049
1625165618528 8 50099
1625165629751 8 50149
1625165640799 8 50199
1625165651947 8 50249
1625165663047 8 50299
1625165674239 8 50349
1625165685363 8 50399
1625165696479 8 50449
1625165707677 8 50499
1625165718819 8 50549
1625165729955 8 50599
1625165741087 8 50649
1625165752235 8 50699
1625165763344 8 50749
1625165774392 8 50799
1625165785519 8 50849
1625165796619 8 50899
1625165807666 8 50949
1625165818959 8 50999
1625165830190 8 51049
1625165841491 8 51099
1625165852864 8 51149
1625165864143 8 51199
1625165875544 8 51249
1625165886864 8 51299
1625165898280 8 51349
1625165909645 8 51399
1625165921075 8 51449
1625165932708 8 51499
1625165944316 8 51549
1625165955841 8 51599
1625165967355 8 51649
1625165978861 8 51699
1625165990453 8 51749
1625166002016 8 51799
1625166013552 8 51849
1625166025286 8 51899
1625166036863 8 51949
1625166048491 8 51999
1625166060048 8 52049
1625166071613 8 52099
1625166083220 8 52149
1625166094777 8 52199
1625166106515 8 52249
1625166118166 8 52299
1625166129775 8 52349
1625166141385 8 52399
1625166152981 8 52449
1625166164612 8 52499
1625166176242 8 52549
1625166187776 8 52599
1625166199407 8 52649
1625166210935 8 52699
1625166222612 8 52749
1625166234311 8 52799
1625166245820 8 52849
1625166257461 8 52899
1625166269045 8 52949
1625166280689 8 52999
1625166292259 8 53049
1625166303938 8 53099
1625166315646 8 53149
1625166327285 8 53199
1625166338830 8 53249
1625166350417 8 53299
1625166362006 8 53349
1625166373558 8 53399
1625166385130 8 53449
1625166396695 8 53499
1625166408263 8 53549
1625166419770 8 53599
1625166431376 8 53649
1625166442976 8 53699
1625166454547 8 53749
1625166466102 8 53799
1625166477852 8 53849
1625166489314 8 53899
1625166500792 8 53949
1625166512302 8 53999
1625166523940 8 54049
1625166535476 8 54099
1625166546857 8 54149
1625166558420 8 54199
1625166569998 8 54249
1625166581598 8 54299
1625166593169 8 54349
1625166604774 8 54399
1625166616265 8 54449
1625166627978 8 54499
1625166639768 8 54549
1625166651439 8 54599
1625166663017 8 54649
1625166674712 8 54699
1625166686391 8 54749
1625166698131 8 54799
1625166709698 8 54849
1625166721334 8 54899
1625166732846 8 54949
1625166744460 8 54999
1625166756009 8 55049
1625166767537 8 55099
1625166779221 8 55149
1625166790732 8 55199
1625166802232 8 55249
1625166813801 8 55299
1625166825356 8 55349
1625166836871 8 55399
1625166848482 8 55449
1625166859952 8 55499
1625166871660 8 55549
1625166883249 8 55599
1625166894700 8 55649
1625166906216 8 55699
1625166917716 8 55749
1625166929383 8 55799
1625166940948 8 55849
1625166952492 8 55899
1625166964119 8 55949
1625166975598 8 55999
1625166987208 8 56049
1625166998905 8 56099
1625167010491 8 56149
1625167022230 8 56199
1625167036961 8 56249
1625167038002 8 56249
1625167220853 8 56249
1625167241665 9 56299
1625167252959 9 56349
1625167264291 9 56399
1625167275615 9 56449
1625167286810 9 56499
1625167298101 9 56549
1625167309462 9 56599
1625167320746 9 56649
1625167332072 9 56699
1625167343368 9 56749
1625167354802 9 56799
1625167366060 9 56849
1625167377432 9 56899
1625167388745 9 56949
1625167400003 9 56999
1625167411372 9 57049
1625167422815 9 57099
1625167434207 9 57149
1625167445550 9 57199
1625167456765 9 57249
1625167468047 9 57299
1625167479329 9 57349
1625167490672 9 57399
1625167502059 9 57449
1625167513383 9 57499
1625167524616 9 57549
1625167535949 9 57599
1625167547360 9 57649
1625167558885 9 57699
1625167570371 9 57749
1625167581805 9 57799
1625167593245 9 57849
1625167604809 9 57899
1625167616332 9 57949
1625167627926 9 57999
1625167639502 9 58049
1625167651052 9 58099
1625167662744 9 58149
1625167674378 9 58199
1625167686030 9 58249
1625167697516 9 58299
1625167709099 9 58349
1625167720780 9 58399
1625167732321 9 58449
1625167744065 9 58499
1625167755660 9 58549
1625167767119 9 58599
1625167778630 9 58649
1625167790286 9 58699
1625167801891 9 58749
1625167813560 9 58799
1625167825048 9 58849
1625167836606 9 58899
1625167848266 9 58949
1625167859869 9 58999
1625167871565 9 59049
1625167883090 9 59099
1625167894737 9 59149
1625167906232 9 59199
1625167917984 9 59249
1625167929615 9 59299
1625167941161 9 59349
1625167952760 9 59399
1625167964410 9 59449
1625167975981 9 59499
1625167987382 9 59549
1625167998967 9 59599
1625168010518 9 59649
1625168022088 9 59699
1625168033596 9 59749
1625168045226 9 59799
1625168056776 9 59849
1625168068244 9 59899
1625168079635 9 59949
1625168091155 9 59999
1625168102757 9 60049
1625168114372 9 60099
1625168126008 9 60149
1625168137599 9 60199
1625168149103 9 60249
1625168160759 9 60299
1625168172413 9 60349
1625168183964 9 60399
1625168195648 9 60449
1625168207112 9 60499
1625168218682 9 60549
1625168230460 9 60599
1625168242192 9 60649
1625168253827 9 60699
1625168265387 9 60749
1625168277126 9 60799
1625168288880 9 60849
1625168300488 9 60899
1625168312168 9 60949
1625168323676 9 60999
1625168335255 9 61049
1625168346918 9 61099
1625168358661 9 61149
1625168370245 9 61199
1625168381617 9 61249
1625168393274 9 61299
1625168404881 9 61349
1625168416481 9 61399
1625168428067 9 61449
1625168439570 9 61499
1625168451069 9 61549
1625168462585 9 61599
1625168474160 9 61649
1625168485704 9 61699
1625168497228 9 61749
1625168508775 9 61799
1625168520253 9 61849
1625168533213 9 61899
1625168544830 9 61949
1625168556280 9 61999
1625168567951 9 62049
1625168579558 9 62099
1625168591042 9 62149
1625168602652 9 62199
1625168614135 9 62249
1625168625844 9 62299
1625168637495 9 62349
1625168649070 9 62399
1625168660901 9 62449
1625168675583 9 62499
1625168676456 9 62499
1625168859155 9 62499
1625168879388 10 62549
1625168890521 10 62599
1625168901720 10 62649
1625168912944 10 62699
1625168924063 10 62749
1625168935319 10 62799
1625168946509 10 62849
1625168957798 10 62899
1625168969004 10 62949
1625168980295 10 62999
1625168991603 10 63049
1625169002938 10 63099
1625169014274 10 63149
1625169025547 10 63199
1625169036812 10 63249
1625169048214 10 63299
1625169059461 10 63349
1625169070785 10 63399
1625169082141 10 63449
1625169093430 10 63499
1625169104740 10 63549
1625169116040 10 63599
1625169127389 10 63649
1625169138629 10 63699
1625169149998 10 63749
1625169161269 10 63799
1625169172589 10 63849
1625169183940 10 63899
1625169195505 10 63949
1625169207059 10 63999
1625169218529 10 64049
1625169229973 10 64099
1625169241518 10 64149
1625169253032 10 64199
1625169264617 10 64249
1625169276146 10 64299
1625169287643 10 64349
1625169299286 10 64399
1625169310878 10 64449
1625169322488 10 64499
1625169334028 10 64549
1625169345441 10 64599
1625169357053 10 64649
1625169368585 10 64699
1625169380129 10 64749
1625169391615 10 64799
1625169403111 10 64849
1625169414623 10 64899
1625169426148 10 64949
1625169437722 10 64999
1625169449234 10 65049
1625169460877 10 65099
1625169472627 10 65149
1625169484119 10 65199
1625169495648 10 65249
1625169507267 10 65299
1625169518748 10 65349
1625169530387 10 65399
1625169541924 10 65449
1625169553416 10 65499
1625169565115 10 65549
1625169576838 10 65599
1625169588453 10 65649
1625169600091 10 65699
1625169611623 10 65749
1625169623380 10 65799
1625169634946 10 65849
1625169646547 10 65899
1625169658262 10 65949
1625169669678 10 65999
1625169681374 10 66049
1625169692863 10 66099
1625169704305 10 66149
1625169715776 10 66199
1625169727376 10 66249
1625169738887 10 66299
1625169750406 10 66349
1625169761873 10 66399
1625169773412 10 66449
1625169784908 10 66499
1625169796526 10 66549
1625169808109 10 66599
1625169819520 10 66649
1625169831119 10 66699
1625169842625 10 66749
1625169854238 10 66799
1625169865854 10 66849
1625169877396 10 66899
1625169889160 10 66949
1625169900723 10 66999
1625169912194 10 67049
1625169923889 10 67099
1625169935505 10 67149
1625169947095 10 67199
1625169958708 10 67249
1625169970392 10 67299
1625169981898 10 67349
1625169993567 10 67399
1625170005072 10 67449
1625170016556 10 67499
1625170028189 10 67549
1625170039618 10 67599
1625170051126 10 67649
1625170062691 10 67699
1625170074268 10 67749
1625170085719 10 67799
1625170097176 10 67849
1625170108761 10 67899
1625170120409 10 67949
1625170132013 10 67999
1625170143498 10 68049
1625170155215 10 68099
1625170166778 10 68149
1625170178229 10 68199
1625170189892 10 68249
1625170201457 10 68299
1625170212819 10 68349
1625170224478 10 68399
1625170236164 10 68449
1625170247693 10 68499
1625170259177 10 68549
1625170270794 10 68599
1625170282366 10 68649
1625170294144 10 68699
1625170308758 10 68749
1625170309651 10 68749
1625170499821 10 68749
1625170520196 11 68799
1625170531551 11 68849
1625170542810 11 68899
1625170554163 11 68949
1625170565375 11 68999
1625170576699 11 69049
1625170587982 11 69099
1625170599263 11 69149
1625170610548 11 69199
1625170621767 11 69249
1625170632978 11 69299
1625170644174 11 69349
1625170655456 11 69399
1625170666705 11 69449
1625170677920 11 69499
1625170689415 11 69549
1625170700783 11 69599
1625170712116 11 69649
1625170723415 11 69699
1625170734780 11 69749
1625170746127 11 69799
1625170757389 11 69849
1625170768706 11 69899
1625170780035 11 69949
1625170791466 11 69999
1625170802772 11 70049
1625170814087 11 70099
1625170825544 11 70149
1625170837050 11 70199
1625170848498 11 70249
1625170860049 11 70299
1625170871583 11 70349
1625170883193 11 70399
1625170894606 11 70449
1625170906110 11 70499
1625170917618 11 70549
1625170929098 11 70599
1625170940738 11 70649
1625170952398 11 70699
1625170963846 11 70749
1625170975379 11 70799
1625170986901 11 70849
1625170998335 11 70899
1625171009804 11 70949
1625171021432 11 70999
1625171032919 11 71049
1625171044379 11 71099
1625171055908 11 71149
1625171067552 11 71199
1625171079033 11 71249
1625171090515 11 71299
1625171102091 11 71349
1625171113697 11 71399
1625171125384 11 71449
1625171136851 11 71499
1625171148369 11 71549
1625171159862 11 71599
1625171171460 11 71649
1625171183097 11 71699
1625171194621 11 71749
1625171206288 11 71799
1625171217984 11 71849
1625171229573 11 71899
1625171241095 11 71949
1625171252651 11 71999
1625171264345 11 72049
1625171275910 11 72099
1625171287528 11 72149
1625171299259 11 72199
1625171310888 11 72249
1625171322473 11 72299
1625171334147 11 72349
1625171345651 11 72399
1625171357399 11 72449
1625171368953 11 72499
1625171380586 11 72549
1625171392227 11 72599
1625171403699 11 72649
1625171415320 11 72699
1625171426839 11 72749
1625171438495 11 72799
1625171450017 11 72849
1625171461676 11 72899
1625171473270 11 72949
1625171484800 11 72999
1625171496505 11 73049
1625171508123 11 73099
1625171519769 11 73149
1625171531396 11 73199
1625171543075 11 73249
1625171554781 11 73299
1625171566435 11 73349
1625171578006 11 73399
1625171589615 11 73449
1625171601271 11 73499
1625171612996 11 73549
1625171624537 11 73599
1625171636034 11 73649
1625171647616 11 73699
1625171659205 11 73749
1625171670682 11 73799
1625171682231 11 73849
1625171693857 11 73899
1625171705412 11 73949
1625171716891 11 73999
1625171728480 11 74049
1625171739973 11 74099
1625171752057 11 74149
1625171763693 11 74199
1625171775200 11 74249
1625171786673 11 74299
1625171798259 11 74349
1625171809723 11 74399
1625171821226 11 74449
1625171832625 11 74499
1625171844305 11 74549
1625171855965 11 74599
1625171867509 11 74649
1625171878976 11 74699
1625171890470 11 74749
1625171902054 11 74799
1625171913582 11 74849
1625171925148 11 74899
1625171937122 11 74949
1625171951725 11 74999
1625171955825 11 74999
1625172152328 11 74999
1625172172710 12 75049
1625172183996 12 75099
1625172195263 12 75149
1625172206544 12 75199
1625172217891 12 75249
1625172229196 12 75299
1625172240399 12 75349
1625172251660 12 75399
1625172262955 12 75449
1625172274280 12 75499
1625172285497 12 75549
1625172296801 12 75599
1625172308031 12 75649
1625172319308 12 75699
1625172330525 12 75749
1625172341869 12 75799
1625172353278 12 75849
1625172364597 12 75899
1625172376026 12 75949
1625172387633 12 75999
1625172399019 12 76049
1625172410368 12 76099
1625172421714 12 76149
1625172433018 12 76199
1625172444350 12 76249
1625172455661 12 76299
1625172466872 12 76349
1625172478366 12 76399
1625172490011 12 76449
1625172501617 12 76499
1625172513039 12 76549
1625172524657 12 76599
1625172536273 12 76649
1625172547869 12 76699
1625172559387 12 76749
1625172570940 12 76799
1625172582532 12 76849
1625172594095 12 76899
1625172605663 12 76949
1625172617223 12 76999
1625172628869 12 77049
1625172640351 12 77099
1625172651967 12 77149
1625172663478 12 77199
1625172675075 12 77249
1625172686769 12 77299
1625172698362 12 77349
1625172709852 12 77399
1625172721376 12 77449
1625172732865 12 77499
1625172744349 12 77549
1625172755807 12 77599
1625172767333 12 77649
1625172778950 12 77699
1625172790540 12 77749
1625172802000 12 77799
1625172813579 12 77849
1625172825007 12 77899
1625172836611 12 77949
1625172848044 12 77999
1625172859529 12 78049
1625172871120 12 78099
1625172882766 12 78149
1625172894403 12 78199
1625172905885 12 78249
1625172917487 12 78299
1625172929134 12 78349
1625172940772 12 78399
1625172952365 12 78449
1625172964042 12 78499
1625172975752 12 78549
1625172987241 12 78599
1625172998812 12 78649
1625173010285 12 78699
1625173021923 12 78749
1625173033594 12 78799
1625173045314 12 78849
1625173056953 12 78899
1625173068557 12 78949
1625173080157 12 78999
1625173091759 12 79049
1625173103354 12 79099
1625173115076 12 79149
1625173126802 12 79199
1625173138351 12 79249
1625173149853 12 79299
1625173161498 12 79349
1625173173150 12 79399
1625173184853 12 79449
1625173196425 12 79499
1625173208893 12 79549
1625173220327 12 79599
1625173232202 12 79649
1625173243538 12 79699
1625173254874 12 79749
1625173266285 12 79799
1625173277573 12 79849
1625173288930 12 79899
1625173300273 12 79949
1625173311637 12 79999
1625173322897 12 80049
1625173334290 12 80099
1625173345644 12 80149
1625173357243 12 80199
1625173368813 12 80249
1625173380488 12 80299
1625173392113 12 80349
1625173403598 12 80399
1625173415285 12 80449
1625173426787 12 80499
1625173438408 12 80549
1625173449993 12 80599
1625173461502 12 80649
1625173473213 12 80699
1625173484723 12 80749
1625173496213 12 80799
1625173507760 12 80849
1625173519331 12 80899
1625173531018 12 80949
1625173542682 12 80999
1625173554319 12 81049
1625173565969 12 81099
1625173577665 12 81149
1625173589683 12 81199
1625173604586 12 81249
1625173606150 12 81249
1625173796671 12 81249
1625173817122 13 81299
1625173828532 13 81349
1625173839875 13 81399
1625173851149 13 81449
1625173862413 13 81499
1625173873701 13 81549
1625173885063 13 81599
1625173896342 13 81649
1625173907747 13 81699
1625173919060 13 81749
1625173930396 13 81799
1625173941682 13 81849
1625173952985 13 81899
1625173964293 13 81949
1625173975638 13 81999
1625173986922 13 82049
1625173998129 13 82099
1625174009592 13 82149
1625174020918 13 82199
1625174032219 13 82249
1625174043608 13 82299
1625174054937 13 82349
1625174066349 13 82399
1625174077726 13 82449
1625174089110 13 82499
1625174100584 13 82549
1625174111916 13 82599
1625174123450 13 82649
1625174135059 13 82699
1625174146644 13 82749
1625174158179 13 82799
1625174169832 13 82849
1625174181529 13 82899
1625174193141 13 82949
1625174204685 13 82999
1625174216314 13 83049
1625174227856 13 83099
1625174239521 13 83149
1625174251188 13 83199
1625174262635 13 83249
1625174274270 13 83299
1625174285801 13 83349
1625174297405 13 83399
1625174309019 13 83449
1625174320677 13 83499
1625174332221 13 83549
1625174343770 13 83599
1625174355233 13 83649
1625174366727 13 83699
1625174378261 13 83749
1625174389812 13 83799
1625174401365 13 83849
1625174413055 13 83899
1625174424611 13 83949
1625174436191 13 83999
1625174447759 13 84049
1625174459346 13 84099
1625174470932 13 84149
1625174482690 13 84199
1625174494287 13 84249
1625174506205 13 84299
1625174517872 13 84349
1625174529447 13 84399
1625174540967 13 84449
1625174552516 13 84499
1625174564126 13 84549
1625174575755 13 84599
1625174587381 13 84649
1625174598951 13 84699
1625174610561 13 84749
1625174622207 13 84799
1625174633889 13 84849
1625174645489 13 84899
1625174657088 13 84949
1625174668725 13 84999
1625174680538 13 85049
1625174692205 13 85099
1625174703872 13 85149
1625174715518 13 85199
1625174727071 13 85249
1625174738699 13 85299
1625174750432 13 85349
1625174762250 13 85399
1625174773865 13 85449
1625174785447 13 85499
1625174797138 13 85549
1625174808834 13 85599
1625174820385 13 85649
1625174831987 13 85699
1625174843700 13 85749
1625174858360 13 85799
1625174869904 13 85849
1625174881544 13 85899
1625174893149 13 85949
1625174904698 13 85999
1625174916208 13 86049
1625174927779 13 86099
1625174939484 13 86149
1625174951101 13 86199
1625174962638 13 86249
1625174974264 13 86299
1625174985925 13 86349
1625174997497 13 86399
1625175009102 13 86449
1625175020719 13 86499
1625175032277 13 86549
1625175043863 13 86599
1625175055368 13 86649
1625175066900 13 86699
1625175078582 13 86749
1625175090109 13 86799
1625175101645 13 86849
1625175113191 13 86899
1625175124775 13 86949
1625175136243 13 86999
1625175147916 13 87049
1625175159431 13 87099
1625175170925 13 87149
1625175182505 13 87199
1625175194064 13 87249
1625175205724 13 87299
1625175217355 13 87349
1625175228935 13 87399
1625175240875 13 87449
1625175255570 13 87499
1625175256969 13 87499
1625175435748 13 87499
1625175458384 14 87549
1625175469772 14 87599
1625175481037 14 87649
1625175492319 14 87699
1625175503680 14 87749
1625175515020 14 87799
1625175526286 14 87849
1625175537614 14 87899
1625175548912 14 87949
1625175560265 14 87999
1625175571597 14 88049
1625175582847 14 88099
1625175594101 14 88149
1625175605436 14 88199
1625175616742 14 88249
1625175627979 14 88299
1625175639312 14 88349
1625175650746 14 88399
1625175662091 14 88449
1625175673446 14 88499
1625175684772 14 88549
1625175696122 14 88599
1625175707417 14 88649
1625175718644 14 88699
1625175729998 14 88749
1625175741388 14 88799
1625175752811 14 88849
1625175764528 14 88899
1625175776104 14 88949
1625175787647 14 88999
1625175799259 14 89049
1625175810971 14 89099
1625175822703 14 89149
1625175834428 14 89199
1625175846002 14 89249
1625175857524 14 89299
1625175869148 14 89349
1625175880942 14 89399
1625175892499 14 89449
1625175904188 14 89499
1625175915778 14 89549
1625175927318 14 89599
1625175939033 14 89649
1625175950609 14 89699
1625175962300 14 89749
1625175973916 14 89799
1625175985538 14 89849
1625175997205 14 89899
1625176008834 14 89949
1625176020368 14 89999
1625176031856 14 90049
1625176043362 14 90099
1625176054971 14 90149
1625176066574 14 90199
1625176078196 14 90249
1625176089634 14 90299
1625176101235 14 90349
1625176112788 14 90399
1625176124221 14 90449
1625176135834 14 90499
1625176147601 14 90549
1625176159065 14 90599
1625176170550 14 90649
1625176182147 14 90699
1625176193675 14 90749
1625176205238 14 90799
1625176216838 14 90849
1625176228249 14 90899
1625176239688 14 90949
1625176251067 14 90999
1625176262451 14 91049
1625176273896 14 91099
1625176285354 14 91149
1625176296839 14 91199
1625176308256 14 91249
1625176319750 14 91299
1625176331264 14 91349
1625176342776 14 91399
1625176354663 14 91449
1625176366314 14 91499
1625176377876 14 91549
1625176389298 14 91599
1625176400881 14 91649
1625176412677 14 91699
1625176424222 14 91749
1625176436007 14 91799
1625176447474 14 91849
1625176459219 14 91899
1625176470806 14 91949
1625176482389 14 91999
1625176494009 14 92049
1625176505583 14 92099
1625176517123 14 92149
1625176528742 14 92199
1625176540220 14 92249
1625176551763 14 92299
1625176563298 14 92349
1625176574903 14 92399
1625176586523 14 92449
1625176598072 14 92499
1625176609576 14 92549
1625176621198 14 92599
1625176632652 14 92649
1625176644265 14 92699
1625176655724 14 92749
1625176667236 14 92799
1625176678840 14 92849
1625176690284 14 92899
1625176701771 14 92949
1625176713305 14 92999
1625176724919 14 93049
1625176736384 14 93099
1625176747873 14 93149
1625176759470 14 93199
1625176770972 14 93249
1625176782578 14 93299
1625176795682 14 93349
1625176807382 14 93399
1625176819047 14 93449
1625176830522 14 93499
1625176842147 14 93549
1625176853761 14 93599
1625176865428 14 93649
1625176877270 14 93699
1625176891878 14 93749
1625176892792 14 93749
1625177085344 14 93749
1625177105808 15 93799
1625177117037 15 93849
1625177128214 15 93899
1625177139532 15 93949
1625177150836 15 93999
1625177162149 15 94049
1625177173401 15 94099
1625177184617 15 94149
1625177195846 15 94199
1625177207093 15 94249
1625177218349 15 94299
1625177229567 15 94349
1625177240819 15 94399
1625177252061 15 94449
1625177263331 15 94499
1625177274673 15 94549
1625177285987 15 94599
1625177297183 15 94649
1625177308482 15 94699
1625177319853 15 94749
1625177331150 15 94799
1625177342409 15 94849
1625177353703 15 94899
1625177364999 15 94949
1625177376450 15 94999
1625177387672 15 95049
1625177399009 15 95099
1625177410525 15 95149
1625177422092 15 95199
1625177433679 15 95249
1625177445307 15 95299
1625177456969 15 95349
1625177468563 15 95399
1625177480199 15 95449
1625177491806 15 95499
1625177503385 15 95549
1625177515019 15 95599
1625177526737 15 95649
1625177538411 15 95699
1625177550009 15 95749
1625177561558 15 95799
1625177573166 15 95849
1625177584821 15 95899
1625177596422 15 95949
1625177607985 15 95999
1625177619538 15 96049
1625177631126 15 96099
1625177642700 15 96149
1625177654197 15 96199
1625177665906 15 96249
1625177677454 15 96299
1625177689100 15 96349
1625177700546 15 96399
1625177712109 15 96449
1625177723610 15 96499
1625177735109 15 96549
1625177746652 15 96599
1625177758314 15 96649
1625177769972 15 96699
1625177781571 15 96749
1625177793381 15 96799
1625177805034 15 96849
1625177816546 15 96899
1625177828049 15 96949
1625177839646 15 96999
1625177851201 15 97049
1625177862650 15 97099
1625177874329 15 97149
1625177885805 15 97199
1625177897403 15 97249
1625177908847 15 97299
1625177920334 15 97349
1625177931811 15 97399
1625177943387 15 97449
1625177954958 15 97499
1625177966614 15 97549
1625177978211 15 97599
1625177989749 15 97649
1625178001426 15 97699
1625178012929 15 97749
1625178024490 15 97799
1625178036176 15 97849
1625178047798 15 97899
1625178059330 15 97949
1625178070831 15 97999
1625178082557 15 98049
1625178094250 15 98099
1625178105944 15 98149
1625178117610 15 98199
1625178129114 15 98249
1625178140739 15 98299
1625178152317 15 98349
1625178164006 15 98399
1625178175613 15 98449
1625178187206 15 98499
1625178198847 15 98549
1625178210494 15 98599
1625178222038 15 98649
1625178233742 15 98699
1625178245338 15 98749
1625178257078 15 98799
1625178268620 15 98849
1625178280277 15 98899
1625178291841 15 98949
1625178303325 15 98999
1625178314885 15 99049
1625178326490 15 99099
1625178338113 15 99149
1625178349736 15 99199
1625178361252 15 99249
1625178372849 15 99299
1625178384479 15 99349
1625178395989 15 99399
1625178407411 15 99449
1625178419084 15 99499
1625178430767 15 99549
1625178442383 15 99599
1625178453968 15 99649
1625178465683 15 99699
1625178477335 15 99749
1625178488984 15 99799
1625178500617 15 99849
1625178512180 15 99899
1625178524065 15 99949
1625178538624 15 99999
1625178539544 15 99999
1625178725695 15 99999
1625178745681 16 100049
1625178756957 16 100099
1625178768233 16 100149
1625178779554 16 100199
1625178790853 16 100249
1625178802024 16 100299
1625178813251 16 100349
1625178824532 16 100399
1625178835749 16 100449
1625178847006 16 100499
1625178858254 16 100549
1625178869429 16 100599
1625178880760 16 100649
1625178891996 16 100699
1625178903263 16 100749
1625178914587 16 100799
1625178925915 16 100849
1625178937261 16 100899
1625178948476 16 100949
1625178959764 16 100999
1625178970969 16 101049
1625178982280 16 101099
1625178993617 16 101149
1625179004843 16 101199
1625179016165 16 101249
1625179027486 16 101299
1625179038820 16 101349
1625179050361 16 101399
1625179061814 16 101449
1625179073435 16 101499
1625179085109 16 101549
1625179096635 16 101599
1625179108162 16 101649
1625179119687 16 101699
1625179131338 16 101749
1625179142821 16 101799
1625179154322 16 101849
1625179165941 16 101899
1625179177566 16 101949
1625179189076 16 101999
1625179200728 16 102049
1625179212344 16 102099
1625179223802 16 102149
1625179235458 16 102199
1625179247136 16 102249
1625179258820 16 102299
1625179270302 16 102349
1625179281862 16 102399
1625179293410 16 102449
1625179304924 16 102499
1625179316423 16 102549
1625179327915 16 102599
1625179339607 16 102649
1625179351140 16 102699
1625179362593 16 102749
1625179374177 16 102799
1625179385609 16 102849
1625179397009 16 102899
1625179408602 16 102949
1625179420139 16 102999
1625179431657 16 103049
1625179443180 16 103099
1625179454742 16 103149
1625179466412 16 103199
1625179477899 16 103249
1625179489470 16 103299
1625179501261 16 103349
1625179512765 16 103399
1625179524219 16 103449
1625179535773 16 103499
1625179547285 16 103549
1625179558760 16 103599
1625179570288 16 103649
1625179582006 16 103699
1625179593505 16 103749
1625179605158 16 103799
1625179616794 16 103849
1625179628274 16 103899
1625179639829 16 103949
1625179651293 16 103999
1625179662931 16 104049
1625179674603 16 104099
1625179686160 16 104149
1625179697785 16 104199
1625179709372 16 104249
1625179721008 16 104299
1625179732616 16 104349
1625179744193 16 104399
1625179755885 16 104449
1625179767247 16 104499
1625179778777 16 104549
1625179790338 16 104599
1625179801959 16 104649
1625179813575 16 104699
1625179825205 16 104749
1625179836723 16 104799
1625179848373 16 104849
1625179859921 16 104899
1625179871599 16 104949
1625179882993 16 104999
1625179894663 16 105049
1625179906216 16 105099
1625179917945 16 105149
1625179929649 16 105199
1625179941166 16 105249
1625179952950 16 105299
1625179964388 16 105349
1625179976166 16 105399
1625179987920 16 105449
1625179999447 16 105499
1625180010901 16 105549
1625180022343 16 105599
1625180033882 16 105649
1625180045557 16 105699
1625180057128 16 105749
1625180069916 16 105799
1625180081426 16 105849
1625180093035 16 105899
1625180104674 16 105949
1625180116241 16 105999
1625180127900 16 106049
1625180139500 16 106099
1625180151090 16 106149
1625180163003 16 106199
1625180177627 16 106249
1625180178506 16 106249
1625180361521 16 106249
1625180381742 17 106299
1625180392995 17 106349
1625180404318 17 106399
1625180415613 17 106449
1625180426884 17 106499
1625180438165 17 106549
1625180449456 17 106599
1625180460743 17 106649
1625180472029 17 106699
1625180483273 17 106749
1625180494501 17 106799
1625180505781 17 106849
1625180517007 17 106899
1625180528302 17 106949
1625180539590 17 106999
1625180550911 17 107049
1625180562271 17 107099
1625180573681 17 107149
1625180584952 17 107199
1625180596324 17 107249
1625180607588 17 107299
1625180618894 17 107349
1625180630150 17 107399
1625180641427 17 107449
1625180652701 17 107499
1625180664023 17 107549
1625180675401 17 107599
1625180686918 17 107649
1625180698565 17 107699
1625180710269 17 107749
1625180721740 17 107799
1625180733320 17 107849
1625180744816 17 107899
1625180756304 17 107949
1625180767740 17 107999
1625180779435 17 108049
1625180790973 17 108099
1625180802573 17 108149
1625180814175 17 108199
1625180825751 17 108249
1625180837282 17 108299
1625180848929 17 108349
1625180860523 17 108399
1625180872214 17 108449
1625180883648 17 108499
1625180895216 17 108549
1625180906721 17 108599
1625180918420 17 108649
1625180930001 17 108699
1625180941584 17 108749
1625180953225 17 108799
1625180964868 17 108849
1625180976465 17 108899
1625180988049 17 108949
1625180999565 17 108999
1625181011214 17 109049
1625181022729 17 109099
1625181034286 17 109149
1625181045838 17 109199
1625181057322 17 109249
1625181068982 17 109299
1625181080639 17 109349
1625181092112 17 109399
1625181103618 17 109449
1625181115142 17 109499
1625181126734 17 109549
1625181138187 17 109599
1625181149700 17 109649
1625181161205 17 109699
1625181172788 17 109749
1625181184447 17 109799
1625181196098 17 109849
1625181207661 17 109899
1625181219305 17 109949
1625181230915 17 109999
1625181242694 17 110049
1625181254319 17 110099
1625181266015 17 110149
1625181277703 17 110199
1625181289383 17 110249
1625181301021 17 110299
1625181312667 17 110349
1625181324228 17 110399
1625181335802 17 110449
1625181347319 17 110499
1625181358903 17 110549
1625181370725 17 110599
1625181382246 17 110649
1625181393780 17 110699
1625181405269 17 110749
1625181416844 17 110799
1625181428499 17 110849
1625181439937 17 110899
1625181451580 17 110949
1625181463137 17 110999
1625181474656 17 111049
1625181486243 17 111099
1625181497825 17 111149
1625181509439 17 111199
1625181521022 17 111249
1625181532684 17 111299
1625181544259 17 111349
1625181555814 17 111399
1625181567440 17 111449
1625181579079 17 111499
1625181590652 17 111549
1625181602251 17 111599
1625181613925 17 111649
1625181625707 17 111699
1625181637295 17 111749
1625181648869 17 111799
1625181660408 17 111849
1625181671979 17 111899
1625181683635 17 111949
1625181695195 17 111999
1625181706884 17 112049
1625181718671 17 112099
1625181730143 17 112149
1625181741803 17 112199
1625181753418 17 112249
1625181765041 17 112299
1625181776755 17 112349
1625181788406 17 112399
1625181800196 17 112449
1625181814853 17 112499
1625181815748 17 112499
1625181996518 17 112499
1625182016573 18 112549
1625182027807 18 112599
1625182038981 18 112649
1625182050260 18 112699
1625182061473 18 112749
1625182072779 18 112799
1625182084094 18 112849
1625182095371 18 112899
1625182106675 18 112949
1625182117875 18 112999
1625182129093 18 113049
1625182140319 18 113099
1625182151594 18 113149
1625182162832 18 113199
1625182174163 18 113249
1625182185450 18 113299
1625182196700 18 113349
1625182208000 18 113399
1625182219298 18 113449
1625182230622 18 113499
1625182241898 18 113549
1625182253320 18 113599
1625182264559 18 113649
1625182275791 18 113699
1625182287133 18 113749
1625182298465 18 113799
1625182309791 18 113849
1625182321237 18 113899
1625182332927 18 113949
1625182344499 18 113999
1625182356134 18 114049
1625182367618 18 114099
1625182379230 18 114149
1625182390695 18 114199
1625182402252 18 114249
1625182413676 18 114299
1625182425265 18 114349
1625182436879 18 114399
1625182448448 18 114449
1625182460017 18 114499
1625182471711 18 114549
1625182483147 18 114599
1625182494784 18 114649
1625182506371 18 114699
1625182517970 18 114749
1625182529615 18 114799
1625182541226 18 114849
1625182552856 18 114899
1625182564444 18 114949
1625182576042 18 114999
1625182587624 18 115049
1625182599231 18 115099
1625182610883 18 115149
1625182622512 18 115199
1625182634110 18 115249
1625182645735 18 115299
1625182657297 18 115349
1625182668888 18 115399
1625182680470 18 115449
1625182691900 18 115499
1625182703453 18 115549
1625182714984 18 115599
1625182726516 18 115649
1625182738119 18 115699
1625182749700 18 115749
1625182761378 18 115799
1625182772723 18 115849
1625182784290 18 115899
1625182796040 18 115949
1625182807500 18 115999
1625182819036 18 116049
1625182830595 18 116099
1625182842126 18 116149
1625182853590 18 116199
1625182865124 18 116249
1625182876839 18 116299
1625182888408 18 116349
1625182900046 18 116399
1625182911626 18 116449
1625182923242 18 116499
1625182935024 18 116549
1625182946641 18 116599
1625182958204 18 116649
1625182969742 18 116699
1625182981330 18 116749
1625182992926 18 116799
1625183004529 18 116849
1625183016048 18 116899
1625183027827 18 116949
1625183039337 18 116999
1625183050899 18 117049
1625183062394 18 117099
1625183073996 18 117149
1625183085597 18 117199
1625183097288 18 117249
1625183108774 18 117299
1625183120389 18 117349
1625183131899 18 117399
1625183143523 18 117449
1625183155112 18 117499
1625183166748 18 117549
1625183178313 18 117599
1625183189786 18 117649
1625183201353 18 117699
1625183212924 18 117749
1625183224582 18 117799
1625183236312 18 117849
1625183247858 18 117899
1625183259475 18 117949
1625183271029 18 117999
1625183282821 18 118049
1625183294410 18 118099
1625183305991 18 118149
1625183317502 18 118199
1625183329209 18 118249
1625183340776 18 118299
1625183352376 18 118349
1625183363850 18 118399
1625183375449 18 118449
1625183387111 18 118499
1625183398769 18 118549
1625183410353 18 118599
1625183421857 18 118649
1625183433825 18 118699
1625183448481 18 118749
1625183450133 18 118749
1625183631969 18 118749
1625183656368 19 118799
1625183667626 19 118849
1625183678920 19 118899
1625183690204 19 118949
1625183701447 19 118999
1625183712691 19 119049
1625183724014 19 119099
1625183735344 19 119149
1625183746634 19 119199
1625183757902 19 119249
1625183769187 19 119299
1625183780460 19 119349
1625183791913 19 119399
1625183803245 19 119449
1625183814468 19 119499
1625183825842 19 119549
1625183837168 19 119599
1625183848508 19 119649
1625183859845 19 119699
1625183871083 19 119749
1625183882354 19 119799
1625183893605 19 119849
1625183904905 19 119899
1625183916239 19 119949
1625183927575 19 119999
1625183939063 19 120049
1625183950614 19 120099
1625183962206 19 120149
1625183973803 19 120199
1625183985467 19 120249
1625183997058 19 120299
1625184008522 19 120349
1625184020163 19 120399
1625184031645 19 120449
1625184042967 19 120499
1625184054428 19 120549
1625184065759 19 120599
1625184077207 19 120649
1625184088584 19 120699
1625184099938 19 120749
1625184111265 19 120799
1625184122706 19 120849
1625184134028 19 120899
1625184145343 19 120949
1625184156561 19 120999
1625184167932 19 121049
1625184179464 19 121099
1625184190726 19 121149
1625184202339 19 121199
1625184213668 19 121249
1625184225246 19 121299
1625184236683 19 121349
1625184248060 19 121399
1625184259608 19 121449
1625184271094 19 121499
1625184282584 19 121549
1625184294054 19 121599
1625184305643 19 121649
1625184317107 19 121699
1625184328583 19 121749
1625184340029 19 121799
1625184351439 19 121849
1625184362882 19 121899
1625184374266 19 121949
1625184385655 19 121999
1625184397029 19 122049
1625184408476 19 122099
1625184419849 19 122149
1625184431312 19 122199
1625184442718 19 122249
1625184454113 19 122299
1625184465479 19 122349
1625184476781 19 122399
1625184488340 19 122449
1625184499835 19 122499
1625184511276 19 122549
1625184522842 19 122599
1625184534267 19 122649
1625184545757 19 122699
1625184557265 19 122749
1625184568833 19 122799
1625184580392 19 122849
1625184591827 19 122899
1625184603531 19 122949
1625184614912 19 122999
1625184626399 19 123049
1625184637838 19 123099
1625184649331 19 123149
1625184660680 19 123199
1625184672042 19 123249
1625184683317 19 123299
1625184694804 19 123349
1625184706136 19 123399
1625184717605 19 123449
1625184728999 19 123499
1625184740500 19 123549
1625184751927 19 123599
1625184763364 19 123649
1625184774758 19 123699
1625184786204 19 123749
1625184797631 19 123799
1625184808994 19 123849
1625184820376 19 123899
1625184831816 19 123949
1625184843170 19 123999
1625184854559 19 124049
1625184866073 19 124099
1625184877477 19 124149
1625184888876 19 124199
1625184900359 19 124249
1625184911657 19 124299
1625184923001 19 124349
1625184934470 19 124399
1625184945781 19 124449
1625184957457 19 124499
1625184968911 19 124549
1625184980472 19 124599
1625184991949 19 124649
1625185003559 19 124699
1625185015102 19 124749
1625185026716 19 124799
1625185038231 19 124849
1625185049721 19 124899
1625185061580 19 124949
1625185075858 19 124999
1625185076775 19 124999
1625185273298 19 124999
1625185293372 20 125049
1625185304545 20 125099
1625185315658 20 125149
1625185326756 20 125199
1625185337921 20 125249
1625185349075 20 125299
1625185360188 20 125349
1625185371325 20 125399
1625185382505 20 125449
1625185393665 20 125499
1625185404781 20 125549
1625185415989 20 125599
1625185427118 20 125649
1625185438217 20 125699
1625185449377 20 125749
1625185460551 20 125799
1625185471729 20 125849
1625185482868 20 125899
1625185493994 20 125949
1625185505153 20 125999
1625185516336 20 126049
1625185527597 20 126099
1625185538864 20 126149
1625185549971 20 126199
1625185561122 20 126249
1625185572281 20 126299
1625185583463 20 126349
1625185594702 20 126399
1625185606057 20 126449
1625185617534 20 126499
1625185628869 20 126549
1625185640234 20 126599
1625185651667 20 126649
1625185663085 20 126699
1625185674364 20 126749
1625185685678 20 126799
1625185696998 20 126849
1625185708517 20 126899
1625185719963 20 126949
1625185731403 20 126999
1625185742670 20 127049
1625185754100 20 127099
1625185765650 20 127149
1625185777016 20 127199
1625185788367 20 127249
1625185799764 20 127299
1625185811185 20 127349
1625185822745 20 127399
1625185834048 20 127449
1625185845453 20 127499
1625185856830 20 127549
1625185868278 20 127599
1625185879598 20 127649
1625185890997 20 127699
1625185902381 20 127749
1625185913984 20 127799
1625185925424 20 127849
1625185936892 20 127899
1625185948290 20 127949
1625185959721 20 127999
1625185971152 20 128049
1625185982680 20 128099
1625185994101 20 128149
1625186005604 20 128199
1625186017002 20 128249
1625186028407 20 128299
1625186039900 20 128349
1625186051235 20 128399
1625186062602 20 128449
1625186073963 20 128499
1625186085326 20 128549
1625186096658 20 128599
1625186108046 20 128649
1625186119371 20 128699
1625186130753 20 128749
1625186142241 20 128799
1625186153776 20 128849
1625186165177 20 128899
1625186176703 20 128949
1625186188041 20 128999
1625186199499 20 129049
1625186210949 20 129099
1625186222317 20 129149
1625186233710 20 129199
1625186245262 20 129249
1625186256542 20 129299
1625186267949 20 129349
1625186279314 20 129399
1625186290744 20 129449
1625186303285 20 129499
1625186314737 20 129549
1625186326111 20 129599
1625186337459 20 129649
1625186348857 20 129699
1625186360194 20 129749
1625186371620 20 129799
1625186382941 20 129849
1625186394171 20 129899
1625186405462 20 129949
1625186416838 20 129999
1625186428242 20 130049
1625186439697 20 130099
1625186451024 20 130149
1625186462348 20 130199
1625186473771 20 130249
1625186485173 20 130299
1625186496608 20 130349
1625186507951 20 130399
1625186519291 20 130449
1625186530674 20 130499
1625186542039 20 130549
1625186553371 20 130599
1625186564810 20 130649
1625186576205 20 130699
1625186587518 20 130749
1625186599049 20 130799
1625186610407 20 130849
1625186621976 20 130899
1625186633433 20 130949
1625186644925 20 130999
1625186656414 20 131049
1625186667907 20 131099
1625186679376 20 131149
1625186691086 20 131199
1625186705316 20 131249
1625186706212 20 131249
1625186926136 20 131249
1625186947938 21 131299
1625186959084 21 131349
1625186970199 21 131399
1625186981309 21 131449
1625186992369 21 131499
1625187003590 21 131549
1625187014717 21 131599
1625187025845 21 131649
1625187037010 21 131699
1625187048165 21 131749
1625187059334 21 131799
1625187070434 21 131849
1625187081604 21 131899
1625187092772 21 131949
1625187103916 21 131999
1625187115105 21 132049
1625187126217 21 132099
1625187137403 21 132149
1625187148637 21 132199
1625187159780 21 132249
1625187170974 21 132299
1625187182251 21 132349
1625187193372 21 132399
1625187204701 21 132449
1625187215794 21 132499
1625187226980 21 132549
1625187238117 21 132599
1625187249349 21 132649
1625187260801 21 132699
1625187272159 21 132749
1625187283573 21 132799
1625187294998 21 132849
1625187306370 21 132899
1625187317746 21 132949
1625187329077 21 132999
1625187340331 21 133049
1625187351558 21 133099
1625187362926 21 133149
1625187374218 21 133199
1625187385652 21 133249
1625187396981 21 133299
1625187408298 21 133349
1625187419702 21 133399
1625187430887 21 133449
1625187442198 21 133499
1625187453475 21 133549
1625187464862 21 133599
1625187476196 21 133649
1625187487548 21 133699
1625187498858 21 133749
1625187510286 21 133799
1625187521585 21 133849
1625187532976 21 133899
1625187544284 21 133949
1625187555609 21 133999
1625187567032 21 134049
1625187578464 21 134099
1625187589962 21 134149
1625187601383 21 134199
1625187612756 21 134249
1625187624293 21 134299
1625187635590 21 134349
1625187646898 21 134399
1625187658400 21 134449
1625187669775 21 134499
1625187681256 21 134549
1625187692616 21 134599
1625187704076 21 134649
1625187715469 21 134699
1625187726752 21 134749
1625187738293 21 134799
1625187749589 21 134849
1625187760927 21 134899
1625187772281 21 134949
1625187783664 21 134999
1625187795080 21 135049
1625187806572 21 135099
1625187817887 21 135149
1625187829396 21 135199
1625187840768 21 135249
1625187852343 21 135299
1625187863668 21 135349
1625187874950 21 135399
1625187886342 21 135449
1625187897661 21 135499
1625187908879 21 135549
1625187920216 21 135599
1625187931476 21 135649
1625187942774 21 135699
1625187954139 21 135749
1625187965398 21 135799
1625187976701 21 135849
1625187988031 21 135899
1625187999298 21 135949
1625188010618 21 135999
1625188022044 21 136049
1625188033404 21 136099
1625188044649 21 136149
1625188056004 21 136199
1625188067403 21 136249
1625188078781 21 136299
1625188090137 21 136349
1625188101373 21 136399
1625188112773 21 136449
1625188124200 21 136499
1625188135566 21 136549
1625188146967 21 136599
1625188158284 21 136649
1625188169707 21 136699
1625188181026 21 136749
1625188192437 21 136799
1625188203866 21 136849
1625188215277 21 136899
1625188226570 21 136949
1625188237900 21 136999
1625188249268 21 137049
1625188261960 21 137099
1625188273362 21 137149
1625188284797 21 137199
1625188296190 21 137249
1625188307663 21 137299
1625188319141 21 137349
1625188330541 21 137399
1625188342226 21 137449
1625188356290 21 137499
1625188357178 21 137499
1625188574150 21 137499
1625188597026 22 137549
1625188608438 22 137599
1625188620005 22 137649
1625188631538 22 137699
1625188643049 22 137749
1625188654449 22 137799
1625188665912 22 137849
1625188677282 22 137899
1625188688733 22 137949
1625188700228 22 137999
1625188711593 22 138049
1625188722985 22 138099
1625188734439 22 138149
1625188745972 22 138199
1625188757420 22 138249
1625188768957 22 138299
1625188780328 22 138349
1625188791893 22 138399
1625188803444 22 138449
1625188815039 22 138499
1625188826500 22 138549
1625188837972 22 138599
1625188849361 22 138649
1625188860812 22 138699
1625188872299 22 138749
1625188883779 22 138799
1625188895346 22 138849
1625188906905 22 138899
1625188918790 22 138949
1625188930439 22 138999
1625188942095 22 139049
1625188954116 22 139099
1625188965912 22 139149
1625188978097 22 139199
1625188989944 22 139249
1625189001668 22 139299
1625189013382 22 139349
1625189025146 22 139399
1625189036483 22 139449
1625189047815 22 139499
1625189059295 22 139549
1625189070682 22 139599
1625189082028 22 139649
1625189093416 22 139699
1625189104698 22 139749
1625189116024 22 139799
1625189127433 22 139849
1625189138685 22 139899
1625189150075 22 139949
1625189161399 22 139999
1625189172751 22 140049
1625189184023 22 140099
1625189195426 22 140149
1625189206855 22 140199
1625189218149 22 140249
1625189229463 22 140299
1625189240911 22 140349
1625189252203 22 140399
1625189263634 22 140449
1625189274950 22 140499
1625189286436 22 140549
1625189297744 22 140599
1625189309143 22 140649
1625189320604 22 140699
1625189331894 22 140749
1625189343387 22 140799
1625189354783 22 140849
1625189366163 22 140899
1625189377645 22 140949
1625189389038 22 140999
1625189400476 22 141049
1625189411805 22 141099
1625189423298 22 141149
1625189434644 22 141199
1625189446080 22 141249
1625189457544 22 141299
1625189469002 22 141349
1625189480523 22 141399
1625189491982 22 141449
1625189503377 22 141499
1625189514665 22 141549
1625189526031 22 141599
1625189537265 22 141649
1625189548678 22 141699
1625189559979 22 141749
1625189571330 22 141799
1625189582802 22 141849
1625189594272 22 141899
1625189605590 22 141949
1625189616998 22 141999
1625189628287 22 142049
1625189639756 22 142099
1625189651157 22 142149
1625189662586 22 142199
1625189673976 22 142249
1625189685372 22 142299
1625189696771 22 142349
1625189708087 22 142399
1625189719457 22 142449
1625189730835 22 142499
1625189742279 22 142549
1625189753639 22 142599
1625189764902 22 142649
1625189776212 22 142699
1625189787675 22 142749
1625189799148 22 142799
1625189810528 22 142849
1625189822055 22 142899
1625189833475 22 142949
1625189844769 22 142999
1625189856153 22 143049
1625189867615 22 143099
1625189879040 22 143149
1625189890374 22 143199
1625189901803 22 143249
1625189913194 22 143299
1625189924562 22 143349
1625189935984 22 143399
1625189947423 22 143449
1625189958878 22 143499
1625189970469 22 143549
1625189981891 22 143599
1625189993472 22 143649
1625190005148 22 143699
1625190019152 22 143749
1625190020024 22 143749
1625190229121 22 143749
1625190250695 23 143799
1625190261970 23 143849
1625190273155 23 143899
1625190284312 23 143949
1625190295518 23 143999
1625190306688 23 144049
1625190317840 23 144099
1625190329073 23 144149
1625190340241 23 144199
1625190351468 23 144249
1625190362619 23 144299
1625190373805 23 144349
1625190384951 23 144399
1625190396124 23 144449
1625190407233 23 144499
1625190418324 23 144549
1625190429448 23 144599
1625190440636 23 144649
1625190451778 23 144699
1625190462927 23 144749
1625190474089 23 144799
1625190485254 23 144849
1625190496352 23 144899
1625190507552 23 144949
1625190518689 23 144999
1625190529837 23 145049
1625190541027 23 145099
1625190552434 23 145149
1625190563758 23 145199
1625190575085 23 145249
1625190586450 23 145299
1625190597791 23 145349
1625190609054 23 145399
1625190620423 23 145449
1625190631841 23 145499
1625190643197 23 145549
1625190654550 23 145599
1625190665940 23 145649
1625190677477 23 145699
1625190688825 23 145749
1625190700257 23 145799
1625190711578 23 145849
1625190723021 23 145899
1625190734405 23 145949
1625190745648 23 145999
1625190757124 23 146049
1625190768462 23 146099
1625190779807 23 146149
1625190791224 23 146199
1625190802555 23 146249
1625190813990 23 146299
1625190825263 23 146349
1625190836700 23 146399
1625190848050 23 146449
1625190859338 23 146499
1625190870733 23 146549
1625190882068 23 146599
1625190893345 23 146649
1625190904704 23 146699
1625190916107 23 146749
1625190927487 23 146799
1625190938821 23 146849
1625190950145 23 146899
1625190961520 23 146949
1625190972846 23 146999
1625190984298 23 147049
1625190995645 23 147099
1625191007186 23 147149
1625191018701 23 147199
1625191030045 23 147249
1625191041445 23 147299
1625191052874 23 147349
1625191064362 23 147399
1625191075901 23 147449
1625191087304 23 147499
1625191098791 23 147549
1625191110295 23 147599
1625191121710 23 147649
1625191133178 23 147699
1625191144640 23 147749
1625191156086 23 147799
1625191167481 23 147849
1625191178933 23 147899
1625191190358 23 147949
1625191201735 23 147999
1625191213118 23 148049
1625191224352 23 148099
1625191235889 23 148149
1625191247346 23 148199
1625191258753 23 148249
1625191270125 23 148299
1625191281465 23 148349
1625191292690 23 148399
1625191304120 23 148449
1625191315562 23 148499
1625191326964 23 148549
1625191338397 23 148599
1625191349897 23 148649
1625191361229 23 148699
1625191372651 23 148749
1625191384063 23 148799
1625191395406 23 148849
1625191406800 23 148899
1625191418208 23 148949
1625191429631 23 148999
1625191441067 23 149049
1625191452397 23 149099
1625191463828 23 149149
1625191475234 23 149199
1625191486614 23 149249
1625191498125 23 149299
1625191509536 23 149349
1625191520896 23 149399
1625191532386 23 149449
1625191543853 23 149499
1625191555201 23 149549
1625191566671 23 149599
1625191578135 23 149649
1625191589368 23 149699
1625191600848 23 149749
1625191612197 23 149799
1625191623630 23 149849
1625191635015 23 149899
1625191646624 23 149949
1625191660642 23 149999
1625191661472 23 149999
1625191842139 23 149999
1625191862601 24 150049
1625191873799 24 150099
1625191884975 24 150149
1625191896183 24 150199
1625191907370 24 150249
1625191918541 24 150299
1625191929660 24 150349
1625191940826 24 150399
1625191952022 24 150449
1625191963192 24 150499
1625191974461 24 150549
1625191985639 24 150599
1625191996923 24 150649
1625192008126 24 150699
1625192019399 24 150749
1625192030596 24 150799
1625192041884 24 150849
1625192053161 24 150899
1625192064467 24 150949
1625192075739 24 150999
1625192086950 24 151049
1625192098167 24 151099
1625192109434 24 151149
1625192120617 24 151199
1625192132014 24 151249
1625192143255 24 151299
1625192154515 24 151349
1625192165850 24 151399
1625192177152 24 151449
1625192188589 24 151499
1625192199963 24 151549
1625192211307 24 151599
1625192222809 24 151649
1625192234204 24 151699
1625192245551 24 151749
1625192256922 24 151799
1625192268258 24 151849
1625192279634 24 151899
1625192291087 24 151949
1625192302481 24 151999
1625192313975 24 152049
1625192325393 24 152099
1625192336795 24 152149
1625192348095 24 152199
1625192359560 24 152249
1625192370965 24 152299
1625192382414 24 152349
1625192393928 24 152399
1625192405320 24 152449
1625192416674 24 152499
1625192428181 24 152549
1625192439619 24 152599
1625192451012 24 152649
1625192462388 24 152699
1625192473759 24 152749
1625192485306 24 152799
1625192496683 24 152849
1625192508093 24 152899
1625192519474 24 152949
1625192530892 24 152999
1625192542264 24 153049
1625192553699 24 153099
1625192565100 24 153149
1625192576566 24 153199
1625192588037 24 153249
1625192599439 24 153299
1625192610775 24 153349
1625192622141 24 153399
1625192633624 24 153449
1625192644952 24 153499
1625192656398 24 153549
1625192667891 24 153599
1625192679371 24 153649
1625192690887 24 153699
1625192702315 24 153749
1625192713729 24 153799
1625192725234 24 153849
1625192736697 24 153899
1625192748295 24 153949
1625192759817 24 153999
1625192771268 24 154049
1625192782728 24 154099
1625192794084 24 154149
1625192805472 24 154199
1625192816878 24 154249
1625192828374 24 154299
1625192839761 24 154349
1625192851158 24 154399
1625192862617 24 154449
1625192874018 24 154499
1625192885415 24 154549
1625192896800 24 154599
1625192908151 24 154649
1625192919483 24 154699
1625192930776 24 154749
1625192942178 24 154799
1625192953534 24 154849
1625192964808 24 154899
1625192976260 24 154949
1625192987614 24 154999
1625192998964 24 155049
1625193010408 24 155099
1625193021741 24 155149
1625193033029 24 155199
1625193044509 24 155249
1625193055889 24 155299
1625193067268 24 155349
1625193078663 24 155399
1625193090069 24 155449
1625193101493 24 155499
1625193112857 24 155549
1625193124442 24 155599
1625193135911 24 155649
1625193147364 24 155699
1625193158823 24 155749
1625193170195 24 155799
1625193181630 24 155849
1625193193004 24 155899
1625193204493 24 155949
1625193215890 24 155999
1625193227236 24 156049
1625193238624 24 156099
1625193249926 24 156149
1625193261595 24 156199
1625193275622 24 156249
1625193278716 24 156249
1625193462388 24 156249
1625193482358 25 156299
1625193493504 25 156349
1625193504726 25 156399
1625193515885 25 156449
1625193527004 25 156499
1625193538109 25 156549
1625193549209 25 156599
1625193560350 25 156649
1625193571439 25 156699
1625193582553 25 156749
1625193593648 25 156799
1625193604769 25 156849
1625193615894 25 156899
1625193627147 25 156949
1625193638334 25 156999
1625193649497 25 157049
1625193660752 25 157099
1625193671906 25 157149
1625193683140 25 157199
1625193694411 25 157249
1625193705605 25 157299
1625193716813 25 157349
1625193728053 25 157399
1625193739298 25 157449
1625193750472 25 157499
1625193761772 25 157549
1625193772972 25 157599
1625193784366 25 157649
1625193795695 25 157699
1625193807197 25 157749
1625193818623 25 157799
1625193830077 25 157849
1625193841536 25 157899
1625193852959 25 157949
1625193864299 25 157999
1625193875720 25 158049
1625193887124 25 158099
1625193898439 25 158149
1625193909795 25 158199
1625193921101 25 158249
1625193932439 25 158299
1625193943812 25 158349
1625193955308 25 158399
1625193966638 25 158449
1625193978202 25 158499
1625193989654 25 158549
1625194001040 25 158599
1625194012406 25 158649
1625194023851 25 158699
1625194035175 25 158749
1625194046568 25 158799
1625194057999 25 158849
1625194069453 25 158899
1625194080804 25 158949
1625194092073 25 158999
1625194103619 25 159049
1625194115064 25 159099
1625194126437 25 159149
1625194137819 25 159199
1625194149181 25 159249
1625194160639 25 159299
1625194171978 25 159349
1625194183364 25 159399
1625194194789 25 159449
1625194206196 25 159499
1625194217582 25 159549
1625194229010 25 159599
1625194240375 25 159649
1625194251795 25 159699
1625194263177 25 159749
1625194274771 25 159799
1625194286302 25 159849
1625194297623 25 159899
1625194309189 25 159949
1625194320606 25 159999
1625194332074 25 160049
1625194343523 25 160099
1625194355054 25 160149
1625194366611 25 160199
1625194378040 25 160249
1625194389654 25 160299
1625194401188 25 160349
1625194412612 25 160399
1625194424089 25 160449
1625194435455 25 160499
1625194446931 25 160549
1625194458393 25 160599
1625194469770 25 160649
1625194481201 25 160699
1625194492753 25 160749
1625194504227 25 160799
1625194515615 25 160849
1625194527020 25 160899
1625194538546 25 160949
1625194549959 25 160999
1625194561401 25 161049
1625194572839 25 161099
1625194584236 25 161149
1625194595744 25 161199
1625194607175 25 161249
1625194618534 25 161299
1625194629945 25 161349
1625194641436 25 161399
1625194652897 25 161449
1625194664211 25 161499
1625194675507 25 161549
1625194687027 25 161599
1625194698417 25 161649
1625194709931 25 161699
1625194721299 25 161749
1625194732802 25 161799
1625194744334 25 161849
1625194755793 25 161899
1625194767362 25 161949
1625194778760 25 161999
1625194790153 25 162049
1625194801672 25 162099
1625194813185 25 162149
1625194824556 25 162199
1625194835932 25 162249
1625194847243 25 162299
1625194858742 25 162349
1625194870317 25 162399
1625194882087 25 162449
1625194896173 25 162499
1625194897031 25 162499
1625195082275 25 162499
1625195102322 26 162549
1625195113529 26 162599
1625195124716 26 162649
1625195135857 26 162699
1625195147064 26 162749
1625195158314 26 162799
1625195169516 26 162849
1625195180656 26 162899
1625195191766 26 162949
1625195202905 26 162999
1625195214076 26 163049
1625195225114 26 163099
1625195236226 26 163149
1625195247387 26 163199
1625195258541 26 163249
1625195269615 26 163299
1625195280735 26 163349
1625195291868 26 163399
1625195303106 26 163449
1625195314320 26 163499
1625195325589 26 163549
1625195336858 26 163599
1625195348108 26 163649
1625195359392 26 163699
1625195370541 26 163749
1625195381742 26 163799
1625195393008 26 163849
1625195404371 26 163899
1625195415776 26 163949
1625195427146 26 163999
1625195438644 26 164049
1625195450084 26 164099
1625195461715 26 164149
1625195473184 26 164199
1625195484669 26 164249
1625195496129 26 164299
1625195507678 26 164349
1625195519123 26 164399
1625195530621 26 164449
1625195542012 26 164499
1625195553462 26 164549
1625195564887 26 164599
1625195576477 26 164649
1625195587847 26 164699
1625195599333 26 164749
1625195610765 26 164799
1625195622287 26 164849
1625195633640 26 164899
1625195645067 26 164949
1625195656519 26 164999
1625195668009 26 165049
1625195679469 26 165099
1625195690939 26 165149
1625195702364 26 165199
1625195714063 26 165249
1625195725459 26 165299
1625195736979 26 165349
1625195748325 26 165399
1625195759719 26 165449
1625195770929 26 165499
1625195782333 26 165549
1625195793695 26 165599
1625195805123 26 165649
1625195816653 26 165699
1625195828066 26 165749
1625195839530 26 165799
1625195850866 26 165849
1625195862162 26 165899
1625195873681 26 165949
1625195885066 26 165999
1625195896449 26 166049
1625195907805 26 166099
1625195919383 26 166149
1625195930870 26 166199
1625195942436 26 166249
1625195953856 26 166299
1625195965348 26 166349
1625195976812 26 166399
1625195988293 26 166449
1625195999808 26 166499
1625196011252 26 166549
1625196022729 26 166599
1625196034172 26 166649
1625196045605 26 166699
1625196056973 26 166749
1625196068391 26 166799
1625196079957 26 166849
1625196091337 26 166899
1625196102751 26 166949
1625196114114 26 166999
1625196125464 26 167049
1625196136960 26 167099
1625196148308 26 167149
1625196159813 26 167199
1625196171298 26 167249
1625196182829 26 167299
1625196194294 26 167349
1625196205698 26 167399
1625196217221 26 167449
1625196228620 26 167499
1625196240046 26 167549
1625196251477 26 167599
1625196262951 26 167649
1625196274455 26 167699
1625196285860 26 167749
1625196297473 26 167799
1625196308833 26 167849
1625196320166 26 167899
1625196331683 26 167949
1625196343135 26 167999
1625196354541 26 168049
1625196366078 26 168099
1625196377551 26 168149
1625196388987 26 168199
1625196400415 26 168249
1625196411944 26 168299
1625196423355 26 168349
1625196434906 26 168399
1625196446604 26 168449
1625196458097 26 168499
1625196469575 26 168549
1625196481114 26 168599
1625196492554 26 168649
1625196504262 26 168699
1625196518459 26 168749
1625196519900 26 168749
1625196703082 26 168749
1625196722862 27 168799
1625196733993 27 168849
1625196745136 27 168899
1625196756267 27 168949
1625196767429 27 168999
1625196778606 27 169049
1625196789736 27 169099
1625196800873 27 169149
1625196812029 27 169199
1625196823191 27 169249
1625196834297 27 169299
1625196845497 27 169349
1625196856580 27 169399
1625196867790 27 169449
1625196878898 27 169499
1625196890044 27 169549
1625196901191 27 169599
1625196912392 27 169649
1625196923505 27 169699
1625196934764 27 169749
1625196945912 27 169799
1625196957107 27 169849
1625196968335 27 169899
1625196979526 27 169949
1625196990744 27 169999
1625197001971 27 170049
1625197013209 27 170099
1625197024547 27 170149
1625197036042 27 170199
1625197047495 27 170249
1625197058959 27 170299
1625197070481 27 170349
1625197081907 27 170399
1625197093368 27 170449
1625197104764 27 170499
1625197116234 27 170549
1625197127608 27 170599
1625197139085 27 170649
1625197150563 27 170699
1625197162072 27 170749
1625197173632 27 170799
1625197185004 27 170849
1625197196793 27 170899
1625197208332 27 170949
1625197219888 27 170999
1625197231466 27 171049
1625197242759 27 171099
1625197254213 27 171149
1625197265605 27 171199
1625197277046 27 171249
1625197288597 27 171299
1625197300016 27 171349
1625197311453 27 171399
1625197322803 27 171449
1625197334198 27 171499
1625197345635 27 171549
1625197356985 27 171599
1625197368329 27 171649
1625197379620 27 171699
1625197390974 27 171749
1625197402493 27 171799
1625197413827 27 171849
1625197425199 27 171899
1625197436574 27 171949
1625197447949 27 171999
1625197459379 27 172049
1625197470796 27 172099
1625197482176 27 172149
1625197493567 27 172199
1625197504978 27 172249
1625197516445 27 172299
1625197527899 27 172349
1625197539254 27 172399
1625197550765 27 172449
1625197562138 27 172499
1625197573611 27 172549
1625197585055 27 172599
1625197596648 27 172649
1625197608037 27 172699
1625197619506 27 172749
1625197630900 27 172799
1625197642449 27 172849
1625197653882 27 172899
1625197665397 27 172949
1625197676756 27 172999
1625197688086 27 173049
1625197699649 27 173099
1625197711096 27 173149
1625197722470 27 173199
1625197733914 27 173249
1625197745502 27 173299
1625197756975 27 173349
1625197768318 27 173399
1625197779662 27 173449
1625197791174 27 173499
1625197802639 27 173549
1625197814079 27 173599
1625197825415 27 173649
1625197836793 27 173699
1625197848221 27 173749
1625197859667 27 173799
1625197871271 27 173849
1625197882677 27 173899
1625197894214 27 173949
1625197905578 27 173999
1625197917085 27 174049
1625197928572 27 174099
1625197940069 27 174149
1625197951461 27 174199
1625197962916 27 174249
1625197974485 27 174299
1625197985982 27 174349
1625197998723 27 174399
1625198010320 27 174449
1625198021673 27 174499
1625198033035 27 174549
1625198044511 27 174599
1625198055918 27 174649
1625198067326 27 174699
1625198078699 27 174749
1625198090051 27 174799
1625198101457 27 174849
1625198112843 27 174899
1625198124708 27 174949
1625198138896 27 174999
1625198139764 27 174999
1625198309384 27 174999
1625198329256 28 175049
1625198340394 28 175099
1625198351520 28 175149
1625198362605 28 175199
1625198373791 28 175249
1625198384937 28 175299
1625198396045 28 175349
1625198407201 28 175399
1625198418355 28 175449
1625198429509 28 175499
1625198440590 28 175549
1625198451702 28 175599
1625198462863 28 175649
1625198474017 28 175699
1625198485157 28 175749
1625198496332 28 175799
1625198507503 28 175849
1625198518734 28 175899
1625198529877 28 175949
1625198541046 28 175999
1625198552248 28 176049
1625198563426 28 176099
1625198574586 28 176149
1625198585706 28 176199
1625198596847 28 176249
1625198608053 28 176299
1625198619192 28 176349
1625198630433 28 176399
1625198641822 28 176449
1625198653128 28 176499
1625198664385 28 176549
1625198675741 28 176599
1625198687150 28 176649
1625198698605 28 176699
1625198710016 28 176749
1625198721366 28 176799
1625198732810 28 176849
1625198744199 28 176899
1625198755474 28 176949
1625198766916 28 176999
1625198778238 28 177049
1625198789624 28 177099
1625198801040 28 177149
1625198812485 28 177199
1625198823905 28 177249
1625198835441 28 177299
1625198846888 28 177349
1625198858404 28 177399
1625198869788 28 177449
1625198881288 28 177499
1625198892847 28 177549
1625198904291 28 177599
1625198915941 28 177649
1625198927340 28 177699
1625198938805 28 177749
1625198950330 28 177799
1625198961856 28 177849
1625198973215 28 177899
1625198984616 28 177949
1625198996118 28 177999
1625199007588 28 178049
1625199018917 28 178099
1625199030217 28 178149
1625199041630 28 178199
1625199053049 28 178249
1625199064296 28 178299
1625199075777 28 178349
1625199087120 28 178399
1625199098395 28 178449
1625199109718 28 178499
1625199121075 28 178549
1625199132599 28 178599
1625199144046 28 178649
1625199155448 28 178699
1625199166863 28 178749
1625199178412 28 178799
1625199189935 28 178849
1625199201369 28 178899
1625199212941 28 178949
1625199224289 28 178999
1625199235702 28 179049
1625199247268 28 179099
1625199258668 28 179149
1625199270195 28 179199
1625199281663 28 179249
1625199293104 28 179299
1625199304687 28 179349
1625199316025 28 179399
1625199327423 28 179449
1625199338689 28 179499
1625199350079 28 179549
1625199361366 28 179599
1625199372789 28 179649
1625199384266 28 179699
1625199395649 28 179749
1625199407095 28 179799
1625199418540 28 179849
1625199429906 28 179899
1625199441248 28 179949
1625199452602 28 179999
1625199464007 28 180049
1625199475559 28 180099
1625199486862 28 180149
1625199498337 28 180199
1625199509660 28 180249
1625199520982 28 180299
1625199532391 28 180349
1625199543656 28 180399
1625199555083 28 180449
1625199566460 28 180499
1625199577861 28 180549
1625199589389 28 180599
1625199600748 28 180649
1625199612220 28 180699
1625199623650 28 180749
1625199635125 28 180799
1625199646626 28 180849
1625199658141 28 180899
1625199669639 28 180949
1625199681089 28 180999
1625199692593 28 181049
1625199704040 28 181099
1625199715593 28 181149
1625199727361 28 181199
1625199741563 28 181249
1625199742455 28 181249
1625199912763 28 181249
1625199932569 29 181299
1625199943681 29 181349
1625199954764 29 181399
1625199965826 29 181449
1625199976883 29 181499
1625199988019 29 181549
1625199999104 29 181599
1625200010237 29 181649
1625200021416 29 181699
1625200032503 29 181749
1625200043673 29 181799
1625200054812 29 181849
1625200065948 29 181899
1625200077130 29 181949
1625200088296 29 181999
1625200099456 29 182049
1625200110588 29 182099
1625200121774 29 182149
1625200132897 29 182199
1625200144079 29 182249
1625200155286 29 182299
1625200166460 29 182349
1625200177609 29 182399
1625200188710 29 182449
1625200199840 29 182499
1625200211019 29 182549
1625200222156 29 182599
1625200233443 29 182649
1625200244829 29 182699
1625200256224 29 182749
1625200267498 29 182799
1625200278822 29 182849
1625200290216 29 182899
1625200301570 29 182949
1625200313000 29 182999
1625200324438 29 183049
1625200335862 29 183099
1625200347352 29 183149
1625200358768 29 183199
1625200370118 29 183249
1625200381498 29 183299
1625200392840 29 183349
1625200404399 29 183399
1625200415750 29 183449
1625200427036 29 183499
1625200438406 29 183549
1625200449769 29 183599
1625200461177 29 183649
1625200472602 29 183699
1625200484060 29 183749
1625200495661 29 183799
1625200507052 29 183849
1625200518493 29 183899
1625200529985 29 183949
1625200541439 29 183999
1625200552972 29 184049
1625200564380 29 184099
1625200575773 29 184149
1625200587188 29 184199
1625200598622 29 184249
1625200610155 29 184299
1625200621680 29 184349
1625200633175 29 184399
1625200644690 29 184449
1625200656148 29 184499
1625200667613 29 184549
1625200679047 29 184599
1625200690511 29 184649
1625200701887 29 184699
1625200713416 29 184749
1625200724814 29 184799
1625200736264 29 184849
1625200747703 29 184899
1625200759083 29 184949
1625200770524 29 184999
1625200782006 29 185049
1625200793506 29 185099
1625200804940 29 185149
1625200816415 29 185199
1625200827895 29 185249
1625200839389 29 185299
1625200850750 29 185349
1625200862272 29 185399
1625200873663 29 185449
1625200885079 29 185499
1625200896310 29 185549
1625200907674 29 185599
1625200919063 29 185649
1625200930451 29 185699
1625200941753 29 185749
1625200953059 29 185799
1625200964368 29 185849
1625200975749 29 185899
1625200987058 29 185949
1625200998475 29 185999
1625201009792 29 186049
1625201021252 29 186099
1625201032621 29 186149
1625201043921 29 186199
1625201055316 29 186249
1625201066643 29 186299
1625201077986 29 186349
1625201089331 29 186399
1625201100679 29 186449
1625201112130 29 186499
1625201123464 29 186549
1625201134860 29 186599
1625201146227 29 186649
1625201157674 29 186699
1625201169041 29 186749
1625201180500 29 186799
1625201191981 29 186849
1625201203315 29 186899
1625201214607 29 186949
1625201226050 29 186999
1625201237414 29 187049
1625201248797 29 187099
1625201260257 29 187149
1625201271708 29 187199
1625201283130 29 187249
1625201294754 29 187299
1625201306295 29 187349
1625201317666 29 187399
1625201329314 29 187449
1625201343536 29 187499
1625201345195 29 187499
1625201520889 29 187499
