1625152644118 0.001 0
1625154285712 0.0009972609476841367 6250
1625155889307 0.0009890738003669028 12500
1625157507082 0.0009755282581475768 18750
1625159137152 0.0009567727288213003 25000
1625160752658 0.0009330127018922195 31250
1625162374009 0.0009045084971874739 37500
1625163987016 0.0008715724127386972 43750
1625165587339 0.0008345653031794292 50000
1625167220884 0.0007938926261462366 56250
1625168859176 0.00075 62500
1625170499853 0.0007033683215379003 68750
1625172152360 0.0006545084971874739 75000
1625173796700 0.0006039558454088797 81250
1625175435762 0.0005522642316338269 87500
1625177085366 0.0005000000000000002 93750
1625178725710 0.0004477357683661734 100000
1625180361546 0.00039604415459112036 106250
1625181996533 0.0003454915028125264 112500
1625183631984 0.00029663167846210003 118750
1625185273326 0.00025000000000000017 125000
1625186926166 0.00020610737385376354 131250
1625188574191 0.00016543469682057108 137500
1625190229179 0.00012842758726130303 143750
1625191842169 9.549150281252637e-05 150000
1625193462418 6.698729810778068e-05 156250
1625195082301 4.322727117869953e-05 162500
1625196703108 2.447174185242324e-05 168750
1625198309411 1.092619963309716e-05 175000
1625199912789 2.7390523158633003e-06 181250
