1625154077134 19.70729637145996 6249
1625154285600 19.70729637145996 0
1625155706614 17.2382869720459 12499
1625155889172 17.2382869720459 1
1625157312329 16.310787200927734 18749
1625157507024 16.310787200927734 2
1625158933273 15.74768352508545 24999
1625159136748 15.74768352508545 3
1625160560884 15.199847221374512 31249
1625160752311 15.199847221374512 4
1625162174319 15.029850006103516 37499
1625162373898 15.029850006103516 5
1625163799744 14.878418922424316 43749
1625163986881 14.878418922424316 6
1625165412441 14.774312973022461 49999
1625165587224 14.774312973022461 7
1625167038002 14.683540344238281 56249
1625167220726 14.683540344238281 8
1625168676456 14.607303619384766 62499
1625168859089 14.607303619384766 9
1625170309651 14.530957221984863 68749
1625170499757 14.530957221984863 10
1625171955825 14.440864562988281 74999
1625172152013 14.440864562988281 11
1625173606150 14.341689109802246 81249
1625173796583 14.341689109802246 12
1625175256969 14.2775239944458 87499
1625175435609 14.2775239944458 13
1625176892792 14.216389656066895 93749
1625177085069 14.216389656066895 14
1625178539544 14.153494834899902 99999
1625178725643 14.153494834899902 15
1625180178506 14.084178924560547 106249
1625180361456 14.084178924560547 16
1625181815748 14.011605262756348 112499
1625181996446 14.011605262756348 17
1625183450133 13.952485084533691 118749
1625183631912 13.952485084533691 18
1625185076775 13.89946460723877 124999
1625185272657 13.89946460723877 19
1625186706212 13.853230476379395 131249
1625186926042 13.853230476379395 20
1625188357178 13.807967185974121 137499
1625188573993 13.807967185974121 21
1625190020024 13.770626068115234 143749
1625190229012 13.770626068115234 22
1625191661472 13.733840942382812 149999
1625191842067 13.733840942382812 23
1625193278716 13.700927734375 156249
1625193462094 13.700927734375 24
1625194897031 13.679696083068848 162499
1625195082201 13.679696083068848 25
1625196519900 13.656889915466309 168749
1625196703014 13.656889915466309 26
1625198139764 13.640706062316895 174999
1625198309318 13.640706062316895 27
1625199742455 13.626461029052734 181249
1625199912708 13.626461029052734 28
1625201345195 13.624686241149902 187499
1625201520577 13.624686241149902 29
