1625154285600 18.059185028076172 0
1625155889172 16.816070556640625 1
1625157507024 15.937494277954102 2
1625159136748 15.31533145904541 3
1625160752311 15.063634872436523 4
1625162373898 14.608614921569824 5
1625163986881 14.734086990356445 6
1625165587224 14.626331329345703 7
1625167220726 14.842377662658691 8
1625168859089 14.71232795715332 9
1625170499757 14.456358909606934 10
1625172152013 14.365432739257812 11
1625173796583 14.435186386108398 12
1625175435609 14.53989028930664 13
1625177085069 14.039543151855469 14
1625178725643 13.999004364013672 15
1625180361456 14.080268859863281 16
1625181996446 14.074581146240234 17
1625183631912 14.189456939697266 18
1625185272657 13.714570045471191 19
1625186926042 13.667545318603516 20
1625188573993 13.613142013549805 21
1625190229012 13.745012283325195 22
1625191842067 13.551300048828125 23
1625193462094 13.858654022216797 24
1625195082201 13.433645248413086 25
1625196703014 13.695331573486328 26
1625198309318 13.302614212036133 27
1625199912708 13.620820045471191 28
1625201520577 13.66450023651123 29
