1625153956856 0 49
1625153967894 0 99
1625153978907 0 149
1625153989952 0 199
1625154001074 0 249
1625154012085 0 299
1625154023110 0 349
1625154034150 0 399
1625154045252 0 449
1625154056366 0 499
1625154067372 0 549
1625154078454 0 599
1625154089615 0 649
1625154100882 0 699
1625154112114 0 749
1625154123299 0 799
1625154134532 0 849
1625154145733 0 899
1625154156925 0 949
1625154168195 0 999
1625154179484 0 1049
1625154190748 0 1099
1625154201969 0 1149
1625154213194 0 1199
1625154225141 0 1249
1625154237313 0 1299
1625154249050 0 1349
1625154260454 0 1399
1625154272003 0 1449
1625154283783 0 1499
1625154295322 0 1549
1625154306957 0 1599
1625154318494 0 1649
1625154330090 0 1699
1625154341554 0 1749
1625154353230 0 1799
1625154364576 0 1849
1625154376032 0 1899
1625154387437 0 1949
1625154398742 0 1999
1625154410133 0 2049
1625154421469 0 2099
1625154432832 0 2149
1625154444118 0 2199
1625154455389 0 2249
1625154466709 0 2299
1625154478024 0 2349
1625154489405 0 2399
1625154500778 0 2449
1625154512254 0 2499
1625154523713 0 2549
1625154535285 0 2599
1625154546794 0 2649
1625154558789 0 2699
1625154570338 0 2749
1625154581648 0 2799
1625154593099 0 2849
1625154604580 0 2899
1625154615915 0 2949
1625154627233 0 2999
1625154638683 0 3049
1625154649998 0 3099
1625154661416 0 3149
1625154672767 0 3199
1625154684202 0 3249
1625154695473 0 3299
1625154706868 0 3349
1625154718237 0 3399
1625154729615 0 3449
1625154740936 0 3499
1625154752303 0 3549
1625154763761 0 3599
1625154775062 0 3649
1625154786451 0 3699
1625154797759 0 3749
1625154809109 0 3799
1625154820439 0 3849
1625154831871 0 3899
1625154843258 0 3949
1625154854594 0 3999
1625154865973 0 4049
1625154877341 0 4099
1625154888764 0 4149
1625154900115 0 4199
1625154911552 0 4249
1625154922972 0 4299
1625154934313 0 4349
1625154945523 0 4399
1625154956922 0 4449
1625154968344 0 4499
1625154979856 0 4549
1625154991094 0 4599
1625155002462 0 4649
1625155013732 0 4699
1625155025145 0 4749
1625155036537 0 4799
1625155047886 0 4849
1625155059239 0 4899
1625155070601 0 4949
1625155081940 0 4999
1625155093333 0 5049
1625155104603 0 5099
1625155115978 0 5149
1625155127319 0 5199
1625155138670 0 5249
1625155150099 0 5299
1625155161513 0 5349
1625155172862 0 5399
1625155184340 0 5449
1625155195723 0 5499
1625155206982 0 5549
1625155218324 0 5599
1625155229746 0 5649
1625155241214 0 5699
1625155252602 0 5749
1625155264017 0 5799
1625155275305 0 5849
1625155286536 0 5899
1625155297858 0 5949
1625155309347 0 5999
1625155320721 0 6049
1625155332109 0 6099
1625155343489 0 6149
1625155354963 0 6199
1625155368474 0 6249
1625155369600 0 6249
1625155537720 0 6249
1625155558024 1 6299
1625155569217 1 6349
1625155580460 1 6399
1625155591701 1 6449
1625155602898 1 6499
1625155614146 1 6549
1625155625254 1 6599
1625155636371 1 6649
1625155647575 1 6699
1625155658689 1 6749
1625155669847 1 6799
1625155680986 1 6849
1625155692117 1 6899
1625155703236 1 6949
1625155714393 1 6999
1625155725673 1 7049
1625155737064 1 7099
1625155748392 1 7149
1625155759701 1 7199
1625155771062 1 7249
1625155782356 1 7299
1625155793682 1 7349
1625155804982 1 7399
1625155816367 1 7449
1625155827653 1 7499
1625155838978 1 7549
1625155850271 1 7599
1625155861579 1 7649
1625155873135 1 7699
1625155884815 1 7749
1625155896502 1 7799
1625155908051 1 7849
1625155919567 1 7899
1625155931089 1 7949
1625155942584 1 7999
1625155954198 1 8049
1625155965836 1 8099
1625155977357 1 8149
1625155988868 1 8199
1625156000412 1 8249
1625156011965 1 8299
1625156023455 1 8349
1625156035025 1 8399
1625156046608 1 8449
1625156058122 1 8499
1625156069604 1 8549
1625156081053 1 8599
1625156092469 1 8649
1625156103891 1 8699
1625156115338 1 8749
1625156126865 1 8799
1625156138245 1 8849
1625156149651 1 8899
1625156160951 1 8949
1625156172366 1 8999
1625156183739 1 9049
1625156195213 1 9099
1625156206532 1 9149
1625156217794 1 9199
1625156228996 1 9249
1625156240434 1 9299
1625156251893 1 9349
1625156263351 1 9399
1625156274686 1 9449
1625156286135 1 9499
1625156297621 1 9549
1625156309027 1 9599
1625156320378 1 9649
1625156331761 1 9699
1625156343226 1 9749
1625156354632 1 9799
1625156366111 1 9849
1625156377477 1 9899
1625156388919 1 9949
1625156400353 1 9999
1625156411733 1 10049
1625156423145 1 10099
1625156434489 1 10149
1625156445833 1 10199
1625156457259 1 10249
1625156468792 1 10299
1625156480218 1 10349
1625156491614 1 10399
1625156503007 1 10449
1625156514531 1 10499
1625156525781 1 10549
1625156537056 1 10599
1625156548482 1 10649
1625156559798 1 10699
1625156571047 1 10749
1625156582504 1 10799
1625156593796 1 10849
1625156605082 1 10899
1625156616506 1 10949
1625156627797 1 10999
1625156639107 1 11049
1625156650537 1 11099
1625156661921 1 11149
1625156673341 1 11199
1625156684635 1 11249
1625156695987 1 11299
1625156707365 1 11349
1625156718872 1 11399
1625156730282 1 11449
1625156741709 1 11499
1625156753161 1 11549
1625156764526 1 11599
1625156775961 1 11649
1625156787217 1 11699
1625156798490 1 11749
1625156809889 1 11799
1625156821178 1 11849
1625156832560 1 11899
1625156844059 1 11949
1625156855482 1 11999
1625156867081 1 12049
1625156878409 1 12099
1625156889884 1 12149
1625156901347 1 12199
1625156912869 1 12249
1625156924252 1 12299
1625156935659 1 12349
1625156947104 1 12399
1625156958723 1 12449
1625156972352 1 12499
1625156973599 1 12499
1625157137834 1 12499
1625157158118 2 12549
1625157169337 2 12599
1625157180614 2 12649
1625157191814 2 12699
1625157203067 2 12749
1625157214349 2 12799
1625157225698 2 12849
1625157236888 2 12899
1625157248068 2 12949
1625157259336 2 12999
1625157270622 2 13049
1625157281933 2 13099
1625157293212 2 13149
1625157304335 2 13199
1625157315485 2 13249
1625157326881 2 13299
1625157338185 2 13349
1625157349426 2 13399
1625157360741 2 13449
1625157372020 2 13499
1625157383440 2 13549
1625157394920 2 13599
1625157406171 2 13649
1625157417463 2 13699
1625157428735 2 13749
1625157440189 2 13799
1625157451567 2 13849
1625157462960 2 13899
1625157474579 2 13949
1625157486101 2 13999
1625157497692 2 14049
1625157509249 2 14099
1625157520761 2 14149
1625157532289 2 14199
1625157543735 2 14249
1625157555110 2 14299
1625157566555 2 14349
1625157578040 2 14399
1625157589633 2 14449
1625157601252 2 14499
1625157612856 2 14549
1625157624481 2 14599
1625157636112 2 14649
1625157647660 2 14699
1625157659275 2 14749
1625157670721 2 14799
1625157682342 2 14849
1625157693961 2 14899
1625157705446 2 14949
1625157716973 2 14999
1625157728564 2 15049
1625157740129 2 15099
1625157751809 2 15149
1625157763407 2 15199
1625157774991 2 15249
1625157786629 2 15299
1625157798136 2 15349
1625157809547 2 15399
1625157821009 2 15449
1625157832321 2 15499
1625157843825 2 15549
1625157855253 2 15599
1625157866758 2 15649
1625157878272 2 15699
1625157889677 2 15749
1625157901108 2 15799
1625157912659 2 15849
1625157924256 2 15899
1625157935580 2 15949
1625157946950 2 15999
1625157958414 2 16049
1625157969736 2 16099
1625157981148 2 16149
1625157992578 2 16199
1625158003943 2 16249
1625158015423 2 16299
1625158026881 2 16349
1625158038336 2 16399
1625158049815 2 16449
1625158061265 2 16499
1625158072735 2 16549
1625158084289 2 16599
1625158095665 2 16649
1625158107111 2 16699
1625158118417 2 16749
1625158129889 2 16799
1625158141273 2 16849
1625158152670 2 16899
1625158164145 2 16949
1625158175522 2 16999
1625158186881 2 17049
1625158198290 2 17099
1625158209723 2 17149
1625158221201 2 17199
1625158232632 2 17249
1625158243996 2 17299
1625158255359 2 17349
1625158266899 2 17399
1625158278382 2 17449
1625158289823 2 17499
1625158301326 2 17549
1625158312760 2 17599
1625158324199 2 17649
1625158335624 2 17699
1625158347087 2 17749
1625158358590 2 17799
1625158370016 2 17849
1625158381433 2 17899
1625158392939 2 17949
1625158404470 2 17999
1625158415920 2 18049
1625158427420 2 18099
1625158438943 2 18149
1625158450427 2 18199
1625158462008 2 18249
1625158473553 2 18299
1625158484967 2 18349
1625158496527 2 18399
1625158508108 2 18449
1625158519622 2 18499
1625158531114 2 18549
1625158542530 2 18599
1625158554009 2 18649
1625158565777 2 18699
1625158579443 2 18749
1625158580501 2 18749
1625158749017 2 18749
1625158769475 3 18799
1625158780718 3 18849
1625158791944 3 18899
1625158803150 3 18949
1625158814321 3 18999
1625158825564 3 19049
1625158836823 3 19099
1625158848118 3 19149
1625158859420 3 19199
1625158870670 3 19249
1625158881900 3 19299
1625158893158 3 19349
1625158904384 3 19399
1625158915736 3 19449
1625158926943 3 19499
1625158938226 3 19549
1625158949549 3 19599
1625158960979 3 19649
1625158972266 3 19699
1625158983631 3 19749
1625158994917 3 19799
1625159006320 3 19849
1625159017610 3 19899
1625159028944 3 19949
1625159040378 3 19999
1625159051783 3 20049
1625159063163 3 20099
1625159074653 3 20149
1625159086217 3 20199
1625159097924 3 20249
1625159109580 3 20299
1625159121228 3 20349
1625159132916 3 20399
1625159144388 3 20449
1625159156027 3 20499
1625159167585 3 20549
1625159179056 3 20599
1625159190505 3 20649
1625159202040 3 20699
1625159213588 3 20749
1625159224957 3 20799
1625159236389 3 20849
1625159247829 3 20899
1625159259395 3 20949
1625159270914 3 20999
1625159282360 3 21049
1625159293868 3 21099
1625159305608 3 21149
1625159317278 3 21199
1625159328777 3 21249
1625159340338 3 21299
1625159351981 3 21349
1625159363735 3 21399
1625159375330 3 21449
1625159387019 3 21499
1625159398707 3 21549
1625159410298 3 21599
1625159421874 3 21649
1625159433608 3 21699
1625159445255 3 21749
1625159456859 3 21799
1625159468389 3 21849
1625159479923 3 21899
1625159491549 3 21949
1625159503007 3 21999
1625159514382 3 22049
1625159525739 3 22099
1625159537281 3 22149
1625159548692 3 22199
1625159560138 3 22249
1625159571639 3 22299
1625159582967 3 22349
1625159594554 3 22399
1625159605964 3 22449
1625159617417 3 22499
1625159628844 3 22549
1625159640330 3 22599
1625159651894 3 22649
1625159663250 3 22699
1625159674659 3 22749
1625159686133 3 22799
1625159697691 3 22849
1625159709113 3 22899
1625159720614 3 22949
1625159732022 3 22999
1625159743496 3 23049
1625159754977 3 23099
1625159766475 3 23149
1625159777918 3 23199
1625159789318 3 23249
1625159800704 3 23299
1625159812251 3 23349
1625159823821 3 23399
1625159835297 3 23449
1625159846788 3 23499
1625159858353 3 23549
1625159869764 3 23599
1625159881147 3 23649
1625159892741 3 23699
1625159904141 3 23749
1625159915714 3 23799
1625159927154 3 23849
1625159938616 3 23899
1625159949975 3 23949
1625159961391 3 23999
1625159972770 3 24049
1625159984157 3 24099
1625159995642 3 24149
1625160007164 3 24199
1625160018527 3 24249
1625160029912 3 24299
1625160041319 3 24349
1625160052798 3 24399
1625160064200 3 24449
1625160075674 3 24499
1625160087175 3 24549
1625160098594 3 24599
1625160110106 3 24649
1625160121556 3 24699
1625160132909 3 24749
1625160144359 3 24799
1625160155786 3 24849
1625160167317 3 24899
1625160178853 3 24949
1625160192519 3 24999
1625160193519 3 24999
1625160356438 3 24999
1625160376602 4 25049
1625160387769 4 25099
1625160398962 4 25149
1625160410081 4 25199
1625160421177 4 25249
1625160432358 4 25299
1625160443575 4 25349
1625160454810 4 25399
1625160466055 4 25449
1625160477215 4 25499
1625160488433 4 25549
1625160499617 4 25599
1625160510770 4 25649
1625160522025 4 25699
1625160533266 4 25749
1625160544568 4 25799
1625160555907 4 25849
1625160567134 4 25899
1625160578552 4 25949
1625160589838 4 25999
1625160601256 4 26049
1625160612643 4 26099
1625160624000 4 26149
1625160635274 4 26199
1625160646579 4 26249
1625160657857 4 26299
1625160669320 4 26349
1625160680716 4 26399
1625160692323 4 26449
1625160703840 4 26499
1625160715440 4 26549
1625160727229 4 26599
1625160738689 4 26649
1625160750201 4 26699
1625160761630 4 26749
1625160773192 4 26799
1625160784824 4 26849
1625160796300 4 26899
1625160807619 4 26949
1625160819011 4 26999
1625160830414 4 27049
1625160841777 4 27099
1625160853164 4 27149
1625160864580 4 27199
1625160875968 4 27249
1625160887326 4 27299
1625160898553 4 27349
1625160909939 4 27399
1625160921460 4 27449
1625160932836 4 27499
1625160944083 4 27549
1625160955424 4 27599
1625160966828 4 27649
1625160978272 4 27699
1625160989660 4 27749
1625161001197 4 27799
1625161012916 4 27849
1625161024521 4 27899
1625161036115 4 27949
1625161047767 4 27999
1625161059425 4 28049
1625161071080 4 28099
1625161082648 4 28149
1625161094261 4 28199
1625161105920 4 28249
1625161117457 4 28299
1625161129020 4 28349
1625161140730 4 28399
1625161152357 4 28449
1625161163910 4 28499
1625161175420 4 28549
1625161186895 4 28599
1625161198341 4 28649
1625161209854 4 28699
1625161221255 4 28749
1625161232615 4 28799
1625161244007 4 28849
1625161255475 4 28899
1625161266968 4 28949
1625161278409 4 28999
1625161289804 4 29049
1625161301249 4 29099
1625161312624 4 29149
1625161324006 4 29199
1625161335343 4 29249
1625161346766 4 29299
1625161358131 4 29349
1625161369510 4 29399
1625161380849 4 29449
1625161392249 4 29499
1625161403596 4 29549
1625161415004 4 29599
1625161426418 4 29649
1625161437758 4 29699
1625161449033 4 29749
1625161460520 4 29799
1625161471980 4 29849
1625161483360 4 29899
1625161494767 4 29949
1625161506130 4 29999
1625161517453 4 30049
1625161528797 4 30099
1625161540174 4 30149
1625161551490 4 30199
1625161562896 4 30249
1625161574204 4 30299
1625161585511 4 30349
1625161597005 4 30399
1625161608405 4 30449
1625161619829 4 30499
1625161631235 4 30549
1625161642622 4 30599
1625161653910 4 30649
1625161665304 4 30699
1625161676645 4 30749
1625161688172 4 30799
1625161699458 4 30849
1625161710898 4 30899
1625161722351 4 30949
1625161733755 4 30999
1625161745234 4 31049
1625161756613 4 31099
1625161767944 4 31149
1625161779553 4 31199
1625161793325 4 31249
1625161796285 4 31249
1625161957159 4 31249
1625161977284 5 31299
1625161988438 5 31349
1625161999539 5 31399
1625162010721 5 31449
1625162021877 5 31499
1625162033048 5 31549
1625162044099 5 31599
1625162055324 5 31649
1625162066522 5 31699
1625162077723 5 31749
1625162088861 5 31799
1625162100021 5 31849
1625162111150 5 31899
1625162122328 5 31949
1625162133516 5 31999
1625162144666 5 32049
1625162155861 5 32099
1625162167038 5 32149
1625162178249 5 32199
1625162189484 5 32249
1625162200775 5 32299
1625162212073 5 32349
1625162223465 5 32399
1625162234869 5 32449
1625162246236 5 32499
1625162257572 5 32549
1625162268861 5 32599
1625162280479 5 32649
1625162291995 5 32699
1625162303640 5 32749
1625162315364 5 32799
1625162326982 5 32849
1625162338556 5 32899
1625162350178 5 32949
1625162361869 5 32999
1625162373481 5 33049
1625162385148 5 33099
1625162396690 5 33149
1625162408252 5 33199
1625162419763 5 33249
1625162431334 5 33299
1625162442759 5 33349
1625162454172 5 33399
1625162465482 5 33449
1625162476927 5 33499
1625162488295 5 33549
1625162499811 5 33599
1625162511242 5 33649
1625162522737 5 33699
1625162534197 5 33749
1625162545658 5 33799
1625162556999 5 33849
1625162568522 5 33899
1625162579954 5 33949
1625162591270 5 33999
1625162602783 5 34049
1625162614261 5 34099
1625162625715 5 34149
1625162637125 5 34199
1625162648499 5 34249
1625162660055 5 34299
1625162671426 5 34349
1625162682785 5 34399
1625162694253 5 34449
1625162705796 5 34499
1625162717463 5 34549
1625162728949 5 34599
1625162740616 5 34649
1625162752149 5 34699
1625162763817 5 34749
1625162775259 5 34799
1625162786904 5 34849
1625162798486 5 34899
1625162810143 5 34949
1625162821857 5 34999
1625162833435 5 35049
1625162844976 5 35099
1625162856619 5 35149
1625162868172 5 35199
1625162879764 5 35249
1625162891246 5 35299
1625162902656 5 35349
1625162914049 5 35399
1625162925620 5 35449
1625162936958 5 35499
1625162948325 5 35549
1625162959663 5 35599
1625162971012 5 35649
1625162982502 5 35699
1625162993753 5 35749
1625163005160 5 35799
1625163016465 5 35849
1625163027835 5 35899
1625163039311 5 35949
1625163050615 5 35999
1625163062143 5 36049
1625163073509 5 36099
1625163084882 5 36149
1625163096333 5 36199
1625163107749 5 36249
1625163119247 5 36299
1625163130695 5 36349
1625163142161 5 36399
1625163153653 5 36449
1625163165018 5 36499
1625163176500 5 36549
1625163187839 5 36599
1625163199397 5 36649
1625163210896 5 36699
1625163222275 5 36749
1625163233545 5 36799
1625163244927 5 36849
1625163256293 5 36899
1625163267644 5 36949
1625163279118 5 36999
1625163290636 5 37049
1625163301996 5 37099
1625163313508 5 37149
1625163325013 5 37199
1625163336473 5 37249
1625163348010 5 37299
1625163359286 5 37349
1625163370593 5 37399
1625163382155 5 37449
1625163395880 5 37499
1625163396980 5 37499
1625163559241 5 37499
1625163579508 6 37549
1625163590671 6 37599
1625163601918 6 37649
1625163613088 6 37699
1625163624268 6 37749
1625163635359 6 37799
1625163646524 6 37849
1625163657690 6 37899
1625163668853 6 37949
1625163680047 6 37999
1625163691235 6 38049
1625163702448 6 38099
1625163713638 6 38149
1625163724780 6 38199
1625163735931 6 38249
1625163747044 6 38299
1625163758256 6 38349
1625163769452 6 38399
1625163780620 6 38449
1625163791716 6 38499
1625163802930 6 38549
1625163814083 6 38599
1625163825385 6 38649
1625163836662 6 38699
1625163848002 6 38749
1625163859328 6 38799
1625163870667 6 38849
1625163882051 6 38899
1625163893781 6 38949
1625163905480 6 38999
1625163917021 6 39049
1625163928700 6 39099
1625163940297 6 39149
1625163951696 6 39199
1625163963515 6 39249
1625163975070 6 39299
1625163986784 6 39349
1625163998471 6 39399
1625164009983 6 39449
1625164021613 6 39499
1625164033139 6 39549
1625164044753 6 39599
1625164056198 6 39649
1625164067889 6 39699
1625164079485 6 39749
1625164090987 6 39799
1625164102504 6 39849
1625164114013 6 39899
1625164125378 6 39949
1625164136834 6 39999
1625164148411 6 40049
1625164159849 6 40099
1625164171381 6 40149
1625164182860 6 40199
1625164194146 6 40249
1625164205485 6 40299
1625164216811 6 40349
1625164228248 6 40399
1625164239778 6 40449
1625164251087 6 40499
1625164262582 6 40549
1625164273976 6 40599
1625164285458 6 40649
1625164296940 6 40699
1625164308370 6 40749
1625164319811 6 40799
1625164331244 6 40849
1625164342650 6 40899
1625164354000 6 40949
1625164365428 6 40999
1625164376820 6 41049
1625164388352 6 41099
1625164399929 6 41149
1625164411565 6 41199
1625164423064 6 41249
1625164434741 6 41299
1625164446317 6 41349
1625164457947 6 41399
1625164469583 6 41449
1625164481204 6 41499
1625164492800 6 41549
1625164504373 6 41599
1625164515924 6 41649
1625164527486 6 41699
1625164538918 6 41749
1625164550513 6 41799
1625164561928 6 41849
1625164573461 6 41899
1625164585000 6 41949
1625164596301 6 41999
1625164607660 6 42049
1625164619033 6 42099
1625164630537 6 42149
1625164642021 6 42199
1625164653465 6 42249
1625164665004 6 42299
1625164676528 6 42349
1625164687873 6 42399
1625164699373 6 42449
1625164710788 6 42499
1625164722345 6 42549
1625164733806 6 42599
1625164745155 6 42649
1625164756689 6 42699
1625164768073 6 42749
1625164779472 6 42799
1625164790844 6 42849
1625164802226 6 42899
1625164813718 6 42949
1625164825122 6 42999
1625164836552 6 43049
1625164847985 6 43099
1625164859338 6 43149
1625164870802 6 43199
1625164882170 6 43249
1625164893592 6 43299
1625164905024 6 43349
1625164916478 6 43399
1625164927769 6 43449
1625164939085 6 43499
1625164950415 6 43549
1625164961760 6 43599
1625164973210 6 43649
1625164984790 6 43699
1625164998542 6 43749
1625164999565 6 43749
1625165161184 6 43749
1625165181471 7 43799
1625165192699 7 43849
1625165203902 7 43899
1625165215056 7 43949
1625165226224 7 43999
1625165237350 7 44049
1625165248543 7 44099
1625165259670 7 44149
1625165270880 7 44199
1625165282014 7 44249
1625165293179 7 44299
1625165304374 7 44349
1625165315582 7 44399
1625165326865 7 44449
1625165338047 7 44499
1625165349156 7 44549
1625165360331 7 44599
1625165371605 7 44649
1625165382694 7 44699
1625165393875 7 44749
1625165404993 7 44799
1625165416128 7 44849
1625165427351 7 44899
1625165438676 7 44949
1625165449995 7 44999
1625165461275 7 45049
1625165472731 7 45099
1625165484279 7 45149
1625165495782 7 45199
1625165507361 7 45249
1625165518844 7 45299
1625165530462 7 45349
1625165542050 7 45399
1625165553674 7 45449
1625165565327 7 45499
1625165576987 7 45549
1625165588627 7 45599
1625165600165 7 45649
1625165611749 7 45699
1625165623384 7 45749
1625165634963 7 45799
1625165646462 7 45849
1625165657919 7 45899
1625165669392 7 45949
1625165681039 7 45999
1625165692630 7 46049
1625165704223 7 46099
1625165715920 7 46149
1625165727570 7 46199
1625165739112 7 46249
1625165750658 7 46299
1625165762108 7 46349
1625165773680 7 46399
1625165785346 7 46449
1625165796811 7 46499
1625165808269 7 46549
1625165819743 7 46599
1625165831168 7 46649
1625165842622 7 46699
1625165854017 7 46749
1625165865661 7 46799
1625165877059 7 46849
1625165888378 7 46899
1625165899841 7 46949
1625165911271 7 46999
1625165922771 7 47049
1625165934063 7 47099
1625165945502 7 47149
1625165956924 7 47199
1625165968336 7 47249
1625165979775 7 47299
1625165991263 7 47349
1625166002648 7 47399
1625166014049 7 47449
1625166025626 7 47499
1625166036872 7 47549
1625166048248 7 47599
1625166059598 7 47649
1625166071095 7 47699
1625166082552 7 47749
1625166094129 7 47799
1625166105633 7 47849
1625166117228 7 47899
1625166128779 7 47949
1625166140490 7 47999
1625166152086 7 48049
1625166163725 7 48099
1625166175305 7 48149
1625166186947 7 48199
1625166198510 7 48249
1625166210206 7 48299
1625166221747 7 48349
1625166233387 7 48399
1625166244929 7 48449
1625166256499 7 48499
1625166267978 7 48549
1625166279504 7 48599
1625166290854 7 48649
1625166302243 7 48699
1625166313725 7 48749
1625166325203 7 48799
1625166336607 7 48849
1625166348108 7 48899
1625166359642 7 48949
1625166371031 7 48999
1625166382548 7 49049
1625166393954 7 49099
1625166405360 7 49149
1625166416808 7 49199
1625166428370 7 49249
1625166439828 7 49299
1625166451227 7 49349
1625166462568 7 49399
1625166474071 7 49449
1625166485547 7 49499
1625166497165 7 49549
1625166508687 7 49599
1625166520130 7 49649
1625166531690 7 49699
1625166543176 7 49749
1625166554567 7 49799
1625166565946 7 49849
1625166577384 7 49899
1625166588999 7 49949
1625166602774 7 49999
1625166603598 7 49999
1625166766214 7 49999
1625166786449 8 50049
1625166797558 8 50099
1625166808725 8 50149
1625166819924 8 50199
1625166831062 8 50249
1625166842248 8 50299
1625166853456 8 50349
1625166864600 8 50399
1625166875736 8 50449
1625166886865 8 50499
1625166897975 8 50549
1625166909178 8 50599
1625166920341 8 50649
1625166931540 8 50699
1625166942745 8 50749
1625166953910 8 50799
1625166965067 8 50849
1625166976296 8 50899
1625166987473 8 50949
1625166998651 8 50999
1625167009902 8 51049
1625167021041 8 51099
1625167032255 8 51149
1625167043572 8 51199
1625167054743 8 51249
1625167065983 8 51299
1625167077300 8 51349
1625167088757 8 51399
1625167100342 8 51449
1625167111901 8 51499
1625167123449 8 51549
1625167135040 8 51599
1625167146727 8 51649
1625167158368 8 51699
1625167170068 8 51749
1625167181622 8 51799
1625167193145 8 51849
1625167204716 8 51899
1625167216269 8 51949
1625167227738 8 51999
1625167239265 8 52049
1625167250715 8 52099
1625167262310 8 52149
1625167273711 8 52199
1625167285231 8 52249
1625167296666 8 52299
1625167308307 8 52349
1625167319863 8 52399
1625167331458 8 52449
1625167342902 8 52499
1625167354473 8 52549
1625167365990 8 52599
1625167377597 8 52649
1625167389183 8 52699
1625167400741 8 52749
1625167412271 8 52799
1625167423637 8 52849
1625167435060 8 52899
1625167446624 8 52949
1625167458009 8 52999
1625167469577 8 53049
1625167481032 8 53099
1625167492364 8 53149
1625167503860 8 53199
1625167515281 8 53249
1625167526870 8 53299
1625167538228 8 53349
1625167549555 8 53399
1625167560986 8 53449
1625167572490 8 53499
1625167583861 8 53549
1625167595322 8 53599
1625167606689 8 53649
1625167618181 8 53699
1625167629597 8 53749
1625167640947 8 53799
1625167652398 8 53849
1625167663873 8 53899
1625167675303 8 53949
1625167686677 8 53999
1625167698169 8 54049
1625167709564 8 54099
1625167721055 8 54149
1625167732487 8 54199
1625167743929 8 54249
1625167755274 8 54299
1625167766641 8 54349
1625167778194 8 54399
1625167789726 8 54449
1625167801297 8 54499
1625167813106 8 54549
1625167824691 8 54599
1625167836162 8 54649
1625167847849 8 54699
1625167859377 8 54749
1625167871006 8 54799
1625167882618 8 54849
1625167894169 8 54899
1625167905781 8 54949
1625167917442 8 54999
1625167929125 8 55049
1625167940694 8 55099
1625167952247 8 55149
1625167963806 8 55199
1625167975301 8 55249
1625167986809 8 55299
1625167998125 8 55349
1625168009548 8 55399
1625168020887 8 55449
1625168032249 8 55499
1625168043750 8 55549
1625168055136 8 55599
1625168066393 8 55649
1625168077706 8 55699
1625168089100 8 55749
1625168100647 8 55799
1625168112067 8 55849
1625168123595 8 55899
1625168134996 8 55949
1625168146432 8 55999
1625168157909 8 56049
1625168169460 8 56099
1625168180995 8 56149
1625168192637 8 56199
1625168206426 8 56249
1625168208133 8 56249
1625168369330 8 56249
1625168389425 9 56299
1625168400589 9 56349
1625168411790 9 56399
1625168423038 9 56449
1625168434153 9 56499
1625168445287 9 56549
1625168456428 9 56599
1625168467642 9 56649
1625168478806 9 56699
1625168489979 9 56749
1625168501152 9 56799
1625168512411 9 56849
1625168523560 9 56899
1625168534732 9 56949
1625168545906 9 56999
1625168557080 9 57049
1625168568278 9 57099
1625168579509 9 57149
1625168590777 9 57199
1625168601981 9 57249
1625168613137 9 57299
1625168624313 9 57349
1625168635503 9 57399
1625168646682 9 57449
1625168657803 9 57499
1625168668990 9 57549
1625168680153 9 57599
1625168691673 9 57649
1625168703287 9 57699
1625168714893 9 57749
1625168726595 9 57799
1625168738301 9 57849
1625168749855 9 57899
1625168761333 9 57949
1625168773065 9 57999
1625168784715 9 58049
1625168796341 9 58099
1625168807927 9 58149
1625168819689 9 58199
1625168831357 9 58249
1625168843003 9 58299
1625168854642 9 58349
1625168866023 9 58399
1625168877664 9 58449
1625168889100 9 58499
1625168900668 9 58549
1625168912195 9 58599
1625168923720 9 58649
1625168935186 9 58699
1625168946699 9 58749
1625168958131 9 58799
1625168969397 9 58849
1625168981024 9 58899
1625168992513 9 58949
1625169004099 9 58999
1625169015725 9 59049
1625169027322 9 59099
1625169038894 9 59149
1625169050419 9 59199
1625169062048 9 59249
1625169073605 9 59299
1625169085219 9 59349
1625169096807 9 59399
1625169108273 9 59449
1625169119812 9 59499
1625169131519 9 59549
1625169143042 9 59599
1625169154417 9 59649
1625169165863 9 59699
1625169177238 9 59749
1625169188649 9 59799
1625169200117 9 59849
1625169211566 9 59899
1625169223029 9 59949
1625169234508 9 59999
1625169245912 9 60049
1625169257350 9 60099
1625169268808 9 60149
1625169280214 9 60199
1625169291547 9 60249
1625169302947 9 60299
1625169314393 9 60349
1625169325863 9 60399
1625169337361 9 60449
1625169348773 9 60499
1625169360117 9 60549
1625169371535 9 60599
1625169382828 9 60649
1625169394300 9 60699
1625169405761 9 60749
1625169417180 9 60799
1625169428625 9 60849
1625169440087 9 60899
1625169451476 9 60949
1625169462898 9 60999
1625169474509 9 61049
1625169486093 9 61099
1625169497611 9 61149
1625169509340 9 61199
1625169520879 9 61249
1625169532509 9 61299
1625169544161 9 61349
1625169555882 9 61399
1625169567512 9 61449
1625169579130 9 61499
1625169590889 9 61549
1625169602422 9 61599
1625169613952 9 61649
1625169625677 9 61699
1625169637163 9 61749
1625169648666 9 61799
1625169660293 9 61849
1625169671889 9 61899
1625169683431 9 61949
1625169694900 9 61999
1625169706394 9 62049
1625169717784 9 62099
1625169729151 9 62149
1625169740595 9 62199
1625169752958 9 62249
1625169764561 9 62299
1625169775963 9 62349
1625169787402 9 62399
1625169799018 9 62449
1625169812807 9 62499
1625169813631 9 62499
1625169973686 9 62499
1625169993748 10 62549
1625170004927 10 62599
1625170016051 10 62649
1625170027177 10 62699
1625170038297 10 62749
1625170049462 10 62799
1625170060549 10 62849
1625170071709 10 62899
1625170082890 10 62949
1625170094113 10 62999
1625170105195 10 63049
1625170116405 10 63099
1625170127596 10 63149
1625170138819 10 63199
1625170150008 10 63249
1625170161245 10 63299
1625170172550 10 63349
1625170183714 10 63399
1625170195045 10 63449
1625170206238 10 63499
1625170217504 10 63549
1625170228699 10 63599
1625170239772 10 63649
1625170251005 10 63699
1625170262197 10 63749
1625170273429 10 63799
1625170284573 10 63849
1625170295922 10 63899
1625170307529 10 63949
1625170318926 10 63999
1625170330443 10 64049
1625170342158 10 64099
1625170353713 10 64149
1625170365320 10 64199
1625170377019 10 64249
1625170388681 10 64299
1625170400270 10 64349
1625170412006 10 64399
1625170423511 10 64449
1625170435136 10 64499
1625170446816 10 64549
1625170458419 10 64599
1625170470005 10 64649
1625170481606 10 64699
1625170493202 10 64749
1625170504680 10 64799
1625170516065 10 64849
1625170527546 10 64899
1625170539110 10 64949
1625170550600 10 64999
1625170562044 10 65049
1625170573344 10 65099
1625170584819 10 65149
1625170596398 10 65199
1625170607774 10 65249
1625170619273 10 65299
1625170630629 10 65349
1625170642058 10 65399
1625170653506 10 65449
1625170665026 10 65499
1625170676655 10 65549
1625170688301 10 65599
1625170699962 10 65649
1625170711613 10 65699
1625170723210 10 65749
1625170734854 10 65799
1625170746482 10 65849
1625170758047 10 65899
1625170769596 10 65949
1625170781123 10 65999
1625170792723 10 66049
1625170804277 10 66099
1625170815763 10 66149
1625170827227 10 66199
1625170838672 10 66249
1625170850095 10 66299
1625170861559 10 66349
1625170872933 10 66399
1625170884489 10 66449
1625170895887 10 66499
1625170907323 10 66549
1625170918796 10 66599
1625170930275 10 66649
1625170941705 10 66699
1625170953174 10 66749
1625170964690 10 66799
1625170976127 10 66849
1625170987512 10 66899
1625170998953 10 66949
1625171010401 10 66999
1625171021801 10 67049
1625171033320 10 67099
1625171044757 10 67149
1625171056325 10 67199
1625171067714 10 67249
1625171079200 10 67299
1625171090814 10 67349
1625171102130 10 67399
1625171113576 10 67449
1625171125023 10 67499
1625171136463 10 67549
1625171147935 10 67599
1625171159439 10 67649
1625171170967 10 67699
1625171182521 10 67749
1625171194215 10 67799
1625171205718 10 67849
1625171217461 10 67899
1625171229173 10 67949
1625171240840 10 67999
1625171252457 10 68049
1625171264115 10 68099
1625171275625 10 68149
1625171287387 10 68199
1625171298965 10 68249
1625171310600 10 68299
1625171322199 10 68349
1625171333854 10 68399
1625171345538 10 68449
1625171357198 10 68499
1625171368874 10 68549
1625171380344 10 68599
1625171391881 10 68649
1625171403648 10 68699
1625171417406 10 68749
1625171418678 10 68749
1625171586993 10 68749
1625171607460 11 68799
1625171618621 11 68849
1625171629842 11 68899
1625171641126 11 68949
1625171652296 11 68999
1625171663577 11 69049
1625171674800 11 69099
1625171686050 11 69149
1625171697268 11 69199
1625171708520 11 69249
1625171719718 11 69299
1625171730962 11 69349
1625171742243 11 69399
1625171753437 11 69449
1625171765136 11 69499
1625171776376 11 69549
1625171787623 11 69599
1625171798956 11 69649
1625171810186 11 69699
1625171821322 11 69749
1625171832660 11 69799
1625171843898 11 69849
1625171855186 11 69899
1625171866448 11 69949
1625171877702 11 69999
1625171888964 11 70049
1625171900205 11 70099
1625171911594 11 70149
1625171922995 11 70199
1625171934598 11 70249
1625171946173 11 70299
1625171957770 11 70349
1625171969326 11 70399
1625171981136 11 70449
1625171992790 11 70499
1625172004422 11 70549
1625172016083 11 70599
1625172027830 11 70649
1625172039442 11 70699
1625172051182 11 70749
1625172062844 11 70799
1625172074463 11 70849
1625172086010 11 70899
1625172097622 11 70949
1625172109138 11 70999
1625172120849 11 71049
1625172132319 11 71099
1625172144008 11 71149
1625172155667 11 71199
1625172167195 11 71249
1625172178922 11 71299
1625172190442 11 71349
1625172201806 11 71399
1625172213411 11 71449
1625172224979 11 71499
1625172236467 11 71549
1625172247920 11 71599
1625172259386 11 71649
1625172270955 11 71699
1625172282412 11 71749
1625172294032 11 71799
1625172305595 11 71849
1625172317029 11 71899
1625172328507 11 71949
1625172339961 11 71999
1625172351566 11 72049
1625172363169 11 72099
1625172374778 11 72149
1625172386371 11 72199
1625172397897 11 72249
1625172409439 11 72299
1625172420966 11 72349
1625172432591 11 72399
1625172444149 11 72449
1625172455673 11 72499
1625172467444 11 72549
1625172479110 11 72599
1625172490715 11 72649
1625172502148 11 72699
1625172513644 11 72749
1625172525239 11 72799
1625172536783 11 72849
1625172548217 11 72899
1625172559683 11 72949
1625172571086 11 72999
1625172582569 11 73049
1625172594072 11 73099
1625172605615 11 73149
1625172617198 11 73199
1625172628689 11 73249
1625172640237 11 73299
1625172651817 11 73349
1625172663369 11 73399
1625172674784 11 73449
1625172686213 11 73499
1625172697728 11 73549
1625172709193 11 73599
1625172720716 11 73649
1625172732229 11 73699
1625172743568 11 73749
1625172755161 11 73799
1625172766759 11 73849
1625172778218 11 73899
1625172789711 11 73949
1625172801109 11 73999
1625172812565 11 74049
1625172824220 11 74099
1625172835726 11 74149
1625172847237 11 74199
1625172858704 11 74249
1625172870252 11 74299
1625172881586 11 74349
1625172893040 11 74399
1625172904752 11 74449
1625172916315 11 74499
1625172927932 11 74549
1625172939625 11 74599
1625172951290 11 74649
1625172963069 11 74699
1625172974800 11 74749
1625172986451 11 74799
1625172998264 11 74849
1625173009837 11 74899
1625173021745 11 74949
1625173035603 11 74999
1625173036719 11 74999
1625173213921 11 74999
1625173234382 12 75049
1625173245589 12 75099
1625173256829 12 75149
1625173268066 12 75199
1625173279280 12 75249
1625173290414 12 75299
1625173301639 12 75349
1625173312868 12 75399
1625173324098 12 75449
1625173335306 12 75499
1625173346545 12 75549
1625173357784 12 75599
1625173369014 12 75649
1625173380146 12 75699
1625173391362 12 75749
1625173402540 12 75799
1625173413875 12 75849
1625173425126 12 75899
1625173436343 12 75949
1625173447574 12 75999
1625173458841 12 76049
1625173470049 12 76099
1625173481246 12 76149
1625173492524 12 76199
1625173503794 12 76249
1625173515021 12 76299
1625173526213 12 76349
1625173537546 12 76399
1625173549214 12 76449
1625173560789 12 76499
1625173572423 12 76549
1625173584097 12 76599
1625173595590 12 76649
1625173607239 12 76699
1625173618771 12 76749
1625173630494 12 76799
1625173642120 12 76849
1625173653858 12 76899
1625173665438 12 76949
1625173677089 12 76999
1625173688764 12 77049
1625173700349 12 77099
1625173712079 12 77149
1625173723726 12 77199
1625173735195 12 77249
1625173746869 12 77299
1625173758406 12 77349
1625173770032 12 77399
1625173781540 12 77449
1625173793160 12 77499
1625173804586 12 77549
1625173816378 12 77599
1625173827961 12 77649
1625173839500 12 77699
1625173850992 12 77749
1625173862510 12 77799
1625173873918 12 77849
1625173885435 12 77899
1625173896978 12 77949
1625173908423 12 77999
1625173919913 12 78049
1625173931362 12 78099
1625173942869 12 78149
1625173954531 12 78199
1625173966120 12 78249
1625173977546 12 78299
1625173988966 12 78349
1625174000639 12 78399
1625174012260 12 78449
1625174023620 12 78499
1625174035021 12 78549
1625174046578 12 78599
1625174058174 12 78649
1625174069848 12 78699
1625174081384 12 78749
1625174092890 12 78799
1625174104629 12 78849
1625174116237 12 78899
1625174127853 12 78949
1625174139352 12 78999
1625174151116 12 79049
1625174162738 12 79099
1625174174359 12 79149
1625174185950 12 79199
1625174197516 12 79249
1625174208889 12 79299
1625174220358 12 79349
1625174231790 12 79399
1625174243300 12 79449
1625174254796 12 79499
1625174266350 12 79549
1625174277801 12 79599
1625174289357 12 79649
1625174300728 12 79699
1625174312169 12 79749
1625174323740 12 79799
1625174335284 12 79849
1625174347003 12 79899
1625174358595 12 79949
1625174370080 12 79999
1625174381445 12 80049
1625174392913 12 80099
1625174404403 12 80149
1625174416065 12 80199
1625174427485 12 80249
1625174439056 12 80299
1625174450598 12 80349
1625174462101 12 80399
1625174473579 12 80449
1625174485181 12 80499
1625174496772 12 80549
1625174508187 12 80599
1625174519623 12 80649
1625174531135 12 80699
1625174542638 12 80749
1625174554034 12 80799
1625174565501 12 80849
1625174576889 12 80899
1625174588487 12 80949
1625174600002 12 80999
1625174611502 12 81049
1625174623035 12 81099
1625174634773 12 81149
1625174646624 12 81199
1625174660555 12 81249
1625174664115 12 81249
1625174867187 12 81249
1625174887559 13 81299
1625174898747 13 81349
1625174909987 13 81399
1625174921180 13 81449
1625174932360 13 81499
1625174943547 13 81549
1625174954698 13 81599
1625174965887 13 81649
1625174977079 13 81699
1625174988235 13 81749
1625174999344 13 81799
1625175010456 13 81849
1625175021691 13 81899
1625175032825 13 81949
1625175043999 13 81999
1625175055210 13 82049
1625175066410 13 82099
1625175077607 13 82149
1625175088785 13 82199
1625175099952 13 82249
1625175111204 13 82299
1625175122377 13 82349
1625175133541 13 82399
1625175144640 13 82449
1625175155821 13 82499
1625175167097 13 82549
1625175178231 13 82599
1625175189750 13 82649
1625175201324 13 82699
1625175212921 13 82749
1625175224427 13 82799
1625175235917 13 82849
1625175247585 13 82899
1625175259161 13 82949
1625175270692 13 82999
1625175282285 13 83049
1625175294011 13 83099
1625175305592 13 83149
1625175317216 13 83199
1625175328948 13 83249
1625175340487 13 83299
1625175351974 13 83349
1625175363728 13 83399
1625175375348 13 83449
1625175386760 13 83499
1625175398276 13 83549
1625175409877 13 83599
1625175421562 13 83649
1625175433045 13 83699
1625175444496 13 83749
1625175456133 13 83799
1625175467489 13 83849
1625175478944 13 83899
1625175490338 13 83949
1625175501739 13 83999
1625175513119 13 84049
1625175524628 13 84099
1625175536038 13 84149
1625175547636 13 84199
1625175558995 13 84249
1625175570277 13 84299
1625175581622 13 84349
1625175592982 13 84399
1625175604478 13 84449
1625175615925 13 84499
1625175627352 13 84549
1625175638769 13 84599
1625175650190 13 84649
1625175661734 13 84699
1625175673345 13 84749
1625175684832 13 84799
1625175696212 13 84849
1625175707548 13 84899
1625175719028 13 84949
1625175730511 13 84999
1625175741984 13 85049
1625175753742 13 85099
1625175765382 13 85149
1625175776833 13 85199
1625175788339 13 85249
1625175799985 13 85299
1625175811574 13 85349
1625175823192 13 85399
1625175834693 13 85449
1625175846147 13 85499
1625175857724 13 85549
1625175869292 13 85599
1625175880828 13 85649
1625175892104 13 85699
1625175903591 13 85749
1625175915074 13 85799
1625175926477 13 85849
1625175937886 13 85899
1625175949366 13 85949
1625175960905 13 85999
1625175972534 13 86049
1625175983912 13 86099
1625175995385 13 86149
1625176006937 13 86199
1625176018324 13 86249
1625176029804 13 86299
1625176041152 13 86349
1625176052490 13 86399
1625176064045 13 86449
1625176075466 13 86499
1625176087000 13 86549
1625176098386 13 86599
1625176109693 13 86649
1625176121117 13 86699
1625176132609 13 86749
1625176144096 13 86799
1625176155462 13 86849
1625176166924 13 86899
1625176178387 13 86949
1625176189711 13 86999
1625176201011 13 87049
1625176212440 13 87099
1625176223865 13 87149
1625176236443 13 87199
1625176247782 13 87249
1625176259376 13 87299
1625176270742 13 87349
1625176282209 13 87399
1625176293858 13 87449
1625176307733 13 87499
1625176308786 13 87499
1625176503600 13 87499
1625176524372 14 87549
1625176535663 14 87599
1625176546861 14 87649
1625176558048 14 87699
1625176569193 14 87749
1625176580387 14 87799
1625176591562 14 87849
1625176602658 14 87899
1625176613841 14 87949
1625176625025 14 87999
1625176636179 14 88049
1625176647352 14 88099
1625176658502 14 88149
1625176669657 14 88199
1625176680734 14 88249
1625176691885 14 88299
1625176703139 14 88349
1625176714349 14 88399
1625176725536 14 88449
1625176736689 14 88499
1625176747850 14 88549
1625176759100 14 88599
1625176770348 14 88649
1625176781488 14 88699
1625176792804 14 88749
1625176804067 14 88799
1625176815485 14 88849
1625176826874 14 88899
1625176838533 14 88949
1625176850099 14 88999
1625176861717 14 89049
1625176873331 14 89099
1625176884814 14 89149
1625176896307 14 89199
1625176908043 14 89249
1625176919719 14 89299
1625176931297 14 89349
1625176942987 14 89399
1625176954732 14 89449
1625176966434 14 89499
1625176978077 14 89549
1625176989739 14 89599
1625177001385 14 89649
1625177012914 14 89699
1625177024500 14 89749
1625177036011 14 89799
1625177047611 14 89849
1625177059199 14 89899
1625177070917 14 89949
1625177082433 14 89999
1625177093857 14 90049
1625177105454 14 90099
1625177116958 14 90149
1625177128347 14 90199
1625177139765 14 90249
1625177151324 14 90299
1625177162758 14 90349
1625177174271 14 90399
1625177185688 14 90449
1625177197174 14 90499
1625177208770 14 90549
1625177220169 14 90599
1625177231712 14 90649
1625177243256 14 90699
1625177254704 14 90749
1625177266181 14 90799
1625177277603 14 90849
1625177289072 14 90899
1625177300620 14 90949
1625177312108 14 90999
1625177323607 14 91049
1625177335170 14 91099
1625177346701 14 91149
1625177358106 14 91199
1625177369729 14 91249
1625177381228 14 91299
1625177392629 14 91349
1625177404169 14 91399
1625177415692 14 91449
1625177427173 14 91499
1625177438767 14 91549
1625177450345 14 91599
1625177461844 14 91649
1625177473417 14 91699
1625177484900 14 91749
1625177496635 14 91799
1625177508206 14 91849
1625177519813 14 91899
1625177531309 14 91949
1625177542820 14 91999
1625177554582 14 92049
1625177566044 14 92099
1625177577582 14 92149
1625177589087 14 92199
1625177600614 14 92249
1625177612045 14 92299
1625177623412 14 92349
1625177634725 14 92399
1625177646253 14 92449
1625177657743 14 92499
1625177669325 14 92549
1625177680792 14 92599
1625177692271 14 92649
1625177703806 14 92699
1625177715240 14 92749
1625177726724 14 92799
1625177738166 14 92849
1625177749726 14 92899
1625177761289 14 92949
1625177772684 14 92999
1625177784294 14 93049
1625177795909 14 93099
1625177807463 14 93149
1625177819028 14 93199
1625177830532 14 93249
1625177842079 14 93299
1625177853593 14 93349
1625177865142 14 93399
1625177876645 14 93449
1625177888062 14 93499
1625177899505 14 93549
1625177911040 14 93599
1625177922461 14 93649
1625177934116 14 93699
1625177947905 14 93749
1625177948769 14 93749
1625178137995 14 93749
1625178159920 15 93799
1625178171242 15 93849
1625178182564 15 93899
1625178193928 15 93949
1625178205205 15 93999
1625178216553 15 94049
1625178227870 15 94099
1625178239301 15 94149
1625178250674 15 94199
1625178262015 15 94249
1625178273320 15 94299
1625178284421 15 94349
1625178295615 15 94399
1625178306783 15 94449
1625178317967 15 94499
1625178329277 15 94549
1625178340551 15 94599
1625178351768 15 94649
1625178362941 15 94699
1625178374153 15 94749
1625178385407 15 94799
1625178396587 15 94849
1625178407765 15 94899
1625178419100 15 94949
1625178430411 15 94999
1625178441723 15 95049
1625178453029 15 95099
1625178464664 15 95149
1625178476298 15 95199
1625178487913 15 95249
1625178499626 15 95299
1625178511219 15 95349
1625178522738 15 95399
1625178534396 15 95449
1625178546008 15 95499
1625178557657 15 95549
1625178569382 15 95599
1625178580951 15 95649
1625178592461 15 95699
1625178604229 15 95749
1625178615865 15 95799
1625178627532 15 95849
1625178639133 15 95899
1625178650705 15 95949
1625178662515 15 95999
1625178674182 15 96049
1625178685819 15 96099
1625178697394 15 96149
1625178708984 15 96199
1625178720595 15 96249
1625178731997 15 96299
1625178743567 15 96349
1625178755136 15 96399
1625178766636 15 96449
1625178778100 15 96499
1625178789682 15 96549
1625178801053 15 96599
1625178812527 15 96649
1625178823835 15 96699
1625178835324 15 96749
1625178846822 15 96799
1625178858314 15 96849
1625178869733 15 96899
1625178881276 15 96949
1625178892754 15 96999
1625178904288 15 97049
1625178915733 15 97099
1625178927191 15 97149
1625178938697 15 97199
1625178950192 15 97249
1625178961701 15 97299
1625178973142 15 97349
1625178984610 15 97399
1625178996101 15 97449
1625179007549 15 97499
1625179019040 15 97549
1625179030631 15 97599
1625179042192 15 97649
1625179053734 15 97699
1625179065375 15 97749
1625179076848 15 97799
1625179088341 15 97849
1625179099927 15 97899
1625179111567 15 97949
1625179122998 15 97999
1625179134528 15 98049
1625179146141 15 98099
1625179157648 15 98149
1625179169157 15 98199
1625179180698 15 98249
1625179192466 15 98299
1625179203997 15 98349
1625179215483 15 98399
1625179227032 15 98449
1625179238552 15 98499
1625179250199 15 98549
1625179261724 15 98599
1625179273370 15 98649
1625179284797 15 98699
1625179296293 15 98749
1625179307724 15 98799
1625179319209 15 98849
1625179330755 15 98899
1625179342242 15 98949
1625179353730 15 98999
1625179365233 15 99049
1625179376773 15 99099
1625179388435 15 99149
1625179399834 15 99199
1625179411342 15 99249
1625179422917 15 99299
1625179434368 15 99349
1625179445810 15 99399
1625179457447 15 99449
1625179468838 15 99499
1625179480521 15 99549
1625179491936 15 99599
1625179503801 15 99649
1625179515525 15 99699
1625179526916 15 99749
1625179538402 15 99799
1625179549943 15 99849
1625179561483 15 99899
1625179573317 15 99949
1625179587112 15 99999
1625179587948 15 99999
1625179757394 15 99999
1625179778070 16 100049
1625179789454 16 100099
1625179800774 16 100149
1625179812136 16 100199
1625179823463 16 100249
1625179834761 16 100299
1625179846104 16 100349
1625179857407 16 100399
1625179868946 16 100449
1625179880203 16 100499
1625179891605 16 100549
1625179902897 16 100599
1625179914176 16 100649
1625179925567 16 100699
1625179936856 16 100749
1625179948154 16 100799
1625179959330 16 100849
1625179970621 16 100899
1625179982073 16 100949
1625179993427 16 100999
1625180004635 16 101049
1625180015866 16 101099
1625180027295 16 101149
1625180038676 16 101199
1625180049951 16 101249
1625180061311 16 101299
1625180072643 16 101349
1625180084122 16 101399
1625180095730 16 101449
1625180107318 16 101499
1625180118826 16 101549
1625180130441 16 101599
1625180142238 16 101649
1625180153944 16 101699
1625180165648 16 101749
1625180177297 16 101799
1625180188831 16 101849
1625180200394 16 101899
1625180211933 16 101949
1625180223670 16 101999
1625180235324 16 102049
1625180246959 16 102099
1625180258560 16 102149
1625180270052 16 102199
1625180281815 16 102249
1625180293560 16 102299
1625180305239 16 102349
1625180316887 16 102399
1625180328356 16 102449
1625180339983 16 102499
1625180351724 16 102549
1625180363123 16 102599
1625180374745 16 102649
1625180386354 16 102699
1625180397872 16 102749
1625180409413 16 102799
1625180420883 16 102849
1625180432413 16 102899
1625180443916 16 102949
1625180455391 16 102999
1625180466863 16 103049
1625180478445 16 103099
1625180489885 16 103149
1625180501422 16 103199
1625180513021 16 103249
1625180524464 16 103299
1625180535953 16 103349
1625180547543 16 103399
1625180559227 16 103449
1625180570834 16 103499
1625180582304 16 103549
1625180593899 16 103599
1625180605442 16 103649
1625180616975 16 103699
1625180628322 16 103749
1625180639886 16 103799
1625180651251 16 103849
1625180662789 16 103899
1625180674303 16 103949
1625180685785 16 103999
1625180697350 16 104049
1625180709054 16 104099
1625180720434 16 104149
1625180731891 16 104199
1625180743346 16 104249
1625180754816 16 104299
1625180766436 16 104349
1625180777966 16 104399
1625180789483 16 104449
1625180800904 16 104499
1625180812465 16 104549
1625180824033 16 104599
1625180835695 16 104649
1625180847333 16 104699
1625180858825 16 104749
1625180870577 16 104799
1625180882178 16 104849
1625180893703 16 104899
1625180905290 16 104949
1625180916710 16 104999
1625180928293 16 105049
1625180939911 16 105099
1625180951568 16 105149
1625180963082 16 105199
1625180974424 16 105249
1625180985930 16 105299
1625180997392 16 105349
1625181008863 16 105399
1625181020385 16 105449
1625181031920 16 105499
1625181043400 16 105549
1625181054964 16 105599
1625181066462 16 105649
1625181077974 16 105699
1625181089444 16 105749
1625181100869 16 105799
1625181112290 16 105849
1625181123902 16 105899
1625181135372 16 105949
1625181146968 16 105999
1625181158498 16 106049
1625181169859 16 106099
1625181181483 16 106149
1625181193154 16 106199
1625181207010 16 106249
1625181208389 16 106249
1625181383873 16 106249
1625181408015 17 106299
1625181419205 17 106349
1625181430450 17 106399
1625181441665 17 106449
1625181452823 17 106499
1625181464082 17 106549
1625181475216 17 106599
1625181486538 17 106649
1625181497789 17 106699
1625181509235 17 106749
1625181520566 17 106799
1625181531925 17 106849
1625181543219 17 106899
1625181554589 17 106949
1625181565942 17 106999
1625181577311 17 107049
1625181588757 17 107099
1625181600096 17 107149
1625181611446 17 107199
1625181622830 17 107249
1625181634176 17 107299
1625181645582 17 107349
1625181656954 17 107399
1625181668405 17 107449
1625181679760 17 107499
1625181691284 17 107549
1625181702858 17 107599
1625181714482 17 107649
1625181726146 17 107699
1625181737830 17 107749
1625181749522 17 107799
1625181761119 17 107849
1625181772710 17 107899
1625181784407 17 107949
1625181795958 17 107999
1625181807654 17 108049
1625181819280 17 108099
1625181830856 17 108149
1625181842519 17 108199
1625181854051 17 108249
1625181865779 17 108299
1625181877400 17 108349
1625181889030 17 108399
1625181900534 17 108449
1625181912187 17 108499
1625181923739 17 108549
1625181935273 17 108599
1625181946914 17 108649
1625181958539 17 108699
1625181970082 17 108749
1625181981715 17 108799
1625181993489 17 108849
1625182004967 17 108899
1625182016529 17 108949
1625182028034 17 108999
1625182039512 17 109049
1625182051030 17 109099
1625182062594 17 109149
1625182074135 17 109199
1625182085698 17 109249
1625182097299 17 109299
1625182108781 17 109349
1625182120229 17 109399
1625182131755 17 109449
1625182143160 17 109499
1625182154655 17 109549
1625182166214 17 109599
1625182177711 17 109649
1625182189125 17 109699
1625182200735 17 109749
1625182212235 17 109799
1625182223651 17 109849
1625182235122 17 109899
1625182246672 17 109949
1625182258191 17 109999
1625182269648 17 110049
1625182281119 17 110099
1625182292643 17 110149
1625182304104 17 110199
1625182315685 17 110249
1625182327162 17 110299
1625182338633 17 110349
1625182350150 17 110399
1625182361750 17 110449
1625182373271 17 110499
1625182384742 17 110549
1625182396394 17 110599
1625182407922 17 110649
1625182419543 17 110699
1625182431004 17 110749
1625182442541 17 110799
1625182454092 17 110849
1625182465403 17 110899
1625182476894 17 110949
1625182488429 17 110999
1625182500014 17 111049
1625182511738 17 111099
1625182523374 17 111149
1625182534882 17 111199
1625182546626 17 111249
1625182558246 17 111299
1625182569834 17 111349
1625182581436 17 111399
1625182592953 17 111449
1625182604476 17 111499
1625182616159 17 111549
1625182627742 17 111599
1625182639296 17 111649
1625182650963 17 111699
1625182662614 17 111749
1625182674241 17 111799
1625182685782 17 111849
1625182697261 17 111899
1625182708713 17 111949
1625182720249 17 111999
1625182731605 17 112049
1625182742996 17 112099
1625182754467 17 112149
1625182765907 17 112199
1625182777507 17 112249
1625182788881 17 112299
1625182800413 17 112349
1625182811812 17 112399
1625182823652 17 112449
1625182837545 17 112499
1625182838374 17 112499
1625183010805 17 112499
1625183031564 18 112549
1625183042782 18 112599
1625183053939 18 112649
1625183065151 18 112699
1625183076391 18 112749
1625183087639 18 112799
1625183098810 18 112849
1625183109980 18 112899
1625183121184 18 112949
1625183132538 18 112999
1625183143839 18 113049
1625183155039 18 113099
1625183166264 18 113149
1625183177462 18 113199
1625183188685 18 113249
1625183199942 18 113299
1625183211324 18 113349
1625183222700 18 113399
1625183233993 18 113449
1625183245245 18 113499
1625183256666 18 113549
1625183267942 18 113599
1625183279278 18 113649
1625183290585 18 113699
1625183301951 18 113749
1625183313343 18 113799
1625183324874 18 113849
1625183336347 18 113899
1625183347922 18 113949
1625183359670 18 113999
1625183371369 18 114049
1625183382944 18 114099
1625183394605 18 114149
1625183406206 18 114199
1625183417974 18 114249
1625183429657 18 114299
1625183441201 18 114349
1625183452892 18 114399
1625183464339 18 114449
1625183476104 18 114499
1625183487666 18 114549
1625183499318 18 114599
1625183510817 18 114649
1625183522396 18 114699
1625183534025 18 114749
1625183545876 18 114799
1625183557438 18 114849
1625183569091 18 114899
1625183580566 18 114949
1625183592249 18 114999
1625183603918 18 115049
1625183615658 18 115099
1625183627235 18 115149
1625183638659 18 115199
1625183650158 18 115249
1625183661690 18 115299
1625183673138 18 115349
1625183684789 18 115399
1625183696224 18 115449
1625183707789 18 115499
1625183719337 18 115549
1625183730883 18 115599
1625183742437 18 115649
1625183753969 18 115699
1625183765440 18 115749
1625183776936 18 115799
1625183788422 18 115849
1625183800020 18 115899
1625183811548 18 115949
1625183822960 18 115999
1625183834564 18 116049
1625183845970 18 116099
1625183857510 18 116149
1625183868939 18 116199
1625183880437 18 116249
1625183892188 18 116299
1625183903644 18 116349
1625183915116 18 116399
1625183926531 18 116449
1625183938132 18 116499
1625183949614 18 116549
1625183961133 18 116599
1625183972588 18 116649
1625183984122 18 116699
1625183995653 18 116749
1625184007125 18 116799
1625184018614 18 116849
1625184030193 18 116899
1625184041645 18 116949
1625184053077 18 116999
1625184064557 18 117049
1625184076050 18 117099
1625184087455 18 117149
1625184098917 18 117199
1625184110445 18 117249
1625184122024 18 117299
1625184133505 18 117349
1625184144901 18 117399
1625184156435 18 117449
1625184167827 18 117499
1625184179284 18 117549
1625184190645 18 117599
1625184202211 18 117649
1625184213651 18 117699
1625184225167 18 117749
1625184236761 18 117799
1625184248389 18 117849
1625184259930 18 117899
1625184271565 18 117949
1625184283235 18 117999
1625184294936 18 118049
1625184308143 18 118099
1625184319487 18 118149
1625184331106 18 118199
1625184342813 18 118249
1625184354426 18 118299
1625184366033 18 118349
1625184377571 18 118399
1625184389076 18 118449
1625184400497 18 118499
1625184412033 18 118549
1625184423506 18 118599
1625184435065 18 118649
1625184446810 18 118699
1625184460639 18 118749
1625184461479 18 118749
1625184631921 18 118749
1625184652037 19 118799
1625184663177 19 118849
1625184674388 19 118899
1625184685712 19 118949
1625184697015 19 118999
1625184708236 19 119049
1625184719594 19 119099
1625184730830 19 119149
1625184742117 19 119199
1625184753336 19 119249
1625184764550 19 119299
1625184775743 19 119349
1625184787037 19 119399
1625184798378 19 119449
1625184809567 19 119499
1625184820826 19 119549
1625184832200 19 119599
1625184843416 19 119649
1625184854640 19 119699
1625184865890 19 119749
1625184877183 19 119799
1625184888457 19 119849
1625184899721 19 119899
1625184910861 19 119949
1625184922071 19 119999
1625184933411 19 120049
1625184944708 19 120099
1625184956375 19 120149
1625184967888 19 120199
1625184979518 19 120249
1625184991313 19 120299
1625185002892 19 120349
1625185014442 19 120399
1625185026089 19 120449
1625185037754 19 120499
1625185049539 19 120549
1625185061156 19 120599
1625185072951 19 120649
1625185084489 19 120699
1625185096190 19 120749
1625185108076 19 120799
1625185119779 19 120849
1625185131349 19 120899
1625185142951 19 120949
1625185154455 19 120999
1625185166039 19 121049
1625185177780 19 121099
1625185189279 19 121149
1625185200825 19 121199
1625185212501 19 121249
1625185224210 19 121299
1625185235827 19 121349
1625185247485 19 121399
1625185259307 19 121449
1625185271003 19 121499
1625185282488 19 121549
1625185294011 19 121599
1625185305526 19 121649
1625185317020 19 121699
1625185328537 19 121749
1625185339957 19 121799
1625185351429 19 121849
1625185362969 19 121899
1625185374612 19 121949
1625185386117 19 121999
1625185397478 19 122049
1625185408855 19 122099
1625185420521 19 122149
1625185432048 19 122199
1625185443571 19 122249
1625185455237 19 122299
1625185466745 19 122349
1625185478321 19 122399
1625185489880 19 122449
1625185501398 19 122499
1625185512834 19 122549
1625185524464 19 122599
1625185535905 19 122649
1625185547346 19 122699
1625185558939 19 122749
1625185570486 19 122799
1625185582029 19 122849
1625185593480 19 122899
1625185604988 19 122949
1625185616447 19 122999
1625185627811 19 123049
1625185639194 19 123099
1625185650688 19 123149
1625185662225 19 123199
1625185673725 19 123249
1625185685291 19 123299
1625185696809 19 123349
1625185708241 19 123399
1625185719728 19 123449
1625185731101 19 123499
1625185742587 19 123549
1625185754084 19 123599
1625185765507 19 123649
1625185776904 19 123699
1625185788325 19 123749
1625185799756 19 123799
1625185811195 19 123849
1625185822618 19 123899
1625185834202 19 123949
1625185845684 19 123999
1625185857304 19 124049
1625185868773 19 124099
1625185880117 19 124149
1625185891820 19 124199
1625185903403 19 124249
1625185915045 19 124299
1625185926593 19 124349
1625185938268 19 124399
1625185949979 19 124449
1625185961511 19 124499
1625185973115 19 124549
1625185984736 19 124599
1625185996384 19 124649
1625186007922 19 124699
1625186019464 19 124749
1625186031050 19 124799
1625186042742 19 124849
1625186054216 19 124899
1625186065993 19 124949
1625186079816 19 124999
1625186080633 19 124999
1625186246782 19 124999
1625186267296 20 125049
1625186278516 20 125099
1625186289750 20 125149
1625186301044 20 125199
1625186312240 20 125249
1625186323537 20 125299
1625186334691 20 125349
1625186345992 20 125399
1625186357201 20 125449
1625186368487 20 125499
1625186379762 20 125549
1625186390880 20 125599
1625186401992 20 125649
1625186413217 20 125699
1625186424478 20 125749
1625186435735 20 125799
1625186447044 20 125849
1625186458175 20 125899
1625186469484 20 125949
1625186480730 20 125999
1625186492008 20 126049
1625186503216 20 126099
1625186514454 20 126149
1625186525661 20 126199
1625186536845 20 126249
1625186548031 20 126299
1625186559265 20 126349
1625186570730 20 126399
1625186582068 20 126449
1625186593424 20 126499
1625186604963 20 126549
1625186616450 20 126599
1625186627958 20 126649
1625186639619 20 126699
1625186651212 20 126749
1625186662822 20 126799
1625186674398 20 126849
1625186685920 20 126899
1625186697646 20 126949
1625186709360 20 126999
1625186721105 20 127049
1625186732680 20 127099
1625186744316 20 127149
1625186756007 20 127199
1625186767654 20 127249
1625186779221 20 127299
1625186790858 20 127349
1625186802426 20 127399
1625186814012 20 127449
1625186825608 20 127499
1625186837298 20 127549
1625186848865 20 127599
1625186860612 20 127649
1625186872378 20 127699
1625186884116 20 127749
1625186895622 20 127799
1625186907172 20 127849
1625186918685 20 127899
1625186930333 20 127949
1625186941819 20 127999
1625186953305 20 128049
1625186964741 20 128099
1625186976283 20 128149
1625186987779 20 128199
1625186999399 20 128249
1625187010866 20 128299
1625187022441 20 128349
1625187033933 20 128399
1625187045373 20 128449
1625187056822 20 128499
1625187068419 20 128549
1625187079911 20 128599
1625187091369 20 128649
1625187102737 20 128699
1625187114245 20 128749
1625187125884 20 128799
1625187137329 20 128849
1625187148777 20 128899
1625187160330 20 128949
1625187171894 20 128999
1625187183296 20 129049
1625187194696 20 129099
1625187206169 20 129149
1625187217716 20 129199
1625187229272 20 129249
1625187240787 20 129299
1625187252223 20 129349
1625187263704 20 129399
1625187275175 20 129449
1625187286579 20 129499
1625187298125 20 129549
1625187309658 20 129599
1625187321041 20 129649
1625187332518 20 129699
1625187343982 20 129749
1625187355400 20 129799
1625187366798 20 129849
1625187378220 20 129899
1625187389710 20 129949
1625187401103 20 129999
1625187412491 20 130049
1625187424025 20 130099
1625187435521 20 130149
1625187446973 20 130199
1625187458372 20 130249
1625187469897 20 130299
1625187481360 20 130349
1625187492792 20 130399
1625187504385 20 130449
1625187515767 20 130499
1625187527335 20 130549
1625187538706 20 130599
1625187550050 20 130649
1625187561575 20 130699
1625187572933 20 130749
1625187584595 20 130799
1625187596129 20 130849
1625187607671 20 130899
1625187619251 20 130949
1625187630680 20 130999
1625187642308 20 131049
1625187653873 20 131099
1625187665404 20 131149
1625187677218 20 131199
1625187691067 20 131249
1625187692497 20 131249
1625187863835 20 131249
1625187884116 21 131299
1625187895268 21 131349
1625187906526 21 131399
1625187917775 21 131449
1625187928991 21 131499
1625187940128 21 131549
1625187951366 21 131599
1625187962552 21 131649
1625187973779 21 131699
1625187985040 21 131749
1625187996240 21 131799
1625188007408 21 131849
1625188019228 21 131899
1625188030402 21 131949
1625188041584 21 131999
1625188052894 21 132049
1625188064143 21 132099
1625188075408 21 132149
1625188086631 21 132199
1625188097810 21 132249
1625188109022 21 132299
1625188120279 21 132349
1625188131521 21 132399
1625188142769 21 132449
1625188153944 21 132499
1625188165186 21 132549
1625188176388 21 132599
1625188187914 21 132649
1625188199335 21 132699
1625188210866 21 132749
1625188222225 21 132799
1625188233804 21 132849
1625188245389 21 132899
1625188256843 21 132949
1625188268596 21 132999
1625188280210 21 133049
1625188291807 21 133099
1625188303434 21 133149
1625188315061 21 133199
1625188326734 21 133249
1625188338235 21 133299
1625188349688 21 133349
1625188361271 21 133399
1625188372882 21 133449
1625188384470 21 133499
1625188396043 21 133549
1625188407610 21 133599
1625188419232 21 133649
1625188430848 21 133699
1625188442534 21 133749
1625188454251 21 133799
1625188465819 21 133849
1625188477450 21 133899
1625188489094 21 133949
1625188500852 21 133999
1625188512590 21 134049
1625188524166 21 134099
1625188535841 21 134149
1625188547447 21 134199
1625188559112 21 134249
1625188570683 21 134299
1625188582438 21 134349
1625188594261 21 134399
1625188605992 21 134449
1625188617574 21 134499
1625188629218 21 134549
1625188640786 21 134599
1625188652413 21 134649
1625188663861 21 134699
1625188675303 21 134749
1625188686858 21 134799
1625188698398 21 134849
1625188710061 21 134899
1625188721839 21 134949
1625188733352 21 134999
1625188744808 21 135049
1625188756437 21 135099
1625188768047 21 135149
1625188779570 21 135199
1625188791088 21 135249
1625188802739 21 135299
1625188814343 21 135349
1625188825823 21 135399
1625188837465 21 135449
1625188848984 21 135499
1625188860450 21 135549
1625188872020 21 135599
1625188883394 21 135649
1625188894951 21 135699
1625188906537 21 135749
1625188918108 21 135799
1625188929724 21 135849
1625188941183 21 135899
1625188952878 21 135949
1625188964377 21 135999
1625188975999 21 136049
1625188987393 21 136099
1625188998874 21 136149
1625189010430 21 136199
1625189021892 21 136249
1625189033399 21 136299
1625189044849 21 136349
1625189056246 21 136399
1625189067750 21 136449
1625189079282 21 136499
1625189090803 21 136549
1625189102308 21 136599
1625189113696 21 136649
1625189125067 21 136699
1625189136569 21 136749
1625189148065 21 136799
1625189159490 21 136849
1625189170846 21 136899
1625189182304 21 136949
1625189193749 21 136999
1625189205354 21 137049
1625189216877 21 137099
1625189228344 21 137149
1625189239881 21 137199
1625189251344 21 137249
1625189262914 21 137299
1625189274422 21 137349
1625189286116 21 137399
1625189297901 21 137449
1625189311747 21 137499
1625189312642 21 137499
1625189502545 21 137499
1625189522942 22 137549
1625189534220 22 137599
1625189545517 22 137649
1625189556776 22 137699
1625189567966 22 137749
1625189579208 22 137799
1625189590408 22 137849
1625189601572 22 137899
1625189613390 22 137949
1625189624579 22 137999
1625189635734 22 138049
1625189646942 22 138099
1625189658136 22 138149
1625189669362 22 138199
1625189680613 22 138249
1625189691798 22 138299
1625189703117 22 138349
1625189714438 22 138399
1625189725659 22 138449
1625189736989 22 138499
1625189748271 22 138549
1625189759438 22 138599
1625189770611 22 138649
1625189781845 22 138699
1625189793155 22 138749
1625189804398 22 138799
1625189815676 22 138849
1625189827136 22 138899
1625189838582 22 138949
1625189850118 22 138999
1625189861619 22 139049
1625189873372 22 139099
1625189884906 22 139149
1625189896521 22 139199
1625189908235 22 139249
1625189919937 22 139299
1625189931499 22 139349
1625189943109 22 139399
1625189954616 22 139449
1625189966315 22 139499
1625189977859 22 139549
1625189989516 22 139599
1625190001247 22 139649
1625190012749 22 139699
1625190024229 22 139749
1625190035841 22 139799
1625190047323 22 139849
1625190058952 22 139899
1625190070456 22 139949
1625190082061 22 139999
1625190093619 22 140049
1625190105258 22 140099
1625190116944 22 140149
1625190128664 22 140199
1625190140254 22 140249
1625190151817 22 140299
1625190163429 22 140349
1625190175143 22 140399
1625190186710 22 140449
1625190198433 22 140499
1625190210072 22 140549
1625190221667 22 140599
1625190233412 22 140649
1625190245301 22 140699
1625190256844 22 140749
1625190268532 22 140799
1625190280226 22 140849
1625190291704 22 140899
1625190303266 22 140949
1625190314795 22 140999
1625190326452 22 141049
1625190337859 22 141099
1625190349460 22 141149
1625190360951 22 141199
1625190372542 22 141249
1625190384073 22 141299
1625190395699 22 141349
1625190407380 22 141399
1625190418894 22 141449
1625190430351 22 141499
1625190441819 22 141549
1625190453249 22 141599
1625190464687 22 141649
1625190476228 22 141699
1625190487668 22 141749
1625190499168 22 141799
1625190510660 22 141849
1625190522146 22 141899
1625190533808 22 141949
1625190545372 22 141999
1625190556964 22 142049
1625190568454 22 142099
1625190579941 22 142149
1625190591523 22 142199
1625190603109 22 142249
1625190614509 22 142299
1625190626051 22 142349
1625190637555 22 142399
1625190649096 22 142449
1625190660703 22 142499
1625190672253 22 142549
1625190683820 22 142599
1625190695409 22 142649
1625190706889 22 142699
1625190718402 22 142749
1625190729869 22 142799
1625190741337 22 142849
1625190752791 22 142899
1625190764341 22 142949
1625190775834 22 142999
1625190787281 22 143049
1625190798873 22 143099
1625190810361 22 143149
1625190821788 22 143199
1625190833123 22 143249
1625190844680 22 143299
1625190856249 22 143349
1625190867793 22 143399
1625190879401 22 143449
1625190890837 22 143499
1625190902493 22 143549
1625190913860 22 143599
1625190925504 22 143649
1625190937288 22 143699
1625190951175 22 143749
1625190952037 22 143749
1625191152249 22 143749
1625191173363 23 143799
1625191184653 23 143849
1625191195964 23 143899
1625191207212 23 143949
1625191218953 23 143999
1625191230296 23 144049
1625191241545 23 144099
1625191252904 23 144149
1625191264121 23 144199
1625191275319 23 144249
1625191286507 23 144299
1625191297702 23 144349
1625191308938 23 144399
1625191320200 23 144449
1625191331509 23 144499
1625191342707 23 144549
1625191354013 23 144599
1625191365238 23 144649
1625191376497 23 144699
1625191387746 23 144749
1625191399028 23 144799
1625191410382 23 144849
1625191421618 23 144899
1625191432941 23 144949
1625191444200 23 144999
1625191455435 23 145049
1625191466745 23 145099
1625191478271 23 145149
1625191489909 23 145199
1625191501534 23 145249
1625191513052 23 145299
1625191524541 23 145349
1625191536050 23 145399
1625191547636 23 145449
1625191559220 23 145499
1625191570812 23 145549
1625191582342 23 145599
1625191593894 23 145649
1625191605584 23 145699
1625191617305 23 145749
1625191628999 23 145799
1625191640631 23 145849
1625191652246 23 145899
1625191663799 23 145949
1625191675449 23 145999
1625191686998 23 146049
1625191698639 23 146099
1625191710399 23 146149
1625191721931 23 146199
1625191733633 23 146249
1625191745191 23 146299
1625191756755 23 146349
1625191768366 23 146399
1625191779995 23 146449
1625191791662 23 146499
1625191803256 23 146549
1625191814834 23 146599
1625191826381 23 146649
1625191838105 23 146699
1625191849548 23 146749
1625191861260 23 146799
1625191872807 23 146849
1625191884561 23 146899
1625191896026 23 146949
1625191907594 23 146999
1625191919282 23 147049
1625191930736 23 147099
1625191942416 23 147149
1625191954008 23 147199
1625191965646 23 147249
1625191977342 23 147299
1625191989005 23 147349
1625192000651 23 147399
1625192012453 23 147449
1625192024218 23 147499
1625192035839 23 147549
1625192047508 23 147599
1625192059117 23 147649
1625192070853 23 147699
1625192082274 23 147749
1625192093874 23 147799
1625192105466 23 147849
1625192117030 23 147899
1625192128679 23 147949
1625192140073 23 147999
1625192151564 23 148049
1625192163227 23 148099
1625192174712 23 148149
1625192186218 23 148199
1625192197781 23 148249
1625192209274 23 148299
1625192220716 23 148349
1625192232368 23 148399
1625192243929 23 148449
1625192255472 23 148499
1625192266850 23 148549
1625192278420 23 148599
1625192290037 23 148649
1625192301521 23 148699
1625192313075 23 148749
1625192324588 23 148799
1625192336172 23 148849
1625192347657 23 148899
1625192359068 23 148949
1625192370470 23 148999
1625192383491 23 149049
1625192395179 23 149099
1625192406631 23 149149
1625192418171 23 149199
1625192429630 23 149249
1625192441233 23 149299
1625192452703 23 149349
1625192464156 23 149399
1625192475672 23 149449
1625192487127 23 149499
1625192498678 23 149549
1625192510155 23 149599
1625192521631 23 149649
1625192533062 23 149699
1625192544552 23 149749
1625192556201 23 149799
1625192567706 23 149849
1625192579346 23 149899
1625192591036 23 149949
1625192604855 23 149999
1625192605671 23 149999
1625192797240 23 149999
1625192818978 24 150049
1625192830406 24 150099
1625192841636 24 150149
1625192852895 24 150199
1625192864187 24 150249
1625192875499 24 150299
1625192886920 24 150349
1625192898073 24 150399
1625192909379 24 150449
1625192920645 24 150499
1625192931841 24 150549
1625192943131 24 150599
1625192954348 24 150649
1625192965502 24 150699
1625192976784 24 150749
1625192988051 24 150799
1625192999339 24 150849
1625193010536 24 150899
1625193021783 24 150949
1625193033015 24 150999
1625193044369 24 151049
1625193055609 24 151099
1625193066870 24 151149
1625193078134 24 151199
1625193089334 24 151249
1625193100709 24 151299
1625193112120 24 151349
1625193123655 24 151399
1625193135215 24 151449
1625193146770 24 151499
1625193158356 24 151549
1625193169903 24 151599
1625193181464 24 151649
1625193193162 24 151699
1625193204745 24 151749
1625193216279 24 151799
1625193227844 24 151849
1625193239559 24 151899
1625193251177 24 151949
1625193262804 24 151999
1625193274415 24 152049
1625193285913 24 152099
1625193297602 24 152149
1625193309241 24 152199
1625193320885 24 152249
1625193332596 24 152299
1625193344170 24 152349
1625193355725 24 152399
1625193367388 24 152449
1625193378992 24 152499
1625193390434 24 152549
1625193402035 24 152599
1625193413682 24 152649
1625193425275 24 152699
1625193436956 24 152749
1625193448740 24 152799
1625193460418 24 152849
1625193471959 24 152899
1625193483567 24 152949
1625193495107 24 152999
1625193506535 24 153049
1625193517971 24 153099
1625193529603 24 153149
1625193541153 24 153199
1625193552698 24 153249
1625193564283 24 153299
1625193575925 24 153349
1625193587505 24 153399
1625193599029 24 153449
1625193610558 24 153499
1625193622172 24 153549
1625193633926 24 153599
1625193645571 24 153649
1625193657322 24 153699
1625193668948 24 153749
1625193680596 24 153799
1625193692208 24 153849
1625193703821 24 153899
1625193715510 24 153949
1625193727163 24 153999
1625193738781 24 154049
1625193750449 24 154099
1625193762090 24 154149
1625193773760 24 154199
1625193785192 24 154249
1625193796758 24 154299
1625193808287 24 154349
1625193819972 24 154399
1625193831557 24 154449
1625193843058 24 154499
1625193854663 24 154549
1625193866220 24 154599
1625193877718 24 154649
1625193889144 24 154699
1625193900608 24 154749
1625193912206 24 154799
1625193923798 24 154849
1625193935323 24 154899
1625193946983 24 154949
1625193958517 24 154999
1625193970092 24 155049
1625193981582 24 155099
1625193993045 24 155149
1625194004634 24 155199
1625194016100 24 155249
1625194027563 24 155299
1625194039135 24 155349
1625194050678 24 155399
1625194062356 24 155449
1625194073907 24 155499
1625194085537 24 155549
1625194097010 24 155599
1625194108526 24 155649
1625194120073 24 155699
1625194131582 24 155749
1625194143145 24 155799
1625194154682 24 155849
1625194166105 24 155899
1625194177731 24 155949
1625194189204 24 155999
1625194200797 24 156049
1625194212454 24 156099
1625194223891 24 156149
1625194235583 24 156199
1625194249407 24 156249
1625194250243 24 156249
1625194432693 24 156249
1625194453724 25 156299
1625194465189 25 156349
1625194476590 25 156399
1625194487862 25 156449
1625194499226 25 156499
1625194510518 25 156549
1625194521738 25 156599
1625194533033 25 156649
1625194544320 25 156699
1625194555602 25 156749
1625194566929 25 156799
1625194578151 25 156849
1625194589400 25 156899
1625194600702 25 156949
1625194611976 25 156999
1625194623365 25 157049
1625194634783 25 157099
1625194646056 25 157149
1625194657287 25 157199
1625194668546 25 157249
1625194679780 25 157299
1625194691145 25 157349
1625194702323 25 157399
1625194713642 25 157449
1625194724932 25 157499
1625194736278 25 157549
1625194747677 25 157599
1625194759028 25 157649
1625194770568 25 157699
1625194782224 25 157749
1625194793818 25 157799
1625194805408 25 157849
1625194817022 25 157899
1625194828666 25 157949
1625194840185 25 157999
1625194851859 25 158049
1625194863451 25 158099
1625194875102 25 158149
1625194886641 25 158199
1625194898236 25 158249
1625194909658 25 158299
1625194921272 25 158349
1625194932907 25 158399
1625194944438 25 158449
1625194956041 25 158499
1625194967591 25 158549
1625194979168 25 158599
1625194990929 25 158649
1625195002593 25 158699
1625195014127 25 158749
1625195025705 25 158799
1625195037366 25 158849
1625195049059 25 158899
1625195060719 25 158949
1625195072299 25 158999
1625195083840 25 159049
1625195095373 25 159099
1625195106797 25 159149
1625195118323 25 159199
1625195129803 25 159249
1625195141271 25 159299
1625195152726 25 159349
1625195164097 25 159399
1625195175751 25 159449
1625195187110 25 159499
1625195198717 25 159549
1625195210220 25 159599
1625195221809 25 159649
1625195233438 25 159699
1625195244889 25 159749
1625195256390 25 159799
1625195267837 25 159849
1625195279240 25 159899
1625195290678 25 159949
1625195302426 25 159999
1625195313943 25 160049
1625195325452 25 160099
1625195336982 25 160149
1625195348810 25 160199
1625195360378 25 160249
1625195371967 25 160299
1625195383541 25 160349
1625195395144 25 160399
1625195406829 25 160449
1625195418366 25 160499
1625195429995 25 160549
1625195441573 25 160599
1625195453134 25 160649
1625195464824 25 160699
1625195476474 25 160749
1625195487996 25 160799
1625195499689 25 160849
1625195511365 25 160899
1625195522993 25 160949
1625195534737 25 160999
1625195546287 25 161049
1625195557896 25 161099
1625195569515 25 161149
1625195580916 25 161199
1625195592352 25 161249
1625195603793 25 161299
1625195615277 25 161349
1625195626625 25 161399
1625195638212 25 161449
1625195649701 25 161499
1625195661281 25 161549
1625195672780 25 161599
1625195684329 25 161649
1625195695995 25 161699
1625195707408 25 161749
1625195719075 25 161799
1625195730557 25 161849
1625195741976 25 161899
1625195753516 25 161949
1625195765001 25 161999
1625195776514 25 162049
1625195788012 25 162099
1625195799671 25 162149
1625195811316 25 162199
1625195822773 25 162249
1625195834358 25 162299
1625195845907 25 162349
1625195857323 25 162399
1625195869071 25 162449
1625195882906 25 162499
1625195883831 25 162499
1625196052924 25 162499
1625196073520 26 162549
1625196084730 26 162599
1625196095980 26 162649
1625196107165 26 162699
1625196118437 26 162749
1625196129691 26 162799
1625196140920 26 162849
1625196152235 26 162899
1625196163606 26 162949
1625196174893 26 162999
1625196186220 26 163049
1625196197537 26 163099
1625196208834 26 163149
1625196220078 26 163199
1625196231326 26 163249
1625196242723 26 163299
1625196254065 26 163349
1625196265377 26 163399
1625196276696 26 163449
1625196288000 26 163499
1625196299276 26 163549
1625196310557 26 163599
1625196321838 26 163649
1625196333173 26 163699
1625196344394 26 163749
1625196355664 26 163799
1625196367106 26 163849
1625196378646 26 163899
1625196390233 26 163949
1625196401926 26 163999
1625196413490 26 164049
1625196425053 26 164099
1625196436669 26 164149
1625196448152 26 164199
1625196459664 26 164249
1625196471233 26 164299
1625196482829 26 164349
1625196494391 26 164399
1625196505969 26 164449
1625196517635 26 164499
1625196529197 26 164549
1625196540774 26 164599
1625196552395 26 164649
1625196564071 26 164699
1625196575688 26 164749
1625196587270 26 164799
1625196598954 26 164849
1625196610563 26 164899
1625196622125 26 164949
1625196633873 26 164999
1625196645514 26 165049
1625196657051 26 165099
1625196668710 26 165149
1625196680378 26 165199
1625196691924 26 165249
1625196703465 26 165299
1625196714985 26 165349
1625196726524 26 165399
1625196738076 26 165449
1625196749666 26 165499
1625196761196 26 165549
1625196772692 26 165599
1625196784319 26 165649
1625196795875 26 165699
1625196807402 26 165749
1625196818869 26 165799
1625196830316 26 165849
1625196841928 26 165899
1625196853494 26 165949
1625196864953 26 165999
1625196876442 26 166049
1625196887995 26 166099
1625196899528 26 166149
1625196911175 26 166199
1625196922608 26 166249
1625196934135 26 166299
1625196945585 26 166349
1625196957065 26 166399
1625196968545 26 166449
1625196980073 26 166499
1625196991618 26 166549
1625197003193 26 166599
1625197014630 26 166649
1625197026107 26 166699
1625197037462 26 166749
1625197048924 26 166799
1625197060492 26 166849
1625197071970 26 166899
1625197083455 26 166949
1625197094999 26 166999
1625197106682 26 167049
1625197118375 26 167099
1625197129948 26 167149
1625197141603 26 167199
1625197153117 26 167249
1625197164677 26 167299
1625197176299 26 167349
1625197187962 26 167399
1625197199641 26 167449
1625197211185 26 167499
1625197222808 26 167549
1625197234382 26 167599
1625197245965 26 167649
1625197257649 26 167699
1625197269237 26 167749
1625197280850 26 167799
1625197292430 26 167849
1625197303913 26 167899
1625197315411 26 167949
1625197326893 26 167999
1625197338402 26 168049
1625197349943 26 168099
1625197361377 26 168149
1625197372798 26 168199
1625197385210 26 168249
1625197396663 26 168299
1625197408138 26 168349
1625197419729 26 168399
1625197431291 26 168449
1625197442730 26 168499
1625197454235 26 168549
1625197465785 26 168599
1625197477412 26 168649
1625197489221 26 168699
1625197503073 26 168749
1625197503986 26 168749
1625197671985 26 168749
1625197692414 27 168799
1625197703689 27 168849
1625197714927 27 168899
1625197726160 27 168949
1625197737439 27 168999
1625197748740 27 169049
1625197759882 27 169099
1625197771166 27 169149
1625197782413 27 169199
1625197793702 27 169249
1625197804890 27 169299
1625197816143 27 169349
1625197827366 27 169399
1625197838563 27 169449
1625197849837 27 169499
1625197861113 27 169549
1625197872417 27 169599
1625197883713 27 169649
1625197895088 27 169699
1625197906318 27 169749
1625197917620 27 169799
1625197928938 27 169849
1625197940323 27 169899
1625197951574 27 169949
1625197962971 27 169999
1625197974249 27 170049
1625197985693 27 170099
1625197997086 27 170149
1625198008817 27 170199
1625198020442 27 170249
1625198032017 27 170299
1625198043553 27 170349
1625198055201 27 170399
1625198066746 27 170449
1625198078408 27 170499
1625198090039 27 170549
1625198101620 27 170599
1625198113206 27 170649
1625198124659 27 170699
1625198136202 27 170749
1625198147770 27 170799
1625198159366 27 170849
1625198170994 27 170899
1625198182558 27 170949
1625198194200 27 170999
1625198205761 27 171049
1625198217371 27 171099
1625198229052 27 171149
1625198240642 27 171199
1625198252129 27 171249
1625198263785 27 171299
1625198275377 27 171349
1625198287051 27 171399
1625198298548 27 171449
1625198310096 27 171499
1625198321566 27 171549
1625198333221 27 171599
1625198344610 27 171649
1625198356149 27 171699
1625198367720 27 171749
1625198379233 27 171799
1625198390661 27 171849
1625198402065 27 171899
1625198413561 27 171949
1625198425114 27 171999
1625198436633 27 172049
1625198448112 27 172099
1625198459584 27 172149
1625198470990 27 172199
1625198482323 27 172249
1625198493828 27 172299
1625198505396 27 172349
1625198516886 27 172399
1625198528445 27 172449
1625198539869 27 172499
1625198551341 27 172549
1625198562845 27 172599
1625198574323 27 172649
1625198585887 27 172699
1625198597312 27 172749
1625198608731 27 172799
1625198620258 27 172849
1625198631660 27 172899
1625198643198 27 172949
1625198654604 27 172999
1625198666007 27 173049
1625198677408 27 173099
1625198688816 27 173149
1625198700280 27 173199
1625198711659 27 173249
1625198723062 27 173299
1625198734560 27 173349
1625198746008 27 173399
1625198757434 27 173449
1625198768971 27 173499
1625198780478 27 173549
1625198792056 27 173599
1625198803572 27 173649
1625198815179 27 173699
1625198826757 27 173749
1625198838349 27 173799
1625198849946 27 173849
1625198861645 27 173899
1625198873202 27 173949
1625198884828 27 173999
1625198896387 27 174049
1625198907949 27 174099
1625198919555 27 174149
1625198931156 27 174199
1625198942749 27 174249
1625198954305 27 174299
1625198965883 27 174349
1625198977391 27 174399
1625198988936 27 174449
1625199000328 27 174499
1625199011988 27 174549
1625199023445 27 174599
1625199034977 27 174649
1625199046559 27 174699
1625199058000 27 174749
1625199069481 27 174799
1625199080950 27 174849
1625199092296 27 174899
1625199103967 27 174949
1625199117810 27 174999
1625199118938 27 174999
1625199284505 27 174999
1625199304808 28 175049
1625199316055 28 175099
1625199327239 28 175149
1625199338455 28 175199
1625199349676 28 175249
1625199360851 28 175299
1625199372132 28 175349
1625199383313 28 175399
1625199394469 28 175449
1625199405613 28 175499
1625199416799 28 175549
1625199428082 28 175599
1625199439279 28 175649
1625199450436 28 175699
1625199461670 28 175749
1625199472862 28 175799
1625199484086 28 175849
1625199495239 28 175899
1625199506512 28 175949
1625199517682 28 175999
1625199528971 28 176049
1625199540190 28 176099
1625199551522 28 176149
1625199562795 28 176199
1625199574174 28 176249
1625199585378 28 176299
1625199596712 28 176349
1625199608327 28 176399
1625199619845 28 176449
1625199631360 28 176499
1625199643058 28 176549
1625199654706 28 176599
1625199666461 28 176649
1625199678086 28 176699
1625199689730 28 176749
1625199701465 28 176799
1625199713068 28 176849
1625199724632 28 176899
1625199736287 28 176949
1625199747820 28 176999
1625199759432 28 177049
1625199771067 28 177099
1625199782702 28 177149
1625199794358 28 177199
1625199805984 28 177249
1625199817553 28 177299
1625199829106 28 177349
1625199840855 28 177399
1625199852473 28 177449
1625199864008 28 177499
1625199875659 28 177549
1625199887299 28 177599
1625199898930 28 177649
1625199910537 28 177699
1625199921951 28 177749
1625199933551 28 177799
1625199944943 28 177849
1625199956246 28 177899
1625199967654 28 177949
1625199979091 28 177999
1625199990490 28 178049
1625200001832 28 178099
1625200013249 28 178149
1625200024760 28 178199
1625200036283 28 178249
1625200047766 28 178299
1625200059100 28 178349
1625200070556 28 178399
1625200082148 28 178449
1625200093570 28 178499
1625200104950 28 178549
1625200116427 28 178599
1625200127919 28 178649
1625200139453 28 178699
1625200150905 28 178749
1625200162275 28 178799
1625200173741 28 178849
1625200185213 28 178899
1625200196725 28 178949
1625200208255 28 178999
1625200219680 28 179049
1625200231120 28 179099
1625200242440 28 179149
1625200253874 28 179199
1625200265201 28 179249
1625200276595 28 179299
1625200288028 28 179349
1625200299509 28 179399
1625200310983 28 179449
1625200322245 28 179499
1625200333665 28 179549
1625200345108 28 179599
1625200356396 28 179649
1625200367842 28 179699
1625200379225 28 179749
1625200390662 28 179799
1625200402081 28 179849
1625200413561 28 179899
1625200425001 28 179949
1625200436379 28 179999
1625200447807 28 180049
1625200459345 28 180099
1625200470964 28 180149
1625200482536 28 180199
1625200494173 28 180249
1625200505822 28 180299
1625200517421 28 180349
1625200529056 28 180399
1625200540612 28 180449
1625200552201 28 180499
1625200564001 28 180549
1625200575501 28 180599
1625200587110 28 180649
1625200598706 28 180699
1625200610201 28 180749
1625200622042 28 180799
1625200633522 28 180849
1625200645122 28 180899
1625200656770 28 180949
1625200668317 28 180999
1625200679767 28 181049
1625200691295 28 181099
1625200702768 28 181149
1625200714593 28 181199
1625200728428 28 181249
1625200730685 28 181249
1625200891910 28 181249
1625200912377 29 181299
1625200923681 29 181349
1625200934836 29 181399
1625200946025 29 181449
1625200957204 29 181499
1625200968363 29 181549
1625200979507 29 181599
1625200990743 29 181649
1625201001908 29 181699
1625201013086 29 181749
1625201024273 29 181799
1625201035467 29 181849
1625201046597 29 181899
1625201057816 29 181949
1625201068931 29 181999
1625201080137 29 182049
1625201091370 29 182099
1625201102663 29 182149
1625201113917 29 182199
1625201125094 29 182249
1625201136230 29 182299
1625201147468 29 182349
1625201158688 29 182399
1625201169936 29 182449
1625201181160 29 182499
1625201192385 29 182549
1625201203525 29 182599
1625201214679 29 182649
1625201226229 29 182699
1625201237688 29 182749
1625201249108 29 182799
1625201260773 29 182849
1625201272413 29 182899
1625201284037 29 182949
1625201295666 29 182999
1625201307373 29 183049
1625201319004 29 183099
1625201330489 29 183149
1625201341983 29 183199
1625201353626 29 183249
1625201365453 29 183299
1625201377160 29 183349
1625201388780 29 183399
1625201400479 29 183449
1625201412109 29 183499
1625201423810 29 183549
1625201435422 29 183599
1625201447046 29 183649
1625201458695 29 183699
1625201470302 29 183749
1625201481936 29 183799
1625201493533 29 183849
1625201505178 29 183899
1625201516655 29 183949
1625201527995 29 183999
1625201539325 29 184049
1625201550700 29 184099
1625201562070 29 184149
1625201573395 29 184199
1625201584933 29 184249
1625201596409 29 184299
1625201607813 29 184349
1625201619267 29 184399
1625201630753 29 184449
1625201642211 29 184499
1625201653799 29 184549
1625201665184 29 184599
1625201676608 29 184649
1625201687910 29 184699
1625201699357 29 184749
1625201710906 29 184799
1625201722469 29 184849
1625201733848 29 184899
1625201745264 29 184949
1625201756628 29 184999
1625201768004 29 185049
1625201779425 29 185099
1625201790807 29 185149
1625201802214 29 185199
1625201813559 29 185249
1625201824963 29 185299
1625201836254 29 185349
1625201847513 29 185399
1625201859017 29 185449
1625201870384 29 185499
1625201881673 29 185549
1625201893056 29 185599
1625201904321 29 185649
1625201915779 29 185699
1625201927149 29 185749
1625201938495 29 185799
1625201949878 29 185849
1625201961268 29 185899
1625201972800 29 185949
1625201984114 29 185999
1625201995514 29 186049
1625202006930 29 186099
1625202018321 29 186149
1625202029744 29 186199
1625202041129 29 186249
1625202052477 29 186299
1625202063962 29 186349
1625202075283 29 186399
1625202086714 29 186449
1625202098010 29 186499
1625202109389 29 186549
1625202120909 29 186599
1625202132156 29 186649
1625202143616 29 186699
1625202155103 29 186749
1625202166663 29 186799
1625202178174 29 186849
1625202189643 29 186899
1625202201140 29 186949
1625202212687 29 186999
1625202224317 29 187049
1625202235928 29 187099
1625202247528 29 187149
1625202259055 29 187199
1625202270673 29 187249
1625202282298 29 187299
1625202293964 29 187349
1625202305605 29 187399
1625202317385 29 187449
1625202331188 29 187499
1625202332040 29 187499
1625202496385 29 187499
