1625153935551 0.001 0
1625155537726 0.0009972609476841367 6250
1625157137841 0.0009890738003669028 12500
1625158749023 0.0009755282581475768 18750
1625160356451 0.0009567727288213003 25000
1625161957165 0.0009330127018922195 31250
1625163559248 0.0009045084971874739 37500
1625165161190 0.0008715724127386972 43750
1625166766229 0.0008345653031794292 50000
1625168369336 0.0007938926261462366 56250
1625169973713 0.00075 62500
1625171587016 0.0007033683215379003 68750
1625173213927 0.0006545084971874739 75000
1625174867204 0.0006039558454088797 81250
1625176503625 0.0005522642316338269 87500
1625178138002 0.0005000000000000002 93750
1625179757404 0.0004477357683661734 100000
1625181383902 0.00039604415459112036 106250
1625183010812 0.0003454915028125264 112500
1625184631927 0.00029663167846210003 118750
1625186246800 0.00025000000000000017 125000
1625187863842 0.00020610737385376354 131250
1625189502551 0.00016543469682057108 137500
1625191152256 0.00012842758726130303 143750
1625192797262 9.549150281252637e-05 150000
1625194432700 6.698729810778068e-05 156250
1625196052931 4.322727117869953e-05 162500
1625197671991 2.447174185242324e-05 168750
1625199284528 1.092619963309716e-05 175000
1625200891931 2.7390523158633003e-06 181250
