1625155369600 19.182138442993164 6249
1625155537398 19.182138442993164 0
1625156973599 15.894393920898438 12499
1625157137689 15.894393920898438 1
1625158580501 15.293720245361328 18749
1625158748687 15.293720245361328 2
1625160193519 14.966471672058105 24999
1625160356389 14.966471672058105 3
1625161796285 14.693519592285156 31249
1625161956776 14.693519592285156 4
1625163396980 14.520268440246582 37499
1625163559209 14.520268440246582 5
1625164999565 14.391135215759277 43749
1625165161130 14.391135215759277 6
1625166603598 14.27818775177002 49999
1625166766127 14.27818775177002 7
1625168208133 14.138959884643555 56249
1625168369296 14.138959884643555 8
1625169813631 14.046826362609863 62499
1625169973624 14.046826362609863 9
1625171418678 13.95960521697998 68749
1625171586667 13.95960521697998 10
1625173036719 13.882356643676758 74999
1625173213537 13.882356643676758 11
1625174664115 13.814682960510254 81249
1625174866751 13.814682960510254 12
1625176308786 13.749618530273438 87499
1625176503513 13.749618530273438 13
1625177948769 13.686274528503418 93749
1625178137720 13.686274528503418 14
1625179587948 13.629822731018066 99999
1625179757339 13.629822731018066 15
1625181208389 13.57607650756836 106249
1625181383822 13.57607650756836 16
1625182838374 13.521217346191406 112499
1625183010751 13.521217346191406 17
1625184461479 13.466300964355469 118749
1625184631886 13.466300964355469 18
1625186080633 13.414335250854492 124999
1625186246585 13.414335250854492 19
1625187692497 13.368301391601562 131249
1625187863751 13.368301391601562 20
1625189312642 13.323325157165527 137499
1625189502476 13.323325157165527 21
1625190952037 13.281901359558105 143749
1625191152092 13.281901359558105 22
1625192605671 13.243399620056152 149999
1625192796877 13.243399620056152 23
1625194250243 13.211047172546387 156249
1625194432425 13.211047172546387 24
1625195883831 13.18506908416748 162499
1625196052846 13.18506908416748 25
1625197503986 13.160541534423828 168749
1625197671920 13.160541534423828 26
1625199118938 13.140867233276367 174999
1625199284425 13.140867233276367 27
1625200730685 13.12633228302002 181249
1625200891784 13.12633228302002 28
1625202332040 13.117365837097168 187499
1625202496171 13.117365837097168 29
