1625155537398 16.551050186157227 0
1625157137689 15.595483779907227 1
1625158748687 14.759702682495117 2
1625160356389 14.356846809387207 3
1625161956776 15.160140037536621 4
1625163559209 14.098139762878418 5
1625165161130 14.162796974182129 6
1625166766127 14.052640914916992 7
1625168369296 14.433826446533203 8
1625169973624 14.47453498840332 9
1625171586667 13.81884765625 10
1625173213537 13.725639343261719 11
1625174866751 14.144161224365234 12
1625176503513 13.656723022460938 13
1625178137720 13.777119636535645 14
1625179757339 13.545564651489258 15
1625181383822 13.618101119995117 16
1625183010751 13.645543098449707 17
1625184631886 13.599573135375977 18
1625186246585 13.566540718078613 19
1625187863751 13.30143928527832 20
1625189502476 13.249143600463867 21
1625191152092 13.121866226196289 22
1625192796877 12.912033081054688 23
1625194432425 13.179244995117188 24
1625196052846 13.267053604125977 25
1625197671920 13.446327209472656 26
1625199284425 13.0565767288208 27
1625200891784 13.33559799194336 28
1625202496171 13.198612213134766 29
