1625156622102 0 49
1625156633896 0 99
1625156645677 0 149
1625156657480 0 199
1625156669073 0 249
1625156680692 0 299
1625156692222 0 349
1625156703888 0 399
1625156715452 0 449
1625156726966 0 499
1625156738578 0 549
1625156750171 0 599
1625156761752 0 649
1625156773415 0 699
1625156785039 0 749
1625156796666 0 799
1625156808304 0 849
1625156819952 0 899
1625156831601 0 949
1625156843233 0 999
1625156854759 0 1049
1625156866434 0 1099
1625156877977 0 1149
1625156889521 0 1199
1625156901094 0 1249
1625156912676 0 1299
1625156924341 0 1349
1625156935891 0 1399
1625156947834 0 1449
1625156959681 0 1499
1625156971529 0 1549
1625156983699 0 1599
1625156998918 0 1649
1625157014799 0 1699
1625157029134 0 1749
1625157043409 0 1799
1625157057691 0 1849
1625157072651 0 1899
1625157087129 0 1949
1625157101350 0 1999
1625157115516 0 2049
1625157129362 0 2099
1625157143039 0 2149
1625157158508 0 2199
1625157173073 0 2249
1625157187963 0 2299
1625157202536 0 2349
1625157216935 0 2399
1625157231601 0 2449
1625157246581 0 2499
1625157260932 0 2549
1625157275485 0 2599
1625157289457 0 2649
1625157301194 0 2699
1625157312997 0 2749
1625157326261 0 2799
1625157343244 0 2849
1625157360539 0 2899
1625157376882 0 2949
1625157393851 0 2999
1625157410579 0 3049
1625157427837 0 3099
1625157444740 0 3149
1625157462072 0 3199
1625157478923 0 3249
1625157495942 0 3299
1625157508663 0 3349
1625157522844 0 3399
1625157534760 0 3449
1625157546545 0 3499
1625157558291 0 3549
1625157569967 0 3599
1625157584187 0 3649
1625157600834 0 3699
1625157617497 0 3749
1625157634619 0 3799
1625157652400 0 3849
1625157669700 0 3899
1625157685943 0 3949
1625157703229 0 3999
1625157720194 0 4049
1625157736955 0 4099
1625157753795 0 4149
1625157766131 0 4199
1625157780029 0 4249
1625157791869 0 4299
1625157803619 0 4349
1625157815266 0 4399
1625157827293 0 4449
1625157839017 0 4499
1625157850748 0 4549
1625157862384 0 4599
1625157874099 0 4649
1625157885862 0 4699
1625157897612 0 4749
1625157909379 0 4799
1625157921157 0 4849
1625157932843 0 4899
1625157944534 0 4949
1625157956266 0 4999
1625157967989 0 5049
1625157979691 0 5099
1625157991435 0 5149
1625158003098 0 5199
1625158014797 0 5249
1625158026457 0 5299
1625158038041 0 5349
1625158049777 0 5399
1625158061503 0 5449
1625158073138 0 5499
1625158084790 0 5549
1625158096525 0 5599
1625158108226 0 5649
1625158119867 0 5699
1625158131511 0 5749
1625158143213 0 5799
1625158154875 0 5849
1625158166603 0 5899
1625158178271 0 5949
1625158189984 0 5999
1625158201686 0 6049
1625158213444 0 6099
1625158225197 0 6149
1625158236878 0 6199
1625158250182 0 6249
1625158251601 0 6249
1625158546616 0 6249
1625158562753 1 6299
1625158574641 1 6349
1625158586667 1 6399
1625158600594 1 6449
1625158615257 1 6499
1625158629950 1 6549
1625158644637 1 6599
1625158659179 1 6649
1625158673960 1 6699
1625158688381 1 6749
1625158702760 1 6799
1625158717312 1 6849
1625158731442 1 6899
1625158745193 1 6949
1625158757304 1 6999
1625158770365 1 7049
1625158782471 1 7099
1625158794512 1 7149
1625158806228 1 7199
1625158817855 1 7249
1625158831606 1 7299
1625158846263 1 7349
1625158860310 1 7399
1625158875376 1 7449
1625158889786 1 7499
1625158904191 1 7549
1625158919154 1 7599
1625158933163 1 7649
1625158948354 1 7699
1625158966179 1 7749
1625158983676 1 7799
1625159000128 1 7849
1625159016943 1 7899
1625159033413 1 7949
1625159050847 1 7999
1625159067277 1 8049
1625159083917 1 8099
1625159100279 1 8149
1625159117168 1 8199
1625159133039 1 8249
1625159145244 1 8299
1625159159901 1 8349
1625159172137 1 8399
1625159184809 1 8449
1625159196832 1 8499
1625159208729 1 8549
1625159220538 1 8599
1625159232240 1 8649
1625159244058 1 8699
1625159256067 1 8749
1625159268155 1 8799
1625159279956 1 8849
1625159293185 1 8899
1625159309547 1 8949
1625159326679 1 8999
1625159343335 1 9049
1625159360762 1 9099
1625159376935 1 9149
1625159393903 1 9199
1625159410477 1 9249
1625159427931 1 9299
1625159444950 1 9349
1625159461322 1 9399
1625159474882 1 9449
1625159489246 1 9499
1625159501392 1 9549
1625159513117 1 9599
1625159524943 1 9649
1625159536724 1 9699
1625159548579 1 9749
1625159560464 1 9799
1625159572327 1 9849
1625159584066 1 9899
1625159595741 1 9949
1625159607430 1 9999
1625159619202 1 10049
1625159630961 1 10099
1625159642845 1 10149
1625159654573 1 10199
1625159666337 1 10249
1625159678036 1 10299
1625159689916 1 10349
1625159701569 1 10399
1625159713290 1 10449
1625159725081 1 10499
1625159736794 1 10549
1625159748590 1 10599
1625159760343 1 10649
1625159772071 1 10699
1625159783830 1 10749
1625159795581 1 10799
1625159807380 1 10849
1625159819113 1 10899
1625159830780 1 10949
1625159842538 1 10999
1625159854185 1 11049
1625159865917 1 11099
1625159877528 1 11149
1625159889279 1 11199
1625159900962 1 11249
1625159912561 1 11299
1625159924335 1 11349
1625159935938 1 11399
1625159947681 1 11449
1625159959338 1 11499
1625159971119 1 11549
1625159982853 1 11599
1625159994604 1 11649
1625160006326 1 11699
1625160017967 1 11749
1625160029694 1 11799
1625160041392 1 11849
1625160053050 1 11899
1625160064699 1 11949
1625160076366 1 11999
1625160088121 1 12049
1625160099786 1 12099
1625160111428 1 12149
1625160123048 1 12199
1625160134682 1 12249
1625160146345 1 12299
1625160158042 1 12349
1625160169813 1 12399
1625160181550 1 12449
1625160194970 1 12499
1625160196015 1 12499
1625160499126 1 12499
1625160515107 2 12549
1625160528989 2 12599
1625160542898 2 12649
1625160556833 2 12699
1625160571816 2 12749
1625160587817 2 12799
1625160605459 2 12849
1625160623122 2 12899
1625160640557 2 12949
1625160657359 2 12999
1625160674258 2 13049
1625160691684 2 13099
1625160708665 2 13149
1625160725172 2 13199
1625160742271 2 13249
1625160757493 2 13299
1625160771256 2 13349
1625160784144 2 13399
1625160795896 2 13449
1625160807589 2 13499
1625160819167 2 13549
1625160830800 2 13599
1625160842536 2 13649
1625160854110 2 13699
1625160865777 2 13749
1625160877514 2 13799
1625160889104 2 13849
1625160900761 2 13899
1625160912302 2 13949
1625160923915 2 13999
1625160935508 2 14049
1625160947221 2 14099
1625160958831 2 14149
1625160970573 2 14199
1625160982247 2 14249
1625160993803 2 14299
1625161010260 2 14349
1625161026643 2 14399
1625161043854 2 14449
1625161060341 2 14499
1625161077704 2 14549
1625161094686 2 14599
1625161111317 2 14649
1625161128020 2 14699
1625161145138 2 14749
1625161161939 2 14799
1625161174979 2 14849
1625161188779 2 14899
1625161200735 2 14949
1625161212528 2 14999
1625161224358 2 15049
1625161236084 2 15099
1625161247759 2 15149
1625161259491 2 15199
1625161271236 2 15249
1625161283010 2 15299
1625161294659 2 15349
1625161306362 2 15399
1625161318038 2 15449
1625161329778 2 15499
1625161341448 2 15549
1625161353208 2 15599
1625161364849 2 15649
1625161376486 2 15699
1625161388166 2 15749
1625161399771 2 15799
1625161411441 2 15849
1625161423179 2 15899
1625161434894 2 15949
1625161446568 2 15999
1625161458248 2 16049
1625161469992 2 16099
1625161481710 2 16149
1625161493480 2 16199
1625161505117 2 16249
1625161516755 2 16299
1625161528438 2 16349
1625161540152 2 16399
1625161551881 2 16449
1625161563673 2 16499
1625161575318 2 16549
1625161586991 2 16599
1625161598683 2 16649
1625161610415 2 16699
1625161622110 2 16749
1625161633759 2 16799
1625161645465 2 16849
1625161657224 2 16899
1625161668916 2 16949
1625161680632 2 16999
1625161692273 2 17049
1625161703835 2 17099
1625161715606 2 17149
1625161727175 2 17199
1625161738807 2 17249
1625161750450 2 17299
1625161762174 2 17349
1625161773792 2 17399
1625161785462 2 17449
1625161797223 2 17499
1625161809105 2 17549
1625161823520 2 17599
1625161837568 2 17649
1625161852083 2 17699
1625161866486 2 17749
1625161880710 2 17799
1625161895009 2 17849
1625161909031 2 17899
1625161922618 2 17949
1625161936384 2 17999
1625161950333 2 18049
1625161962207 2 18099
1625161973904 2 18149
1625161985706 2 18199
1625161997447 2 18249
1625162009109 2 18299
1625162020805 2 18349
1625162032559 2 18399
1625162044308 2 18449
1625162056027 2 18499
1625162067640 2 18549
1625162079287 2 18599
1625162090913 2 18649
1625162102552 2 18699
1625162116082 2 18749
1625162117192 2 18749
1625162465618 2 18749
1625162481001 3 18799
1625162492621 3 18849
1625162504212 3 18899
1625162515804 3 18949
1625162527367 3 18999
1625162538981 3 19049
1625162550507 3 19099
1625162562093 3 19149
1625162573667 3 19199
1625162585304 3 19249
1625162596992 3 19299
1625162608584 3 19349
1625162620191 3 19399
1625162631981 3 19449
1625162643633 3 19499
1625162655259 3 19549
1625162666934 3 19599
1625162678634 3 19649
1625162690738 3 19699
1625162707161 3 19749
1625162724121 3 19799
1625162742223 3 19849
1625162758903 3 19899
1625162775010 3 19949
1625162791883 3 19999
1625162809448 3 20049
1625162826302 3 20099
1625162842848 3 20149
1625162858678 3 20199
1625162872382 3 20249
1625162885758 3 20299
1625162897574 3 20349
1625162909480 3 20399
1625162921173 3 20449
1625162932916 3 20499
1625162944534 3 20549
1625162956346 3 20599
1625162968105 3 20649
1625162979729 3 20699
1625162991473 3 20749
1625163003159 3 20799
1625163014750 3 20849
1625163026487 3 20899
1625163038219 3 20949
1625163049998 3 20999
1625163061658 3 21049
1625163073297 3 21099
1625163085028 3 21149
1625163096717 3 21199
1625163108376 3 21249
1625163120069 3 21299
1625163131700 3 21349
1625163143512 3 21399
1625163155173 3 21449
1625163166892 3 21499
1625163178639 3 21549
1625163190277 3 21599
1625163202060 3 21649
1625163213876 3 21699
1625163225581 3 21749
1625163237300 3 21799
1625163249041 3 21849
1625163260793 3 21899
1625163272398 3 21949
1625163284138 3 21999
1625163295783 3 22049
1625163307469 3 22099
1625163319089 3 22149
1625163330758 3 22199
1625163342429 3 22249
1625163354139 3 22299
1625163365848 3 22349
1625163377590 3 22399
1625163389338 3 22449
1625163400980 3 22499
1625163413022 3 22549
1625163426937 3 22599
1625163441630 3 22649
1625163455666 3 22699
1625163469987 3 22749
1625163483945 3 22799
1625163498001 3 22849
1625163511562 3 22899
1625163525147 3 22949
1625163538993 3 22999
1625163552791 3 23049
1625163564591 3 23099
1625163576274 3 23149
1625163588024 3 23199
1625163599654 3 23249
1625163611262 3 23299
1625163623034 3 23349
1625163634707 3 23399
1625163646470 3 23449
1625163658114 3 23499
1625163669788 3 23549
1625163681307 3 23599
1625163692987 3 23649
1625163704618 3 23699
1625163716262 3 23749
1625163727987 3 23799
1625163739681 3 23849
1625163751364 3 23899
1625163762979 3 23949
1625163774569 3 23999
1625163786245 3 24049
1625163797824 3 24099
1625163809344 3 24149
1625163824746 3 24199
1625163840941 3 24249
1625163858131 3 24299
1625163874846 3 24349
1625163891883 3 24399
1625163908928 3 24449
1625163926657 3 24499
1625163944392 3 24549
1625163961603 3 24599
1625163978618 3 24649
1625163994727 3 24699
1625164012443 3 24749
1625164025718 3 24799
1625164040618 3 24849
1625164054217 3 24899
1625164068694 3 24949
1625164084486 3 24999
1625164085524 3 24999
1625164331375 3 24999
1625164347075 4 25049
1625164358698 4 25099
1625164370197 4 25149
1625164381719 4 25199
1625164397003 4 25249
1625164413750 4 25299
1625164430467 4 25349
1625164447520 4 25399
1625164464206 4 25449
1625164480684 4 25499
1625164498210 4 25549
1625164514717 4 25599
1625164531624 4 25649
1625164548009 4 25699
1625164563138 4 25749
1625164575656 4 25799
1625164588797 4 25849
1625164600597 4 25899
1625164612208 4 25949
1625164623810 4 25999
1625164635447 4 26049
1625164646960 4 26099
1625164658467 4 26149
1625164670036 4 26199
1625164681650 4 26249
1625164693259 4 26299
1625164705037 4 26349
1625164716589 4 26399
1625164728156 4 26449
1625164739859 4 26499
1625164751432 4 26549
1625164763169 4 26599
1625164774784 4 26649
1625164786399 4 26699
1625164798096 4 26749
1625164809691 4 26799
1625164821430 4 26849
1625164833112 4 26899
1625164844781 4 26949
1625164856503 4 26999
1625164868142 4 27049
1625164879850 4 27099
1625164891574 4 27149
1625164903242 4 27199
1625164914842 4 27249
1625164926569 4 27299
1625164938413 4 27349
1625164950159 4 27399
1625164961821 4 27449
1625164973466 4 27499
1625164985143 4 27549
1625164996839 4 27599
1625165008510 4 27649
1625165021752 4 27699
1625165035810 4 27749
1625165050209 4 27799
1625165064245 4 27849
1625165078348 4 27899
1625165092816 4 27949
1625165107116 4 27999
1625165120326 4 28049
1625165133935 4 28099
1625165148073 4 28149
1625165160596 4 28199
1625165172236 4 28249
1625165184096 4 28299
1625165195842 4 28349
1625165207484 4 28399
1625165219181 4 28449
1625165230853 4 28499
1625165242550 4 28549
1625165254277 4 28599
1625165265950 4 28649
1625165277650 4 28699
1625165289357 4 28749
1625165301116 4 28799
1625165312766 4 28849
1625165324546 4 28899
1625165336134 4 28949
1625165347915 4 28999
1625165359636 4 29049
1625165371349 4 29099
1625165382998 4 29149
1625165394638 4 29199
1625165406309 4 29249
1625165417932 4 29299
1625165431749 4 29349
1625165447386 4 29399
1625165462849 4 29449
1625165479592 4 29499
1625165496436 4 29549
1625165513977 4 29599
1625165530926 4 29649
1625165547714 4 29699
1625165564709 4 29749
1625165581331 4 29799
1625165596784 4 29849
1625165612956 4 29899
1625165628210 4 29949
1625165642989 4 29999
1625165657810 4 30049
1625165671789 4 30099
1625165685976 4 30149
1625165699917 4 30199
1625165714185 4 30249
1625165728548 4 30299
1625165742734 4 30349
1625165756881 4 30399
1625165769418 4 30449
1625165781028 4 30499
1625165793004 4 30549
1625165804791 4 30599
1625165816497 4 30649
1625165828189 4 30699
1625165839882 4 30749
1625165851483 4 30799
1625165863166 4 30849
1625165874715 4 30899
1625165886441 4 30949
1625165898075 4 30999
1625165909683 4 31049
1625165921436 4 31099
1625165933129 4 31149
1625165944828 4 31199
1625165958280 4 31249
1625165959475 4 31249
1625166291654 4 31249
1625166307740 5 31299
1625166319729 5 31349
1625166331394 5 31399
1625166343033 5 31449
1625166354924 5 31499
1625166366780 5 31549
1625166378512 5 31599
1625166390260 5 31649
1625166401931 5 31699
1625166413558 5 31749
1625166425154 5 31799
1625166436815 5 31849
1625166448525 5 31899
1625166460190 5 31949
1625166471850 5 31999
1625166483440 5 32049
1625166495045 5 32099
1625166507117 5 32149
1625166518802 5 32199
1625166530487 5 32249
1625166542180 5 32299
1625166553936 5 32349
1625166565615 5 32399
1625166577226 5 32449
1625166588856 5 32499
1625166600488 5 32549
1625166612097 5 32599
1625166625239 5 32649
1625166639787 5 32699
1625166654122 5 32749
1625166668182 5 32799
1625166682697 5 32849
1625166697227 5 32899
1625166710725 5 32949
1625166724629 5 32999
1625166739037 5 33049
1625166752345 5 33099
1625166765042 5 33149
1625166776664 5 33199
1625166788663 5 33249
1625166800367 5 33299
1625166812037 5 33349
1625166823700 5 33399
1625166835317 5 33449
1625166847031 5 33499
1625166858695 5 33549
1625166870389 5 33599
1625166882040 5 33649
1625166893665 5 33699
1625166905341 5 33749
1625166917050 5 33799
1625166928803 5 33849
1625166940501 5 33899
1625166952225 5 33949
1625166963967 5 33999
1625166975596 5 34049
1625166987238 5 34099
1625166998909 5 34149
1625167010638 5 34199
1625167022307 5 34249
1625167034042 5 34299
1625167045646 5 34349
1625167059694 5 34399
1625167075170 5 34449
1625167092586 5 34499
1625167109715 5 34549
1625167126599 5 34599
1625167143381 5 34649
1625167160660 5 34699
1625167177548 5 34749
1625167193570 5 34799
1625167210187 5 34849
1625167225935 5 34899
1625167241017 5 34949
1625167253328 5 34999
1625167265566 5 35049
1625167277279 5 35099
1625167289050 5 35149
1625167300978 5 35199
1625167315357 5 35249
1625167329730 5 35299
1625167343830 5 35349
1625167358572 5 35399
1625167372579 5 35449
1625167387244 5 35499
1625167401278 5 35549
1625167416225 5 35599
1625167430381 5 35649
1625167444038 5 35699
1625167455770 5 35749
1625167467520 5 35799
1625167479405 5 35849
1625167491140 5 35899
1625167502765 5 35949
1625167514390 5 35999
1625167526029 5 36049
1625167537637 5 36099
1625167549277 5 36149
1625167560857 5 36199
1625167572598 5 36249
1625167584235 5 36299
1625167595963 5 36349
1625167607564 5 36399
1625167619294 5 36449
1625167630985 5 36499
1625167642668 5 36549
1625167654375 5 36599
1625167666018 5 36649
1625167677656 5 36699
1625167689364 5 36749
1625167701006 5 36799
1625167712707 5 36849
1625167724467 5 36899
1625167736092 5 36949
1625167747787 5 36999
1625167759486 5 37049
1625167771109 5 37099
1625167785110 5 37149
1625167801481 5 37199
1625167818270 5 37249
1625167834746 5 37299
1625167851677 5 37349
1625167868334 5 37399
1625167885511 5 37449
1625167903789 5 37499
1625167904915 5 37499
1625168171199 5 37499
1625168186962 6 37549
1625168198513 6 37599
1625168210030 6 37649
1625168222081 6 37699
1625168236424 6 37749
1625168250460 6 37799
1625168264863 6 37849
1625168278955 6 37899
1625168293126 6 37949
1625168308395 6 37999
1625168322223 6 38049
1625168336080 6 38099
1625168349988 6 38149
1625168363808 6 38199
1625168375491 6 38249
1625168387515 6 38299
1625168399209 6 38349
1625168410901 6 38399
1625168422504 6 38449
1625168434089 6 38499
1625168445672 6 38549
1625168457323 6 38599
1625168468928 6 38649
1625168480520 6 38699
1625168491998 6 38749
1625168503555 6 38799
1625168515148 6 38849
1625168526721 6 38899
1625168538324 6 38949
1625168549886 6 38999
1625168561443 6 39049
1625168573087 6 39099
1625168584841 6 39149
1625168596505 6 39199
1625168608170 6 39249
1625168619794 6 39299
1625168631416 6 39349
1625168643040 6 39399
1625168654696 6 39449
1625168666402 6 39499
1625168678123 6 39549
1625168691846 6 39599
1625168708872 6 39649
1625168725730 6 39699
1625168742226 6 39749
1625168759830 6 39799
1625168776767 6 39849
1625168793281 6 39899
1625168811205 6 39949
1625168827835 6 39999
1625168844507 6 40049
1625168858431 6 40099
1625168871732 6 40149
1625168883973 6 40199
1625168895680 6 40249
1625168907401 6 40299
1625168919055 6 40349
1625168930750 6 40399
1625168942388 6 40449
1625168954091 6 40499
1625168965756 6 40549
1625168977491 6 40599
1625168991655 6 40649
1625169005884 6 40699
1625169020301 6 40749
1625169034495 6 40799
1625169048734 6 40849
1625169062464 6 40899
1625169076929 6 40949
1625169090731 6 40999
1625169104303 6 41049
1625169118158 6 41099
1625169130606 6 41149
1625169142283 6 41199
1625169154195 6 41249
1625169165937 6 41299
1625169177615 6 41349
1625169189249 6 41399
1625169200908 6 41449
1625169212554 6 41499
1625169224216 6 41549
1625169236023 6 41599
1625169247625 6 41649
1625169259381 6 41699
1625169271060 6 41749
1625169282732 6 41799
1625169294353 6 41849
1625169305980 6 41899
1625169317602 6 41949
1625169329287 6 41999
1625169341006 6 42049
1625169352768 6 42099
1625169364396 6 42149
1625169376052 6 42199
1625169387761 6 42249
1625169399511 6 42299
1625169411190 6 42349
1625169422873 6 42399
1625169434619 6 42449
1625169446187 6 42499
1625169457817 6 42549
1625169469461 6 42599
1625169484507 6 42649
1625169500995 6 42699
1625169518409 6 42749
1625169534917 6 42799
1625169551468 6 42849
1625169568377 6 42899
1625169586328 6 42949
1625169603396 6 42999
1625169619989 6 43049
1625169636511 6 43099
1625169651584 6 43149
1625169663457 6 43199
1625169675639 6 43249
1625169687400 6 43299
1625169699112 6 43349
1625169710740 6 43399
1625169722359 6 43449
1625169733993 6 43499
1625169745816 6 43549
1625169757525 6 43599
1625169769152 6 43649
1625169780875 6 43699
1625169794413 6 43749
1625169796018 6 43749
1625170092328 6 43749
1625170108425 7 43799
1625170120069 7 43849
1625170131699 7 43899
1625170143334 7 43949
1625170154975 7 43999
1625170166601 7 44049
1625170178205 7 44099
1625170190414 7 44149
1625170202655 7 44199
1625170214338 7 44249
1625170225998 7 44299
1625170237581 7 44349
1625170249316 7 44399
1625170260889 7 44449
1625170272612 7 44499
1625170284269 7 44549
1625170295858 7 44599
1625170309958 7 44649
1625170327832 7 44699
1625170346153 7 44749
1625170362431 7 44799
1625170379437 7 44849
1625170396122 7 44899
1625170414095 7 44949
1625170430612 7 44999
1625170447492 7 45049
1625170464597 7 45099
1625170480615 7 45149
1625170495611 7 45199
1625170507220 7 45249
1625170520057 7 45299
1625170531864 7 45349
1625170543568 7 45399
1625170555288 7 45449
1625170566985 7 45499
1625170578628 7 45549
1625170590338 7 45599
1625170602085 7 45649
1625170613856 7 45699
1625170625628 7 45749
1625170637455 7 45799
1625170649151 7 45849
1625170662244 7 45899
1625170677640 7 45949
1625170694031 7 45999
1625170708474 7 46049
1625170722839 7 46099
1625170737321 7 46149
1625170752133 7 46199
1625170766633 7 46249
1625170781141 7 46299
1625170795210 7 46349
1625170809124 7 46399
1625170820891 7 46449
1625170833321 7 46499
1625170845029 7 46549
1625170856784 7 46599
1625170868500 7 46649
1625170880247 7 46699
1625170892005 7 46749
1625170903801 7 46799
1625170915584 7 46849
1625170927212 7 46899
1625170938972 7 46949
1625170950774 7 46999
1625170962626 7 47049
1625170974316 7 47099
1625170986009 7 47149
1625170997701 7 47199
1625171009417 7 47249
1625171021131 7 47299
1625171032847 7 47349
1625171044672 7 47399
1625171056924 7 47449
1625171068696 7 47499
1625171080439 7 47549
1625171092264 7 47599
1625171104071 7 47649
1625171116122 7 47699
1625171127953 7 47749
1625171139753 7 47799
1625171151520 7 47849
1625171163311 7 47899
1625171176464 7 47949
1625171193053 7 47999
1625171210698 7 48049
1625171227403 7 48099
1625171244325 7 48149
1625171261118 7 48199
1625171278469 7 48249
1625171295570 7 48299
1625171312142 7 48349
1625171328641 7 48399
1625171345660 7 48449
1625171361965 7 48499
1625171375080 7 48549
1625171388386 7 48599
1625171400495 7 48649
1625171412313 7 48699
1625171424219 7 48749
1625171438060 7 48799
1625171452955 7 48849
1625171468420 7 48899
1625171482898 7 48949
1625171497553 7 48999
1625171512542 7 49049
1625171527867 7 49099
1625171542445 7 49149
1625171556920 7 49199
1625171571742 7 49249
1625171584857 7 49299
1625171596627 7 49349
1625171609361 7 49399
1625171621130 7 49449
1625171632876 7 49499
1625171644600 7 49549
1625171656344 7 49599
1625171668069 7 49649
1625171679709 7 49699
1625171691494 7 49749
1625171703277 7 49799
1625171714994 7 49849
1625171727340 7 49899
1625171739226 7 49949
1625171753216 7 49999
1625171754668 7 49999
1625172099649 7 49999
1625172120627 8 50049
1625172137147 8 50099
1625172151262 8 50149
1625172163567 8 50199
1625172177190 8 50249
1625172188999 8 50299
1625172200876 8 50349
1625172212873 8 50399
1625172224725 8 50449
1625172236386 8 50499
1625172248049 8 50549
1625172259702 8 50599
1625172271401 8 50649
1625172283096 8 50699
1625172294922 8 50749
1625172306609 8 50799
1625172318349 8 50849
1625172330097 8 50899
1625172342280 8 50949
1625172356719 8 50999
1625172371961 8 51049
1625172386752 8 51099
1625172401103 8 51149
1625172415806 8 51199
1625172430636 8 51249
1625172445137 8 51299
1625172459662 8 51349
1625172474277 8 51399
1625172489513 8 51449
1625172502098 8 51499
1625172515743 8 51549
1625172527653 8 51599
1625172539422 8 51649
1625172551291 8 51699
1625172562955 8 51749
1625172574693 8 51799
1625172586404 8 51849
1625172598127 8 51899
1625172610030 8 51949
1625172622654 8 51999
1625172634523 8 52049
1625172647707 8 52099
1625172660119 8 52149
1625172672016 8 52199
1625172683899 8 52249
1625172695593 8 52299
1625172707357 8 52349
1625172719195 8 52399
1625172730977 8 52449
1625172742848 8 52499
1625172754639 8 52549
1625172766406 8 52599
1625172778077 8 52649
1625172789771 8 52699
1625172801501 8 52749
1625172813283 8 52799
1625172825100 8 52849
1625172836854 8 52899
1625172848594 8 52949
1625172860312 8 52999
1625172872248 8 53049
1625172884017 8 53099
1625172898244 8 53149
1625172915701 8 53199
1625172932848 8 53249
1625172950044 8 53299
1625172967088 8 53349
1625172984200 8 53399
1625173000587 8 53449
1625173017995 8 53499
1625173034141 8 53549
1625173051319 8 53599
1625173069135 8 53649
1625173085721 8 53699
1625173101423 8 53749
1625173115445 8 53799
1625173130264 8 53849
1625173145171 8 53899
1625173159739 8 53949
1625173174265 8 53999
1625173189445 8 54049
1625173203925 8 54099
1625173216933 8 54149
1625173230430 8 54199
1625173242287 8 54249
1625173254118 8 54299
1625173265853 8 54349
1625173277621 8 54399
1625173289438 8 54449
1625173301310 8 54499
1625173313043 8 54549
1625173324796 8 54599
1625173336595 8 54649
1625173348289 8 54699
1625173360254 8 54749
1625173372051 8 54799
1625173383958 8 54849
1625173395758 8 54899
1625173407493 8 54949
1625173419312 8 54999
1625173431113 8 55049
1625173442818 8 55099
1625173454531 8 55149
1625173466221 8 55199
1625173478024 8 55249
1625173489696 8 55299
1625173501423 8 55349
1625173513168 8 55399
1625173524943 8 55449
1625173536689 8 55499
1625173548402 8 55549
1625173561093 8 55599
1625173577418 8 55649
1625173592662 8 55699
1625173608721 8 55749
1625173625819 8 55799
1625173642553 8 55849
1625173659565 8 55899
1625173676251 8 55949
1625173693756 8 55999
1625173710434 8 56049
1625173726927 8 56099
1625173742589 8 56149
1625173758704 8 56199
1625173775792 8 56249
1625173780006 8 56249
1625174082160 8 56249
1625174101630 9 56299
1625174115858 9 56349
1625174130597 9 56399
1625174146111 9 56449
1625174161170 9 56499
1625174176445 9 56549
1625174190797 9 56599
1625174202730 9 56649
1625174215962 9 56699
1625174227760 9 56749
1625174239515 9 56799
1625174251160 9 56849
1625174262791 9 56899
1625174274586 9 56949
1625174286316 9 56999
1625174297989 9 57049
1625174309637 9 57099
1625174321351 9 57149
1625174333047 9 57199
1625174345263 9 57249
1625174357079 9 57299
1625174368927 9 57349
1625174380767 9 57399
1625174392547 9 57449
1625174404377 9 57499
1625174416504 9 57549
1625174428139 9 57599
1625174439906 9 57649
1625174451680 9 57699
1625174463612 9 57749
1625174476140 9 57799
1625174490144 9 57849
1625174502212 9 57899
1625174514286 9 57949
1625174526793 9 57999
1625174539145 9 58049
1625174551221 9 58099
1625174563156 9 58149
1625174574912 9 58199
1625174586893 9 58249
1625174598589 9 58299
1625174610800 9 58349
1625174627509 9 58399
1625174645535 9 58449
1625174662679 9 58499
1625174680326 9 58549
1625174697430 9 58599
1625174714845 9 58649
1625174732951 9 58699
1625174750147 9 58749
1625174767492 9 58799
1625174784839 9 58849
1625174803326 9 58899
1625174818877 9 58949
1625174835080 9 58999
1625174850245 9 59049
1625174864132 9 59099
1625174876020 9 59149
1625174888499 9 59199
1625174900265 9 59249
1625174912071 9 59299
1625174923804 9 59349
1625174935429 9 59399
1625174947266 9 59449
1625174959135 9 59499
1625174970851 9 59549
1625174982526 9 59599
1625174994227 9 59649
1625175006000 9 59699
1625175017785 9 59749
1625175029515 9 59799
1625175041280 9 59849
1625175052986 9 59899
1625175064625 9 59949
1625175076418 9 59999
1625175088154 9 60049
1625175099868 9 60099
1625175111606 9 60149
1625175123334 9 60199
1625175135068 9 60249
1625175146727 9 60299
1625175158466 9 60349
1625175170191 9 60399
1625175181742 9 60449
1625175197272 9 60499
1625175212680 9 60549
1625175228438 9 60599
1625175243787 9 60649
1625175259093 9 60699
1625175275715 9 60749
1625175293475 9 60799
1625175310152 9 60849
1625175326660 9 60899
1625175342489 9 60949
1625175358981 9 60999
1625175374351 9 61049
1625175389112 9 61099
1625175404094 9 61149
1625175419854 9 61199
1625175433012 9 61249
1625175444747 9 61299
1625175456788 9 61349
1625175468672 9 61399
1625175480372 9 61449
1625175492105 9 61499
1625175503768 9 61549
1625175515432 9 61599
1625175527079 9 61649
1625175538737 9 61699
1625175550321 9 61749
1625175561985 9 61799
1625175573603 9 61849
1625175585256 9 61899
1625175596935 9 61949
1625175608681 9 61999
1625175620317 9 62049
1625175632061 9 62099
1625175643699 9 62149
1625175655390 9 62199
1625175666995 9 62249
1625175678666 9 62299
1625175690324 9 62349
1625175702057 9 62399
1625175716114 9 62449
1625175729618 9 62499
1625175730711 9 62499
1625176027311 9 62499
1625176043089 10 62549
1625176054737 10 62599
1625176066319 10 62649
1625176077885 10 62699
1625176089517 10 62749
1625176101086 10 62799
1625176112751 10 62849
1625176124298 10 62899
1625176135931 10 62949
1625176147539 10 62999
1625176159116 10 63049
1625176170681 10 63099
1625176182336 10 63149
1625176194045 10 63199
1625176205685 10 63249
1625176217311 10 63299
1625176228951 10 63349
1625176240697 10 63399
1625176252338 10 63449
1625176263925 10 63499
1625176275675 10 63549
1625176287218 10 63599
1625176298916 10 63649
1625176310600 10 63699
1625176323035 10 63749
1625176340426 10 63799
1625176357415 10 63849
1625176374775 10 63899
1625176392420 10 63949
1625176410749 10 63999
1625176428358 10 64049
1625176445386 10 64099
1625176462426 10 64149
1625176479944 10 64199
1625176497113 10 64249
1625176513427 10 64299
1625176526686 10 64349
1625176540525 10 64399
1625176552395 10 64449
1625176564214 10 64499
1625176575943 10 64549
1625176587549 10 64599
1625176599293 10 64649
1625176611130 10 64699
1625176622823 10 64749
1625176634510 10 64799
1625176646179 10 64849
1625176657843 10 64899
1625176669552 10 64949
1625176681305 10 64999
1625176693153 10 65049
1625176704920 10 65099
1625176716672 10 65149
1625176728331 10 65199
1625176740041 10 65249
1625176751735 10 65299
1625176763419 10 65349
1625176775107 10 65399
1625176786749 10 65449
1625176800491 10 65499
1625176816054 10 65549
1625176831385 10 65599
1625176847489 10 65649
1625176862376 10 65699
1625176877716 10 65749
1625176893446 10 65799
1625176910797 10 65849
1625176929385 10 65899
1625176947013 10 65949
1625176963085 10 65999
1625176980758 10 66049
1625176996930 10 66099
1625177012361 10 66149
1625177028054 10 66199
1625177044420 10 66249
1625177059564 10 66299
1625177074610 10 66349
1625177087228 10 66399
1625177100208 10 66449
1625177112242 10 66499
1625177124041 10 66549
1625177135817 10 66599
1625177147583 10 66649
1625177159285 10 66699
1625177171064 10 66749
1625177182728 10 66799
1625177194443 10 66849
1625177206208 10 66899
1625177217913 10 66949
1625177229741 10 66999
1625177241458 10 67049
1625177253152 10 67099
1625177264858 10 67149
1625177276611 10 67199
1625177288316 10 67249
1625177299903 10 67299
1625177311622 10 67349
1625177324780 10 67399
1625177338213 10 67449
1625177350078 10 67499
1625177362528 10 67549
1625177376131 10 67599
1625177388091 10 67649
1625177401471 10 67699
1625177415735 10 67749
1625177431061 10 67799
1625177446525 10 67849
1625177462055 10 67899
1625177476490 10 67949
1625177491487 10 67999
1625177506600 10 68049
1625177522232 10 68099
1625177537255 10 68149
1625177552043 10 68199
1625177566944 10 68249
1625177580916 10 68299
1625177594235 10 68349
1625177606441 10 68399
1625177618147 10 68449
1625177629909 10 68499
1625177641654 10 68549
1625177653366 10 68599
1625177666357 10 68649
1625177678180 10 68699
1625177691826 10 68749
1625177692900 10 68749
1625177997125 10 68749
1625178016834 11 68799
1625178031954 11 68849
1625178048386 11 68899
1625178066533 11 68949
1625178083868 11 68999
1625178101208 11 69049
1625178118707 11 69099
1625178137981 11 69149
1625178155597 11 69199
1625178172398 11 69249
1625178189070 11 69299
1625178206812 11 69349
1625178224771 11 69399
1625178240988 11 69449
1625178255961 11 69499
1625178270784 11 69549
1625178283184 11 69599
1625178294971 11 69649
1625178306659 11 69699
1625178318427 11 69749
1625178330130 11 69799
1625178341831 11 69849
1625178353480 11 69899
1625178365091 11 69949
1625178376693 11 69999
1625178388403 11 70049
1625178400188 11 70099
1625178413496 11 70149
1625178429831 11 70199
1625178445305 11 70249
1625178460630 11 70299
1625178476023 11 70349
1625178492668 11 70399
1625178507907 11 70449
1625178523103 11 70499
1625178538545 11 70549
1625178555595 11 70599
1625178571814 11 70649
1625178588357 11 70699
1625178605722 11 70749
1625178621827 11 70799
1625178638006 11 70849
1625178654401 11 70899
1625178670576 11 70949
1625178686428 11 70999
1625178701916 11 71049
1625178717358 11 71099
1625178729629 11 71149
1625178743138 11 71199
1625178755177 11 71249
1625178767170 11 71299
1625178779328 11 71349
1625178791119 11 71399
1625178802921 11 71449
1625178814621 11 71499
1625178826373 11 71549
1625178838102 11 71599
1625178849937 11 71649
1625178861724 11 71699
1625178873441 11 71749
1625178885218 11 71799
1625178896934 11 71849
1625178908654 11 71899
1625178920407 11 71949
1625178932083 11 71999
1625178944005 11 72049
1625178955788 11 72099
1625178967508 11 72149
1625178979213 11 72199
1625178991393 11 72249
1625179003091 11 72299
1625179014893 11 72349
1625179028791 11 72399
1625179042957 11 72449
1625179055501 11 72499
1625179068312 11 72549
1625179081483 11 72599
1625179093655 11 72649
1625179105971 11 72699
1625179120836 11 72749
1625179136066 11 72799
1625179150345 11 72849
1625179164699 11 72899
1625179179615 11 72949
1625179194629 11 72999
1625179210108 11 73049
1625179224544 11 73099
1625179239025 11 73149
1625179253787 11 73199
1625179267425 11 73249
1625179279156 11 73299
1625179292241 11 73349
1625179304435 11 73399
1625179316180 11 73449
1625179328112 11 73499
1625179339895 11 73549
1625179351696 11 73599
1625179363393 11 73649
1625179375144 11 73699
1625179386874 11 73749
1625179398778 11 73799
1625179410440 11 73849
1625179422187 11 73899
1625179434059 11 73949
1625179447602 11 73999
1625179460678 11 74049
1625179472596 11 74099
1625179487662 11 74149
1625179503693 11 74199
1625179517385 11 74249
1625179529939 11 74299
1625179542608 11 74349
1625179555039 11 74399
1625179568128 11 74449
1625179579995 11 74499
1625179591688 11 74549
1625179605185 11 74599
1625179620608 11 74649
1625179636034 11 74699
1625179651415 11 74749
1625179666911 11 74799
1625179681882 11 74849
1625179696825 11 74899
1625179711928 11 74949
1625179728699 11 74999
1625179729802 11 74999
1625180156800 11 74999
1625180176278 12 75049
1625180189287 12 75099
1625180204864 12 75149
1625180221069 12 75199
1625180237713 12 75249
1625180252694 12 75299
1625180267948 12 75349
1625180284167 12 75399
1625180300659 12 75449
1625180316206 12 75499
1625180331544 12 75549
1625180348405 12 75599
1625180361556 12 75649
1625180374310 12 75699
1625180388142 12 75749
1625180400897 12 75799
1625180412588 12 75849
1625180424412 12 75899
1625180436127 12 75949
1625180447951 12 75999
1625180459695 12 76049
1625180471746 12 76099
1625180483555 12 76149
1625180495157 12 76199
1625180506858 12 76249
1625180518536 12 76299
1625180530161 12 76349
1625180541821 12 76399
1625180555165 12 76449
1625180568127 12 76499
1625180579814 12 76549
1625180591669 12 76599
1625180603433 12 76649
1625180615226 12 76699
1625180626998 12 76749
1625180638870 12 76799
1625180650596 12 76849
1625180662302 12 76899
1625180674031 12 76949
1625180685756 12 76999
1625180698806 12 77049
1625180712829 12 77099
1625180724800 12 77149
1625180738402 12 77199
1625180751074 12 77249
1625180764015 12 77299
1625180776090 12 77349
1625180788661 12 77399
1625180801276 12 77449
1625180816316 12 77499
1625180830963 12 77549
1625180845663 12 77599
1625180860462 12 77649
1625180875359 12 77699
1625180890120 12 77749
1625180904923 12 77799
1625180919326 12 77849
1625180934310 12 77899
1625180948822 12 77949
1625180962435 12 77999
1625180974466 12 78049
1625180987217 12 78099
1625180998962 12 78149
1625181010738 12 78199
1625181022317 12 78249
1625181034321 12 78299
1625181046001 12 78349
1625181058669 12 78399
1625181071817 12 78449
1625181083756 12 78499
1625181095596 12 78549
1625181107359 12 78599
1625181118982 12 78649
1625181131257 12 78699
1625181143753 12 78749
1625181155854 12 78799
1625181167640 12 78849
1625181179343 12 78899
1625181192448 12 78949
1625181204489 12 78999
1625181218214 12 79049
1625181234358 12 79099
1625181249507 12 79149
1625181265132 12 79199
1625181280585 12 79249
1625181295553 12 79299
1625181310651 12 79349
1625181327939 12 79399
1625181342613 12 79449
1625181358057 12 79499
1625181372394 12 79549
1625181385132 12 79599
1625181397167 12 79649
1625181408986 12 79699
1625181420710 12 79749
1625181432465 12 79799
1625181444158 12 79849
1625181455881 12 79899
1625181467591 12 79949
1625181479195 12 79999
1625181494465 12 80049
1625181511450 12 80099
1625181528138 12 80149
1625181545216 12 80199
1625181562937 12 80249
1625181580372 12 80299
1625181597572 12 80349
1625181614439 12 80399
1625181632464 12 80449
1625181649933 12 80499
1625181667482 12 80549
1625181684728 12 80599
1625181701334 12 80649
1625181717391 12 80699
1625181732784 12 80749
1625181747998 12 80799
1625181764228 12 80849
1625181783245 12 80899
1625181798317 12 80949
1625181812863 12 80999
1625181824837 12 81049
1625181841118 12 81099
1625181856875 12 81149
1625181872683 12 81199
1625181890453 12 81249
1625181891535 12 81249
1625182211293 12 81249
1625182227311 13 81299
1625182239006 13 81349
1625182251133 13 81399
1625182262800 13 81449
1625182274461 13 81499
1625182286083 13 81549
1625182297739 13 81599
1625182311308 13 81649
1625182324735 13 81699
1625182337078 13 81749
1625182349144 13 81799
1625182361584 13 81849
1625182373807 13 81899
1625182385439 13 81949
1625182397007 13 81999
1625182409375 13 82049
1625182421598 13 82099
1625182433897 13 82149
1625182445555 13 82199
1625182457294 13 82249
1625182469799 13 82299
1625182482253 13 82349
1625182496183 13 82399
1625182511348 13 82449
1625182526632 13 82499
1625182541504 13 82549
1625182555574 13 82599
1625182570215 13 82649
1625182585891 13 82699
1625182600852 13 82749
1625182616644 13 82799
1625182631536 13 82849
1625182646142 13 82899
1625182659101 13 82949
1625182671960 13 82999
1625182683739 13 83049
1625182695531 13 83099
1625182707320 13 83149
1625182718981 13 83199
1625182730792 13 83249
1625182742558 13 83299
1625182754225 13 83349
1625182766038 13 83399
1625182777742 13 83449
1625182789559 13 83499
1625182801391 13 83549
1625182812996 13 83599
1625182825985 13 83649
1625182838838 13 83699
1625182851865 13 83749
1625182867243 13 83799
1625182882650 13 83849
1625182897851 13 83899
1625182912968 13 83949
1625182927931 13 83999
1625182943798 13 84049
1625182959288 13 84099
1625182974176 13 84149
1625182989124 13 84199
1625183004711 13 84249
1625183017303 13 84299
1625183030766 13 84349
1625183042555 13 84399
1625183054322 13 84449
1625183066132 13 84499
1625183077881 13 84549
1625183089528 13 84599
1625183101196 13 84649
1625183112980 13 84699
1625183124557 13 84749
1625183139487 13 84799
1625183151678 13 84849
1625183163866 13 84899
1625183175706 13 84949
1625183187452 13 84999
1625183200455 13 85049
1625183216190 13 85099
1625183232857 13 85149
1625183249453 13 85199
1625183266813 13 85249
1625183285301 13 85299
1625183303597 13 85349
1625183321573 13 85399
1625183339230 13 85449
1625183358166 13 85499
1625183376606 13 85549
1625183393956 13 85599
1625183411667 13 85649
1625183428841 13 85699
1625183445457 13 85749
1625183461410 13 85799
1625183477409 13 85849
1625183493981 13 85899
1625183510751 13 85949
1625183526006 13 85999
1625183541292 13 86049
1625183556462 13 86099
1625183571947 13 86149
1625183587465 13 86199
1625183603905 13 86249
1625183619358 13 86299
1625183633396 13 86349
1625183645749 13 86399
1625183657947 13 86449
1625183670174 13 86499
1625183683309 13 86549
1625183695069 13 86599
1625183707023 13 86649
1625183719669 13 86699
1625183733314 13 86749
1625183745824 13 86799
1625183758118 13 86849
1625183769966 13 86899
1625183783023 13 86949
1625183795107 13 86999
1625183806851 13 87049
1625183818863 13 87099
1625183831065 13 87149
1625183842996 13 87199
1625183855691 13 87249
1625183867431 13 87299
1625183879720 13 87349
1625183892322 13 87399
1625183904152 13 87449
1625183919081 13 87499
1625183920161 13 87499
1625184205936 13 87499
1625184225433 14 87549
1625184240653 14 87599
1625184255149 14 87649
1625184270293 14 87699
1625184286054 14 87749
1625184300159 14 87799
1625184314557 14 87849
1625184329570 14 87899
1625184345513 14 87949
1625184357907 14 87999
1625184370944 14 88049
1625184382671 14 88099
1625184394381 14 88149
1625184406128 14 88199
1625184417834 14 88249
1625184430323 14 88299
1625184443285 14 88349
1625184455286 14 88399
1625184467417 14 88449
1625184482118 14 88499
1625184497600 14 88549
1625184513263 14 88599
1625184528278 14 88649
1625184542920 14 88699
1625184557960 14 88749
1625184573049 14 88799
1625184588191 14 88849
1625184603391 14 88899
1625184618590 14 88949
1625184631981 14 88999
1625184644285 14 89049
1625184656611 14 89099
1625184668398 14 89149
1625184680798 14 89199
1625184693921 14 89249
1625184707338 14 89299
1625184719582 14 89349
1625184731780 14 89399
1625184744144 14 89449
1625184756021 14 89499
1625184767829 14 89549
1625184779577 14 89599
1625184792426 14 89649
1625184805135 14 89699
1625184817088 14 89749
1625184828739 14 89799
1625184840565 14 89849
1625184852439 14 89899
1625184864202 14 89949
1625184875974 14 89999
1625184888569 14 90049
1625184901224 14 90099
1625184913151 14 90149
1625184927782 14 90199
1625184945254 14 90249
1625184964118 14 90299
1625184982314 14 90349
1625185000028 14 90399
1625185018523 14 90449
1625185035794 14 90499
1625185054933 14 90549
1625185072311 14 90599
1625185090393 14 90649
1625185108854 14 90699
1625185127728 14 90749
1625185144919 14 90799
1625185162173 14 90849
1625185177826 14 90899
1625185194540 14 90949
1625185210467 14 90999
1625185226067 14 91049
1625185241714 14 91099
1625185257059 14 91149
1625185271747 14 91199
1625185285371 14 91249
1625185298108 14 91299
1625185309913 14 91349
1625185321977 14 91399
1625185333718 14 91449
1625185345558 14 91499
1625185357341 14 91549
1625185370080 14 91599
1625185382011 14 91649
1625185393752 14 91699
1625185405536 14 91749
1625185418352 14 91799
1625185430761 14 91849
1625185442756 14 91899
1625185455007 14 91949
1625185468670 14 91999
1625185481572 14 92049
1625185493424 14 92099
1625185505680 14 92149
1625185519378 14 92199
1625185531249 14 92249
1625185543042 14 92299
1625185555419 14 92349
1625185570205 14 92399
1625185582898 14 92449
1625185595248 14 92499
1625185607940 14 92549
1625185619644 14 92599
1625185631416 14 92649
1625185643241 14 92699
1625185655026 14 92749
1625185666750 14 92799
1625185678447 14 92849
1625185690103 14 92899
1625185701927 14 92949
1625185713659 14 92999
1625185725510 14 93049
1625185737313 14 93099
1625185748913 14 93149
1625185760715 14 93199
1625185772360 14 93249
1625185784098 14 93299
1625185795871 14 93349
1625185807600 14 93399
1625185819365 14 93449
1625185830978 14 93499
1625185843097 14 93549
1625185855524 14 93599
1625185867526 14 93649
1625185879281 14 93699
1625185894627 14 93749
1625185895708 14 93749
1625186264461 14 93749
1625186280181 15 93799
1625186293488 15 93849
1625186305394 15 93899
1625186318181 15 93949
1625186329854 15 93999
1625186341568 15 94049
1625186353264 15 94099
1625186365596 15 94149
1625186377704 15 94199
1625186389595 15 94249
1625186401297 15 94299
1625186414254 15 94349
1625186427248 15 94399
1625186439421 15 94449
1625186451219 15 94499
1625186462913 15 94549
1625186475019 15 94599
1625186487173 15 94649
1625186499015 15 94699
1625186510623 15 94749
1625186522321 15 94799
1625186533982 15 94849
1625186545735 15 94899
1625186557410 15 94949
1625186569053 15 94999
1625186580704 15 95049
1625186593548 15 95099
1625186609211 15 95149
1625186625618 15 95199
1625186640913 15 95249
1625186657196 15 95299
1625186674545 15 95349
1625186691573 15 95399
1625186708771 15 95449
1625186726876 15 95499
1625186745856 15 95549
1625186764503 15 95599
1625186782565 15 95649
1625186800695 15 95699
1625186818192 15 95749
1625186836817 15 95799
1625186854896 15 95849
1625186871571 15 95899
1625186888505 15 95949
1625186905291 15 95999
1625186920736 15 96049
1625186933171 15 96099
1625186946889 15 96149
1625186958672 15 96199
1625186970419 15 96249
1625186982262 15 96299
1625186993842 15 96349
1625187005969 15 96399
1625187018292 15 96449
1625187030137 15 96499
1625187042028 15 96549
1625187053711 15 96599
1625187065370 15 96649
1625187077079 15 96699
1625187089847 15 96749
1625187102213 15 96799
1625187114696 15 96849
1625187127015 15 96899
1625187138980 15 96949
1625187150810 15 96999
1625187162587 15 97049
1625187174308 15 97099
1625187186086 15 97149
1625187198933 15 97199
1625187211869 15 97249
1625187225385 15 97299
1625187237436 15 97349
1625187249291 15 97399
1625187261042 15 97449
1625187272757 15 97499
1625187284475 15 97549
1625187296261 15 97599
1625187308013 15 97649
1625187319810 15 97699
1625187331571 15 97749
1625187343227 15 97799
1625187354944 15 97849
1625187366659 15 97899
1625187378258 15 97949
1625187390066 15 97999
1625187401904 15 98049
1625187413513 15 98099
1625187425295 15 98149
1625187437292 15 98199
1625187449077 15 98249
1625187460797 15 98299
1625187472873 15 98349
1625187484732 15 98399
1625187496438 15 98449
1625187508117 15 98499
1625187519822 15 98549
1625187531579 15 98599
1625187543397 15 98649
1625187556028 15 98699
1625187568506 15 98749
1625187583154 15 98799
1625187598905 15 98849
1625187614339 15 98899
1625187629510 15 98949
1625187644134 15 98999
1625187659760 15 99049
1625187674488 15 99099
1625187689307 15 99149
1625187703812 15 99199
1625187721203 15 99249
1625187737080 15 99299
1625187752496 15 99349
1625187767553 15 99399
1625187782639 15 99449
1625187796953 15 99499
1625187811886 15 99549
1625187826497 15 99599
1625187840737 15 99649
1625187856015 15 99699
1625187868353 15 99749
1625187881341 15 99799
1625187893069 15 99849
1625187904896 15 99899
1625187916712 15 99949
1625187930427 15 99999
1625187931491 15 99999
1625188210951 15 99999
1625188228028 16 100049
1625188243551 16 100099
1625188258891 16 100149
1625188276186 16 100199
1625188292889 16 100249
1625188308842 16 100299
1625188324335 16 100349
1625188339693 16 100399
1625188355381 16 100449
1625188372505 16 100499
1625188388432 16 100549
1625188405827 16 100599
1625188422830 16 100649
1625188440628 16 100699
1625188458164 16 100749
1625188476956 16 100799
1625188494541 16 100849
1625188512373 16 100899
1625188529158 16 100949
1625188547462 16 100999
1625188565054 16 101049
1625188582045 16 101099
1625188598144 16 101149
1625188615060 16 101199
1625188630679 16 101249
1625188643220 16 101299
1625188656664 16 101349
1625188668909 16 101399
1625188681782 16 101449
1625188694746 16 101499
1625188707707 16 101549
1625188721255 16 101599
1625188734466 16 101649
1625188747611 16 101699
1625188759884 16 101749
1625188771603 16 101799
1625188784072 16 101849
1625188797911 16 101899
1625188810996 16 101949
1625188822989 16 101999
1625188836168 16 102049
1625188849402 16 102099
1625188861693 16 102149
1625188873578 16 102199
1625188885906 16 102249
1625188898862 16 102299
1625188910931 16 102349
1625188923233 16 102399
1625188936026 16 102449
1625188948382 16 102499
1625188960553 16 102549
1625188973011 16 102599
1625188984956 16 102649
1625188997313 16 102699
1625189009270 16 102749
1625189022831 16 102799
1625189036403 16 102849
1625189048856 16 102899
1625189060810 16 102949
1625189072808 16 102999
1625189084550 16 103049
1625189096215 16 103099
1625189107959 16 103149
1625189119774 16 103199
1625189131478 16 103249
1625189143384 16 103299
1625189155217 16 103349
1625189167142 16 103399
1625189179064 16 103449
1625189190800 16 103499
1625189203464 16 103549
1625189216271 16 103599
1625189228098 16 103649
1625189240015 16 103699
1625189252814 16 103749
1625189265938 16 103799
1625189280896 16 103849
1625189296668 16 103899
1625189310701 16 103949
1625189326444 16 103999
1625189343205 16 104049
1625189360209 16 104099
1625189376338 16 104149
1625189392216 16 104199
1625189407880 16 104249
1625189424428 16 104299
1625189440362 16 104349
1625189455625 16 104399
1625189471393 16 104449
1625189486350 16 104499
1625189500834 16 104549
1625189513246 16 104599
1625189526496 16 104649
1625189540180 16 104699
1625189552846 16 104749
1625189565803 16 104799
1625189578495 16 104849
1625189590351 16 104899
1625189602072 16 104949
1625189613808 16 104999
1625189625531 16 105049
1625189637268 16 105099
1625189649009 16 105149
1625189660747 16 105199
1625189672769 16 105249
1625189685599 16 105299
1625189699474 16 105349
1625189712100 16 105399
1625189724003 16 105449
1625189737679 16 105499
1625189750235 16 105549
1625189762037 16 105599
1625189774548 16 105649
1625189788176 16 105699
1625189801516 16 105749
1625189814385 16 105799
1625189826505 16 105849
1625189838310 16 105899
1625189853389 16 105949
1625189869411 16 105999
1625189885301 16 106049
1625189901270 16 106099
1625189916906 16 106149
1625189932043 16 106199
1625189949251 16 106249
1625189950352 16 106249
1625190384678 16 106249
1625190402326 17 106299
1625190415410 17 106349
1625190427893 17 106399
1625190440469 17 106449
1625190452361 17 106499
1625190464122 17 106549
1625190475982 17 106599
1625190487993 17 106649
1625190500775 17 106699
1625190512399 17 106749
1625190523985 17 106799
1625190538064 17 106849
1625190552975 17 106899
1625190565636 17 106949
1625190578422 17 106999
1625190590422 17 107049
1625190603874 17 107099
1625190616409 17 107149
1625190628986 17 107199
1625190641275 17 107249
1625190653136 17 107299
1625190664911 17 107349
1625190676583 17 107399
1625190688982 17 107449
1625190701740 17 107499
1625190714283 17 107549
1625190726597 17 107599
1625190739111 17 107649
1625190751718 17 107699
1625190763630 17 107749
1625190775442 17 107799
1625190787572 17 107849
1625190799357 17 107899
1625190811351 17 107949
1625190823264 17 107999
1625190835534 17 108049
1625190847371 17 108099
1625190860077 17 108149
1625190873198 17 108199
1625190886349 17 108249
1625190898966 17 108299
1625190911361 17 108349
1625190923227 17 108399
1625190935859 17 108449
1625190948195 17 108499
1625190962561 17 108549
1625190977972 17 108599
1625190994254 17 108649
1625191010440 17 108699
1625191026083 17 108749
1625191042709 17 108799
1625191059908 17 108849
1625191076113 17 108899
1625191092206 17 108949
1625191107954 17 108999
1625191123658 17 109049
1625191139919 17 109099
1625191155183 17 109149
1625191170376 17 109199
1625191183201 17 109249
1625191196737 17 109299
1625191209074 17 109349
1625191220899 17 109399
1625191234009 17 109449
1625191247574 17 109499
1625191259825 17 109549
1625191271831 17 109599
1625191283727 17 109649
1625191295435 17 109699
1625191307233 17 109749
1625191319372 17 109799
1625191332630 17 109849
1625191344485 17 109899
1625191356307 17 109949
1625191368136 17 109999
1625191381668 17 110049
1625191395586 17 110099
1625191409936 17 110149
1625191422268 17 110199
1625191435377 17 110249
1625191447098 17 110299
1625191460263 17 110349
1625191475106 17 110399
1625191490728 17 110449
1625191506517 17 110499
1625191522134 17 110549
1625191538004 17 110599
1625191553691 17 110649
1625191569585 17 110699
1625191584860 17 110749
1625191601069 17 110799
1625191617405 17 110849
1625191633063 17 110899
1625191645326 17 110949
1625191658726 17 110999
1625191671590 17 111049
1625191687443 17 111099
1625191702451 17 111149
1625191718106 17 111199
1625191733411 17 111249
1625191748981 17 111299
1625191765017 17 111349
1625191780771 17 111399
1625191796845 17 111449
1625191811903 17 111499
1625191827808 17 111549
1625191841100 17 111599
1625191854409 17 111649
1625191869680 17 111699
1625191886733 17 111749
1625191902862 17 111799
1625191919647 17 111849
1625191936517 17 111899
1625191953439 17 111949
1625191971951 17 111999
1625191988541 17 112049
1625192004787 17 112099
1625192022547 17 112149
1625192039865 17 112199
1625192056197 17 112249
1625192072127 17 112299
1625192088562 17 112349
1625192104582 17 112399
1625192116979 17 112449
1625192132393 17 112499
1625192133465 17 112499
1625192445139 17 112499
1625192461065 18 112549
1625192473245 18 112599
1625192485847 18 112649
1625192498428 18 112699
1625192510792 18 112749
1625192522857 18 112799
1625192535551 18 112849
1625192548949 18 112899
1625192561916 18 112949
1625192575177 18 112999
1625192587401 18 113049
1625192599526 18 113099
1625192611268 18 113149
1625192626282 18 113199
1625192641819 18 113249
1625192657902 18 113299
1625192674402 18 113349
1625192691684 18 113399
1625192707071 18 113449
1625192724052 18 113499
1625192741881 18 113549
1625192759090 18 113599
1625192776222 18 113649
1625192793625 18 113699
1625192809139 18 113749
1625192824636 18 113799
1625192840444 18 113849
1625192855960 18 113899
1625192871366 18 113949
1625192886108 18 113999
1625192900019 18 114049
1625192913746 18 114099
1625192925967 18 114149
1625192939043 18 114199
1625192951609 18 114249
1625192963399 18 114299
1625192976718 18 114349
1625192988817 18 114399
1625193001436 18 114449
1625193014383 18 114499
1625193026935 18 114549
1625193039761 18 114599
1625193052487 18 114649
1625193064805 18 114699
1625193077014 18 114749
1625193091059 18 114799
1625193107135 18 114849
1625193124574 18 114899
1625193139613 18 114949
1625193155291 18 114999
1625193171620 18 115049
1625193188339 18 115099
1625193204697 18 115149
1625193221750 18 115199
1625193237814 18 115249
1625193254269 18 115299
1625193269957 18 115349
1625193283681 18 115399
1625193299814 18 115449
1625193315663 18 115499
1625193331756 18 115549
1625193347802 18 115599
1625193363937 18 115649
1625193379280 18 115699
1625193394357 18 115749
1625193409949 18 115799
1625193425816 18 115849
1625193441821 18 115899
1625193456703 18 115949
1625193468783 18 115999
1625193482104 18 116049
1625193494382 18 116099
1625193506729 18 116149
1625193519521 18 116199
1625193532550 18 116249
1625193545751 18 116299
1625193559832 18 116349
1625193573242 18 116399
1625193586535 18 116449
1625193599669 18 116499
1625193615120 18 116549
1625193631113 18 116599
1625193646937 18 116649
1625193664223 18 116699
1625193681047 18 116749
1625193697774 18 116799
1625193714883 18 116849
1625193732903 18 116899
1625193749798 18 116949
1625193766548 18 116999
1625193783296 18 117049
1625193800014 18 117099
1625193816544 18 117149
1625193831590 18 117199
1625193845439 18 117249
1625193857724 18 117299
1625193870956 18 117349
1625193883141 18 117399
1625193895288 18 117449
1625193907154 18 117499
1625193920029 18 117549
1625193932941 18 117599
1625193946452 18 117649
1625193959987 18 117699
1625193972720 18 117749
1625193984792 18 117799
1625193996862 18 117849
1625194010483 18 117899
1625194023078 18 117949
1625194036273 18 117999
1625194049598 18 118049
1625194062514 18 118099
1625194074681 18 118149
1625194087197 18 118199
1625194100650 18 118249
1625194113585 18 118299
1625194125382 18 118349
1625194137064 18 118399
1625194149771 18 118449
1625194162548 18 118499
1625194175078 18 118549
1625194187837 18 118599
1625194201964 18 118649
1625194214757 18 118699
1625194228666 18 118749
1625194229715 18 118749
1625194627104 18 118749
1625194645586 19 118799
1625194658400 19 118849
1625194670818 19 118899
1625194683422 19 118949
1625194695939 19 118999
1625194709238 19 119049
1625194721478 19 119099
1625194737768 19 119149
1625194752678 19 119199
1625194767672 19 119249
1625194783075 19 119299
1625194798842 19 119349
1625194814638 19 119399
1625194830594 19 119449
1625194845804 19 119499
1625194861468 19 119549
1625194877028 19 119599
1625194892419 19 119649
1625194904791 19 119699
1625194920427 19 119749
1625194935541 19 119799
1625194950591 19 119849
1625194966452 19 119899
1625194982339 19 119949
1625194998255 19 119999
1625195013631 19 120049
1625195028474 19 120099
1625195044235 19 120149
1625195059735 19 120199
1625195074841 19 120249
1625195086850 19 120299
1625195100505 19 120349
1625195112413 19 120399
1625195124241 19 120449
1625195135987 19 120499
1625195148263 19 120549
1625195160289 19 120599
1625195173046 19 120649
1625195185038 19 120699
1625195197087 19 120749
1625195208952 19 120799
1625195220738 19 120849
1625195232658 19 120899
1625195245246 19 120949
1625195258182 19 120999
1625195270143 19 121049
1625195281855 19 121099
1625195296874 19 121149
1625195310269 19 121199
1625195322271 19 121249
1625195337953 19 121299
1625195353559 19 121349
1625195369490 19 121399
1625195385777 19 121449
1625195403232 19 121499
1625195420247 19 121549
1625195437237 19 121599
1625195454257 19 121649
1625195470319 19 121699
1625195486803 19 121749
1625195503601 19 121799
1625195519293 19 121849
1625195535502 19 121899
1625195550595 19 121949
1625195565611 19 121999
1625195577839 19 122049
1625195591239 19 122099
1625195603165 19 122149
1625195614913 19 122199
1625195626927 19 122249
1625195638705 19 122299
1625195650591 19 122349
1625195664171 19 122399
1625195677234 19 122449
1625195689175 19 122499
1625195700903 19 122549
1625195714342 19 122599
1625195726624 19 122649
1625195738956 19 122699
1625195750811 19 122749
1625195763267 19 122799
1625195776716 19 122849
1625195790818 19 122899
1625195805528 19 122949
1625195817802 19 122999
1625195829826 19 123049
1625195841789 19 123099
1625195854078 19 123149
1625195866972 19 123199
1625195878812 19 123249
1625195890518 19 123299
1625195904830 19 123349
1625195920761 19 123399
1625195935198 19 123449
1625195949788 19 123499
1625195964284 19 123549
1625195978870 19 123599
1625195993708 19 123649
1625196008874 19 123699
1625196023943 19 123749
1625196038305 19 123799
1625196051873 19 123849
1625196064847 19 123899
1625196077494 19 123949
1625196090576 19 123999
1625196103291 19 124049
1625196115715 19 124099
1625196128419 19 124149
1625196140422 19 124199
1625196155658 19 124249
1625196169924 19 124299
1625196184142 19 124349
1625196198107 19 124399
1625196213198 19 124449
1625196228170 19 124499
1625196243281 19 124549
1625196258935 19 124599
1625196274552 19 124649
1625196290326 19 124699
1625196305059 19 124749
1625196318099 19 124799
1625196331223 19 124849
1625196343696 19 124899
1625196358074 19 124949
1625196375294 19 124999
1625196376391 19 124999
1625196765450 19 124999
1625196781556 20 125049
1625196793403 20 125099
1625196805650 20 125149
1625196818588 20 125199
1625196830664 20 125249
1625196844068 20 125299
1625196856946 20 125349
1625196869421 20 125399
1625196881172 20 125449
1625196892905 20 125499
1625196906138 20 125549
1625196917966 20 125599
1625196930623 20 125649
1625196942547 20 125699
1625196955070 20 125749
1625196967404 20 125799
1625196979005 20 125849
1625196992900 20 125899
1625197005813 20 125949
1625197019072 20 125999
1625197030929 20 126049
1625197043260 20 126099
1625197058296 20 126149
1625197074203 20 126199
1625197089014 20 126249
1625197105237 20 126299
1625197121728 20 126349
1625197139604 20 126399
1625197156629 20 126449
1625197173623 20 126499
1625197192778 20 126549
1625197209892 20 126599
1625197226640 20 126649
1625197242106 20 126699
1625197259307 20 126749
1625197275003 20 126799
1625197289512 20 126849
1625197301450 20 126899
1625197314758 20 126949
1625197327088 20 126999
1625197340057 20 127049
1625197352248 20 127099
1625197364075 20 127149
1625197376079 20 127199
1625197387843 20 127249
1625197401387 20 127299
1625197414425 20 127349
1625197427143 20 127399
1625197439363 20 127449
1625197451438 20 127499
1625197464579 20 127549
1625197477163 20 127599
1625197489577 20 127649
1625197501379 20 127699
1625197515717 20 127749
1625197531120 20 127799
1625197546121 20 127849
1625197561076 20 127899
1625197576398 20 127949
1625197591074 20 127999
1625197605316 20 128049
1625197619772 20 128099
1625197635103 20 128149
1625197649520 20 128199
1625197664248 20 128249
1625197676599 20 128299
1625197689716 20 128349
1625197702099 20 128399
1625197714120 20 128449
1625197725891 20 128499
1625197741567 20 128549
1625197753529 20 128599
1625197765591 20 128649
1625197777401 20 128699
1625197789565 20 128749
1625197801338 20 128799
1625197813068 20 128849
1625197824889 20 128899
1625197836662 20 128949
1625197850550 20 128999
1625197865388 20 129049
1625197879642 20 129099
1625197895501 20 129149
1625197910635 20 129199
1625197926173 20 129249
1625197941017 20 129299
1625197956338 20 129349
1625197971840 20 129399
1625197989933 20 129449
1625198006469 20 129499
1625198021334 20 129549
1625198036814 20 129599
1625198052917 20 129649
1625198068050 20 129699
1625198083571 20 129749
1625198099475 20 129799
1625198115097 20 129849
1625198130823 20 129899
1625198143583 20 129949
1625198159616 20 129999
1625198175037 20 130049
1625198190382 20 130099
1625198206081 20 130149
1625198221922 20 130199
1625198237382 20 130249
1625198252919 20 130299
1625198268179 20 130349
1625198283358 20 130399
1625198299000 20 130449
1625198311654 20 130499
1625198324004 20 130549
1625198336094 20 130599
1625198347841 20 130649
1625198359609 20 130699
1625198371287 20 130749
1625198383068 20 130799
1625198394899 20 130849
1625198406731 20 130899
1625198418416 20 130949
1625198430710 20 130999
1625198442930 20 131049
1625198454762 20 131099
1625198466533 20 131149
1625198478329 20 131199
1625198492102 20 131249
1625198493311 20 131249
1625198758260 20 131249
1625198778367 21 131299
1625198793376 21 131349
1625198808584 21 131399
1625198824307 21 131449
1625198841509 21 131499
1625198858025 21 131549
1625198875209 21 131599
1625198891970 21 131649
1625198909027 21 131699
1625198925980 21 131749
1625198942052 21 131799
1625198957913 21 131849
1625198973500 21 131899
1625198988331 21 131949
1625199000591 21 131999
1625199013433 21 132049
1625199026143 21 132099
1625199038205 21 132149
1625199050367 21 132199
1625199062055 21 132249
1625199073700 21 132299
1625199085320 21 132349
1625199096970 21 132399
1625199108681 21 132449
1625199120341 21 132499
1625199133574 21 132549
1625199148721 21 132599
1625199163433 21 132649
1625199178283 21 132699
1625199192949 21 132749
1625199207476 21 132799
1625199222356 21 132849
1625199237077 21 132899
1625199251722 21 132949
1625199266010 21 132999
1625199281056 21 133049
1625199292970 21 133099
1625199305723 21 133149
1625199317517 21 133199
1625199329308 21 133249
1625199341039 21 133299
1625199352737 21 133349
1625199364392 21 133399
1625199376090 21 133449
1625199387934 21 133499
1625199399638 21 133549
1625199411479 21 133599
1625199423264 21 133649
1625199435042 21 133699
1625199446730 21 133749
1625199458402 21 133799
1625199470109 21 133849
1625199481846 21 133899
1625199493508 21 133949
1625199505375 21 133999
1625199517223 21 134049
1625199529019 21 134099
1625199540751 21 134149
1625199553499 21 134199
1625199568421 21 134249
1625199582929 21 134299
1625199599173 21 134349
1625199615910 21 134399
1625199634089 21 134449
1625199651690 21 134499
1625199668036 21 134549
1625199684451 21 134599
1625199701277 21 134649
1625199717120 21 134699
1625199732695 21 134749
1625199747681 21 134799
1625199764037 21 134849
1625199779663 21 134899
1625199794982 21 134949
1625199810524 21 134999
1625199825998 21 135049
1625199842332 21 135099
1625199857239 21 135149
1625199872191 21 135199
1625199887695 21 135249
1625199902468 21 135299
1625199915156 21 135349
1625199927661 21 135399
1625199939718 21 135449
1625199951451 21 135499
1625199963176 21 135549
1625199974930 21 135599
1625199986810 21 135649
1625199998483 21 135699
1625200010135 21 135749
1625200021782 21 135799
1625200034126 21 135849
1625200046120 21 135899
1625200057882 21 135949
1625200069616 21 135999
1625200081393 21 136049
1625200093473 21 136099
1625200105247 21 136149
1625200117101 21 136199
1625200128814 21 136249
1625200140603 21 136299
1625200152273 21 136349
1625200163989 21 136399
1625200175635 21 136449
1625200187474 21 136499
1625200199144 21 136549
1625200210856 21 136599
1625200222628 21 136649
1625200234363 21 136699
1625200246085 21 136749
1625200257714 21 136799
1625200269391 21 136849
1625200281061 21 136899
1625200292807 21 136949
1625200304571 21 136999
1625200316340 21 137049
1625200328022 21 137099
1625200339738 21 137149
1625200351494 21 137199
1625200363145 21 137249
1625200374843 21 137299
1625200386507 21 137349
1625200398242 21 137399
1625200409827 21 137449
1625200423529 21 137499
1625200424774 21 137499
1625200802050 21 137499
1625200821004 22 137549
1625200835848 22 137599
1625200850600 22 137649
1625200865118 22 137699
1625200879401 22 137749
1625200892061 22 137799
1625200904176 22 137849
1625200916188 22 137899
1625200927764 22 137949
1625200939509 22 137999
1625200951238 22 138049
1625200962899 22 138099
1625200974481 22 138149
1625200986056 22 138199
1625200997685 22 138249
1625201009289 22 138299
1625201020911 22 138349
1625201032642 22 138399
1625201044311 22 138449
1625201055968 22 138499
1625201067660 22 138549
1625201079303 22 138599
1625201090907 22 138649
1625201104731 22 138699
1625201116491 22 138749
1625201128265 22 138799
1625201139963 22 138849
1625201151642 22 138899
1625201164417 22 138949
1625201176516 22 138999
1625201188273 22 139049
1625201200154 22 139099
1625201211873 22 139149
1625201225345 22 139199
1625201241490 22 139249
1625201258066 22 139299
1625201274027 22 139349
1625201290417 22 139399
1625201307338 22 139449
1625201324615 22 139499
1625201340396 22 139549
1625201356415 22 139599
1625201373853 22 139649
1625201391213 22 139699
1625201407173 22 139749
1625201423203 22 139799
1625201438466 22 139849
1625201453730 22 139899
1625201468378 22 139949
1625201483010 22 139999
1625201498182 22 140049
1625201513347 22 140099
1625201525258 22 140149
1625201536951 22 140199
1625201548693 22 140249
1625201560329 22 140299
1625201572014 22 140349
1625201583728 22 140399
1625201595440 22 140449
1625201607172 22 140499
1625201618982 22 140549
1625201630721 22 140599
1625201642615 22 140649
1625201654405 22 140699
1625201666089 22 140749
1625201677764 22 140799
1625201689384 22 140849
1625201701080 22 140899
1625201712924 22 140949
1625201724628 22 140999
1625201736318 22 141049
1625201748002 22 141099
1625201759685 22 141149
1625201771494 22 141199
1625201783234 22 141249
1625201794911 22 141299
1625201806564 22 141349
1625201818130 22 141399
1625201829864 22 141449
1625201841564 22 141499
1625201853322 22 141549
1625201865093 22 141599
1625201876729 22 141649
1625201888417 22 141699
1625201900201 22 141749
1625201911872 22 141799
1625201923598 22 141849
1625201935192 22 141899
1625201946840 22 141949
1625201958526 22 141999
1625201970204 22 142049
1625201981926 22 142099
1625201993589 22 142149
1625202005185 22 142199
1625202016923 22 142249
1625202028731 22 142299
1625202040322 22 142349
1625202052016 22 142399
1625202063698 22 142449
1625202075384 22 142499
1625202087128 22 142549
1625202098800 22 142599
1625202110458 22 142649
1625202122103 22 142699
1625202133710 22 142749
1625202145467 22 142799
1625202160719 22 142849
1625202175673 22 142899
1625202189824 22 142949
1625202204902 22 142999
1625202221715 22 143049
1625202238594 22 143099
1625202255969 22 143149
1625202272907 22 143199
1625202289176 22 143249
1625202305932 22 143299
1625202321409 22 143349
1625202336151 22 143399
1625202352265 22 143449
1625202368665 22 143499
1625202383178 22 143549
1625202397742 22 143599
1625202411686 22 143649
1625202425828 22 143699
1625202441304 22 143749
1625202442416 22 143749
1625202683090 22 143749
1625202699762 23 143799
1625202712177 23 143849
1625202723795 23 143899
1625202735314 23 143949
1625202747016 23 143999
1625202758556 23 144049
1625202770215 23 144099
1625202782014 23 144149
1625202793606 23 144199
1625202805166 23 144249
1625202816700 23 144299
1625202828351 23 144349
1625202839938 23 144399
1625202851559 23 144449
1625202863088 23 144499
1625202874660 23 144549
1625202886270 23 144599
1625202897862 23 144649
1625202909426 23 144699
1625202920987 23 144749
1625202932567 23 144799
1625202944093 23 144849
1625202956201 23 144899
1625202969793 23 144949
1625202983170 23 144999
1625202997051 23 145049
1625203010268 23 145099
1625203023586 23 145149
1625203037118 23 145199
1625203050385 23 145249
1625203063873 23 145299
1625203077344 23 145349
1625203090332 23 145399
1625203102100 23 145449
1625203113740 23 145499
1625203125544 23 145549
1625203137347 23 145599
1625203149065 23 145649
1625203160664 23 145699
1625203172357 23 145749
1625203184102 23 145799
1625203195806 23 145849
1625203207401 23 145899
1625203219008 23 145949
1625203230659 23 145999
1625203242389 23 146049
1625203254155 23 146099
1625203265864 23 146149
1625203277531 23 146199
1625203289114 23 146249
1625203300773 23 146299
1625203312375 23 146349
1625203324118 23 146399
1625203335904 23 146449
1625203347597 23 146499
1625203359324 23 146549
1625203371040 23 146599
1625203382760 23 146649
1625203394366 23 146699
1625203406005 23 146749
1625203417707 23 146799
1625203429371 23 146849
1625203441048 23 146899
1625203452684 23 146949
1625203464365 23 146999
1625203476022 23 147049
1625203487742 23 147099
1625203499415 23 147149
1625203511056 23 147199
1625203522774 23 147249
1625203534417 23 147299
1625203546136 23 147349
1625203557783 23 147399
1625203569434 23 147449
1625203581208 23 147499
1625203592850 23 147549
1625203604566 23 147599
1625203616211 23 147649
1625203627847 23 147699
1625203639511 23 147749
1625203651163 23 147799
1625203662845 23 147849
1625203674465 23 147899
1625203686112 23 147949
1625203697822 23 147999
1625203709407 23 148049
1625203721013 23 148099
1625203732641 23 148149
1625203744430 23 148199
1625203756193 23 148249
1625203767945 23 148299
1625203779592 23 148349
1625203791295 23 148399
1625203802983 23 148449
1625203814592 23 148499
1625203827901 23 148549
1625203842374 23 148599
1625203856723 23 148649
1625203871071 23 148699
1625203885377 23 148749
1625203901247 23 148799
1625203917847 23 148849
1625203934811 23 148899
1625203951591 23 148949
1625203968841 23 148999
1625203983187 23 149049
1625203996779 23 149099
1625204010584 23 149149
1625204025018 23 149199
1625204038758 23 149249
1625204051527 23 149299
1625204063157 23 149349
1625204074760 23 149399
1625204086395 23 149449
1625204098049 23 149499
1625204109790 23 149549
1625204121320 23 149599
1625204133008 23 149649
1625204144643 23 149699
1625204156292 23 149749
1625204167851 23 149799
1625204179476 23 149849
1625204191168 23 149899
1625204202839 23 149949
1625204216481 23 149999
1625204217607 23 149999
1625204419769 23 149999
1625204435237 24 150049
1625204446773 24 150099
1625204458307 24 150149
1625204469887 24 150199
1625204481949 24 150249
1625204493522 24 150299
1625204505025 24 150349
1625204516693 24 150399
1625204528292 24 150449
1625204539790 24 150499
1625204551324 24 150549
1625204562874 24 150599
1625204574381 24 150649
1625204585907 24 150699
1625204597516 24 150749
1625204609085 24 150799
1625204620630 24 150849
1625204633928 24 150899
1625204646541 24 150949
1625204659379 24 150999
1625204671888 24 151049
1625204684869 24 151099
1625204697649 24 151149
1625204710600 24 151199
1625204723621 24 151249
1625204736637 24 151299
1625204749497 24 151349
1625204761789 24 151399
1625204773707 24 151449
1625204785414 24 151499
1625204797157 24 151549
1625204808963 24 151599
1625204820734 24 151649
1625204832456 24 151699
1625204844238 24 151749
1625204856017 24 151799
1625204867827 24 151849
1625204879516 24 151899
1625204891362 24 151949
1625204903258 24 151999
1625204915034 24 152049
1625204926784 24 152099
1625204938649 24 152149
1625204950438 24 152199
1625204962261 24 152249
1625204974014 24 152299
1625204985754 24 152349
1625204997532 24 152399
1625205009443 24 152449
1625205021263 24 152499
1625205033124 24 152549
1625205044951 24 152599
1625205056588 24 152649
1625205068271 24 152699
1625205079999 24 152749
1625205091913 24 152799
1625205103724 24 152849
1625205115510 24 152899
1625205127360 24 152949
1625205139128 24 152999
1625205150933 24 153049
1625205162677 24 153099
1625205174543 24 153149
1625205186327 24 153199
1625205198178 24 153249
1625205209993 24 153299
1625205221775 24 153349
1625205233491 24 153399
1625205245214 24 153449
1625205257052 24 153499
1625205268889 24 153549
1625205280681 24 153599
1625205292541 24 153649
1625205304282 24 153699
1625205316210 24 153749
1625205327996 24 153799
1625205339757 24 153849
1625205351432 24 153899
1625205363285 24 153949
1625205375155 24 153999
1625205386855 24 154049
1625205398664 24 154099
1625205410471 24 154149
1625205422157 24 154199
1625205433976 24 154249
1625205445657 24 154299
1625205457421 24 154349
1625205469170 24 154399
1625205480937 24 154449
1625205492799 24 154499
1625205504567 24 154549
1625205516350 24 154599
1625205528124 24 154649
1625205539921 24 154699
1625205551864 24 154749
1625205563568 24 154799
1625205575247 24 154849
1625205586937 24 154899
1625205598685 24 154949
1625205610379 24 154999
1625205622155 24 155049
1625205633896 24 155099
1625205645631 24 155149
1625205657282 24 155199
1625205668990 24 155249
1625205680722 24 155299
1625205692501 24 155349
1625205704244 24 155399
1625205716019 24 155449
1625205727797 24 155499
1625205739528 24 155549
1625205751267 24 155599
1625205763044 24 155649
1625205774922 24 155699
1625205786578 24 155749
1625205798309 24 155799
1625205809981 24 155849
1625205821746 24 155899
1625205833394 24 155949
1625205845149 24 155999
1625205856869 24 156049
1625205868598 24 156099
1625205880447 24 156149
1625205892172 24 156199
1625205906101 24 156249
1625205907543 24 156249
1625206113106 24 156249
1625206129282 25 156299
1625206140919 25 156349
1625206152626 25 156399
1625206164134 25 156449
1625206175775 25 156499
1625206187434 25 156549
1625206199129 25 156599
1625206210774 25 156649
1625206222461 25 156699
1625206234104 25 156749
1625206245802 25 156799
1625206257470 25 156849
1625206269190 25 156899
1625206280789 25 156949
1625206292475 25 156999
1625206304132 25 157049
1625206315851 25 157099
1625206327442 25 157149
1625206339087 25 157199
1625206350776 25 157249
1625206362503 25 157299
1625206374314 25 157349
1625206385900 25 157399
1625206397579 25 157449
1625206409229 25 157499
1625206420967 25 157549
1625206432680 25 157599
1625206444277 25 157649
1625206455913 25 157699
1625206467571 25 157749
1625206479486 25 157799
1625206491192 25 157849
1625206502966 25 157899
1625206514797 25 157949
1625206526523 25 157999
1625206538256 25 158049
1625206550091 25 158099
1625206561855 25 158149
1625206573672 25 158199
1625206585384 25 158249
1625206597071 25 158299
1625206608846 25 158349
1625206620651 25 158399
1625206632445 25 158449
1625206644115 25 158499
1625206655950 25 158549
1625206667672 25 158599
1625206679421 25 158649
1625206691167 25 158699
1625206702919 25 158749
1625206714687 25 158799
1625206726432 25 158849
1625206738186 25 158899
1625206750139 25 158949
1625206761885 25 158999
1625206773720 25 159049
1625206785465 25 159099
1625206797275 25 159149
1625206809103 25 159199
1625206820978 25 159249
1625206832633 25 159299
1625206844355 25 159349
1625206856131 25 159399
1625206867967 25 159449
1625206879823 25 159499
1625206891531 25 159549
1625206903329 25 159599
1625206915182 25 159649
1625206926908 25 159699
1625206938706 25 159749
1625206950555 25 159799
1625206962350 25 159849
1625206974156 25 159899
1625206986123 25 159949
1625206997969 25 159999
1625207009728 25 160049
1625207021513 25 160099
1625207033346 25 160149
1625207045162 25 160199
1625207056967 25 160249
1625207068763 25 160299
1625207080591 25 160349
1625207092394 25 160399
1625207104176 25 160449
1625207115930 25 160499
1625207127578 25 160549
1625207139369 25 160599
1625207151066 25 160649
1625207162876 25 160699
1625207174659 25 160749
1625207186479 25 160799
1625207198290 25 160849
1625207210106 25 160899
1625207221883 25 160949
1625207233644 25 160999
1625207245380 25 161049
1625207257345 25 161099
1625207269055 25 161149
1625207280721 25 161199
1625207292511 25 161249
1625207304241 25 161299
1625207315993 25 161349
1625207327881 25 161399
1625207339744 25 161449
1625207351554 25 161499
1625207363266 25 161549
1625207374990 25 161599
1625207386669 25 161649
1625207398359 25 161699
1625207410168 25 161749
1625207421890 25 161799
1625207433626 25 161849
1625207445307 25 161899
1625207457024 25 161949
1625207468819 25 161999
1625207480534 25 162049
1625207492360 25 162099
1625207504120 25 162149
1625207515871 25 162199
1625207527570 25 162249
1625207539381 25 162299
1625207551160 25 162349
1625207562912 25 162399
1625207574572 25 162449
1625207588598 25 162499
1625207589870 25 162499
1625207792694 25 162499
1625207808369 26 162549
1625207820016 26 162599
1625207831627 26 162649
1625207843246 26 162699
1625207854840 26 162749
1625207866548 26 162799
1625207878161 26 162849
1625207889879 26 162899
1625207901464 26 162949
1625207913144 26 162999
1625207925503 26 163049
1625207937124 26 163099
1625207948736 26 163149
1625207960406 26 163199
1625207972080 26 163249
1625207983810 26 163299
1625207995334 26 163349
1625208007029 26 163399
1625208018673 26 163449
1625208030423 26 163499
1625208042091 26 163549
1625208053729 26 163599
1625208065451 26 163649
1625208077056 26 163699
1625208088739 26 163749
1625208100432 26 163799
1625208112133 26 163849
1625208123805 26 163899
1625208135455 26 163949
1625208147123 26 163999
1625208158859 26 164049
1625208170610 26 164099
1625208182320 26 164149
1625208194219 26 164199
1625208206041 26 164249
1625208217771 26 164299
1625208229517 26 164349
1625208241298 26 164399
1625208253009 26 164449
1625208264852 26 164499
1625208276542 26 164549
1625208288369 26 164599
1625208300061 26 164649
1625208311898 26 164699
1625208323605 26 164749
1625208335462 26 164799
1625208347195 26 164849
1625208358949 26 164899
1625208370603 26 164949
1625208382508 26 164999
1625208394265 26 165049
1625208406062 26 165099
1625208417761 26 165149
1625208429458 26 165199
1625208441223 26 165249
1625208452963 26 165299
1625208464649 26 165349
1625208476383 26 165399
1625208488078 26 165449
1625208499833 26 165499
1625208511566 26 165549
1625208523298 26 165599
1625208535104 26 165649
1625208546776 26 165699
1625208558528 26 165749
1625208570375 26 165799
1625208582144 26 165849
1625208593914 26 165899
1625208605716 26 165949
1625208617528 26 165999
1625208629290 26 166049
1625208640981 26 166099
1625208652747 26 166149
1625208664533 26 166199
1625208676266 26 166249
1625208688014 26 166299
1625208699799 26 166349
1625208711564 26 166399
1625208723192 26 166449
1625208734943 26 166499
1625208746577 26 166549
1625208758331 26 166599
1625208770089 26 166649
1625208781934 26 166699
1625208793584 26 166749
1625208805310 26 166799
1625208816939 26 166849
1625208828819 26 166899
1625208840588 26 166949
1625208852343 26 166999
1625208863976 26 167049
1625208875758 26 167099
1625208887481 26 167149
1625208899047 26 167199
1625208910731 26 167249
1625208922566 26 167299
1625208934194 26 167349
1625208945910 26 167399
1625208957612 26 167449
1625208969250 26 167499
1625208980888 26 167549
1625208992513 26 167599
1625209004198 26 167649
1625209015927 26 167699
1625209027647 26 167749
1625209039498 26 167799
1625209051263 26 167849
1625209063047 26 167899
1625209074801 26 167949
1625209086561 26 167999
1625209098292 26 168049
1625209110107 26 168099
1625209121895 26 168149
1625209133549 26 168199
1625209145312 26 168249
1625209157121 26 168299
1625209168875 26 168349
1625209180621 26 168399
1625209192268 26 168449
1625209204042 26 168499
1625209215850 26 168549
1625209227497 26 168599
1625209239307 26 168649
1625209251086 26 168699
1625209265082 26 168749
1625209266625 26 168749
1625209469709 26 168749
1625209485377 27 168799
1625209497003 27 168849
1625209508604 27 168899
1625209520295 27 168949
1625209531870 27 168999
1625209543533 27 169049
1625209555162 27 169099
1625209566764 27 169149
1625209578360 27 169199
1625209590008 27 169249
1625209602473 27 169299
1625209614209 27 169349
1625209625828 27 169399
1625209637502 27 169449
1625209649139 27 169499
1625209660816 27 169549
1625209672360 27 169599
1625209684061 27 169649
1625209695780 27 169699
1625209707443 27 169749
1625209719146 27 169799
1625209730818 27 169849
1625209742530 27 169899
1625209754173 27 169949
1625209765791 27 169999
1625209777453 27 170049
1625209789098 27 170099
1625209800680 27 170149
1625209812317 27 170199
1625209823957 27 170249
1625209835639 27 170299
1625209847369 27 170349
1625209859080 27 170399
1625209870968 27 170449
1625209882704 27 170499
1625209894586 27 170549
1625209906269 27 170599
1625209918059 27 170649
1625209929623 27 170699
1625209941429 27 170749
1625209953142 27 170799
1625209964894 27 170849
1625209976657 27 170899
1625209988413 27 170949
1625210000073 27 170999
1625210011829 27 171049
1625210023569 27 171099
1625210035303 27 171149
1625210046989 27 171199
1625210058876 27 171249
1625210070656 27 171299
1625210082476 27 171349
1625210094266 27 171399
1625210106002 27 171449
1625210117834 27 171499
1625210129654 27 171549
1625210141374 27 171599
1625210153144 27 171649
1625210164973 27 171699
1625210176665 27 171749
1625210188361 27 171799
1625210200169 27 171849
1625210211926 27 171899
1625210223736 27 171949
1625210235352 27 171999
1625210247035 27 172049
1625210258878 27 172099
1625210270682 27 172149
1625210282387 27 172199
1625210294151 27 172249
1625210305891 27 172299
1625210317549 27 172349
1625210329296 27 172399
1625210341059 27 172449
1625210352721 27 172499
1625210364472 27 172549
1625210376336 27 172599
1625210388100 27 172649
1625210399883 27 172699
1625210411551 27 172749
1625210423244 27 172799
1625210435032 27 172849
1625210446757 27 172899
1625210458590 27 172949
1625210470261 27 172999
1625210482019 27 173049
1625210493693 27 173099
1625210505411 27 173149
1625210517142 27 173199
1625210528837 27 173249
1625210540602 27 173299
1625210552379 27 173349
1625210563997 27 173399
1625210575725 27 173449
1625210587437 27 173499
1625210599043 27 173549
1625210610775 27 173599
1625210622491 27 173649
1625210634360 27 173699
1625210646050 27 173749
1625210657669 27 173799
1625210669410 27 173849
1625210681130 27 173899
1625210692701 27 173949
1625210704398 27 173999
1625210716109 27 174049
1625210727961 27 174099
1625210739680 27 174149
1625210751263 27 174199
1625210762915 27 174249
1625210774623 27 174299
1625210786378 27 174349
1625210798113 27 174399
1625210809764 27 174449
1625210821464 27 174499
1625210833217 27 174549
1625210844936 27 174599
1625210856718 27 174649
1625210868592 27 174699
1625210880299 27 174749
1625210892067 27 174799
1625210903836 27 174849
1625210915529 27 174899
1625210927219 27 174949
1625210941247 27 174999
1625210942678 27 174999
1625211146438 27 174999
1625211162039 28 175049
1625211173760 28 175099
1625211185370 28 175149
1625211197016 28 175199
1625211208697 28 175249
1625211220304 28 175299
1625211231878 28 175349
1625211243492 28 175399
1625211255117 28 175449
1625211267409 28 175499
1625211279054 28 175549
1625211290711 28 175599
1625211302356 28 175649
1625211314113 28 175699
1625211325805 28 175749
1625211337448 28 175799
1625211349151 28 175849
1625211360798 28 175899
1625211372408 28 175949
1625211384088 28 175999
1625211395781 28 176049
1625211407395 28 176099
1625211419223 28 176149
1625211430856 28 176199
1625211442552 28 176249
1625211454174 28 176299
1625211465822 28 176349
1625211477482 28 176399
1625211489173 28 176449
1625211500810 28 176499
1625211512395 28 176549
1625211524150 28 176599
1625211535908 28 176649
1625211547681 28 176699
1625211559498 28 176749
1625211571271 28 176799
1625211583014 28 176849
1625211594681 28 176899
1625211606355 28 176949
1625211618138 28 176999
1625211629791 28 177049
1625211641556 28 177099
1625211653214 28 177149
1625211664942 28 177199
1625211676723 28 177249
1625211688537 28 177299
1625211700196 28 177349
1625211711968 28 177399
1625211723664 28 177449
1625211735357 28 177499
1625211747072 28 177549
1625211758787 28 177599
1625211770501 28 177649
1625211782234 28 177699
1625211793965 28 177749
1625211805755 28 177799
1625211817506 28 177849
1625211829306 28 177899
1625211841039 28 177949
1625211852824 28 177999
1625211864575 28 178049
1625211876228 28 178099
1625211887957 28 178149
1625211899704 28 178199
1625211911455 28 178249
1625211923190 28 178299
1625211934844 28 178349
1625211946616 28 178399
1625211958310 28 178449
1625211970126 28 178499
1625211981766 28 178549
1625211993470 28 178599
1625212005157 28 178649
1625212016869 28 178699
1625212028592 28 178749
1625212040398 28 178799
1625212052277 28 178849
1625212063904 28 178899
1625212075637 28 178949
1625212087421 28 178999
1625212099138 28 179049
1625212110899 28 179099
1625212122661 28 179149
1625212134381 28 179199
1625212146108 28 179249
1625212157769 28 179299
1625212169660 28 179349
1625212181555 28 179399
1625212193347 28 179449
1625212205047 28 179499
1625212216784 28 179549
1625212228481 28 179599
1625212240209 28 179649
1625212252004 28 179699
1625212263769 28 179749
1625212275485 28 179799
1625212287129 28 179849
1625212298908 28 179899
1625212310552 28 179949
1625212322412 28 179999
1625212334241 28 180049
1625212346064 28 180099
1625212357795 28 180149
1625212369561 28 180199
1625212381385 28 180249
1625212393145 28 180299
1625212404876 28 180349
1625212416590 28 180399
1625212428311 28 180449
1625212440025 28 180499
1625212451835 28 180549
1625212463533 28 180599
1625212475311 28 180649
1625212487048 28 180699
1625212498834 28 180749
1625212510579 28 180799
1625212522359 28 180849
1625212533998 28 180899
1625212545656 28 180949
1625212557405 28 180999
1625212569093 28 181049
1625212580898 28 181099
1625212592544 28 181149
1625212604204 28 181199
1625212618245 28 181249
1625212619698 28 181249
1625212822732 28 181249
1625212838452 29 181299
1625212850045 29 181349
1625212861612 29 181399
1625212873323 29 181449
1625212884919 29 181499
1625212896509 29 181549
1625212908196 29 181599
1625212919776 29 181649
1625212931427 29 181699
1625212943055 29 181749
1625212954778 29 181799
1625212966324 29 181849
1625212977987 29 181899
1625212989697 29 181949
1625213001356 29 181999
1625213013056 29 182049
1625213024706 29 182099
1625213036243 29 182149
1625213047834 29 182199
1625213059482 29 182249
1625213071160 29 182299
1625213082796 29 182349
1625213094426 29 182399
1625213106056 29 182449
1625213117737 29 182499
1625213129447 29 182549
1625213141074 29 182599
1625213152729 29 182649
1625213164284 29 182699
1625213175932 29 182749
1625213187510 29 182799
1625213199259 29 182849
1625213211012 29 182899
1625213222781 29 182949
1625213234312 29 182999
1625213246131 29 183049
1625213257954 29 183099
1625213270417 29 183149
1625213282153 29 183199
1625213294010 29 183249
1625213305644 29 183299
1625213317358 29 183349
1625213329134 29 183399
1625213340891 29 183449
1625213352601 29 183499
1625213364282 29 183549
1625213376105 29 183599
1625213387779 29 183649
1625213399496 29 183699
1625213411175 29 183749
1625213422877 29 183799
1625213434757 29 183849
1625213446583 29 183899
1625213458271 29 183949
1625213469927 29 183999
1625213481627 29 184049
1625213493292 29 184099
1625213505002 29 184149
1625213516756 29 184199
1625213528509 29 184249
1625213540349 29 184299
1625213551990 29 184349
1625213563762 29 184399
1625213575509 29 184449
1625213587276 29 184499
1625213599031 29 184549
1625213610762 29 184599
1625213622442 29 184649
1625213634120 29 184699
1625213645964 29 184749
1625213657637 29 184799
1625213669339 29 184849
1625213681137 29 184899
1625213692935 29 184949
1625213704628 29 184999
1625213716412 29 185049
1625213728064 29 185099
1625213739699 29 185149
1625213751265 29 185199
1625213763000 29 185249
1625213774717 29 185299
1625213786359 29 185349
1625213798196 29 185399
1625213809843 29 185449
1625213821627 29 185499
1625213833386 29 185549
1625213845050 29 185599
1625213856879 29 185649
1625213868571 29 185699
1625213880311 29 185749
1625213892002 29 185799
1625213903754 29 185849
1625213915426 29 185899
1625213927176 29 185949
1625213938924 29 185999
1625213950694 29 186049
1625213962342 29 186099
1625213974055 29 186149
1625213985855 29 186199
1625213997529 29 186249
1625214009267 29 186299
1625214020991 29 186349
1625214032700 29 186399
1625214044474 29 186449
1625214056228 29 186499
1625214067942 29 186549
1625214079674 29 186599
1625214091504 29 186649
1625214103167 29 186699
1625214114881 29 186749
1625214126621 29 186799
1625214138301 29 186849
1625214149973 29 186899
1625214161637 29 186949
1625214173325 29 186999
1625214184974 29 187049
1625214196687 29 187099
1625214208378 29 187149
1625214220212 29 187199
1625214231988 29 187249
1625214243733 29 187299
1625214255488 29 187349
1625214267144 29 187399
1625214278778 29 187449
1625214292722 29 187499
1625214293897 29 187499
1625214495756 29 187499
