1625156605903 0.001 0
1625158546621 0.0009972609476841367 6250
1625160499145 0.0009890738003669028 12500
1625162465624 0.0009755282581475768 18750
1625164331380 0.0009567727288213003 25000
1625166291676 0.0009330127018922195 31250
1625168171214 0.0009045084971874739 37500
1625170092334 0.0008715724127386972 43750
1625172099669 0.0008345653031794292 50000
1625174082179 0.0007938926261462366 56250
1625176027367 0.00075 62500
1625177997131 0.0007033683215379003 68750
1625180156806 0.0006545084971874739 75000
1625182211299 0.0006039558454088797 81250
1625184205942 0.0005522642316338269 87500
1625186264467 0.0005000000000000002 93750
1625188210969 0.0004477357683661734 100000
1625190384701 0.00039604415459112036 106250
1625192445146 0.0003454915028125264 112500
1625194627119 0.00029663167846210003 118750
1625196765455 0.00025000000000000017 125000
1625198758268 0.00020610737385376354 131250
1625200802061 0.00016543469682057108 137500
1625202683097 0.00012842758726130303 143750
1625204419776 9.549150281252637e-05 150000
1625206113133 6.698729810778068e-05 156250
1625207792700 4.322727117869953e-05 162500
1625209469715 2.447174185242324e-05 168750
1625211146444 1.092619963309716e-05 175000
1625212822738 2.7390523158633003e-06 181250
