1625158546250 16.517101287841797 0
1625160499077 15.92276382446289 1
1625162465555 15.697214126586914 2
1625164331276 15.332056045532227 3
1625166291420 14.869251251220703 4
1625168171146 14.74799919128418 5
1625170092265 14.4500093460083 6
1625172099199 14.335914611816406 7
1625174081726 13.965364456176758 8
1625176026903 14.491246223449707 9
1625177997030 13.914852142333984 10
1625180156689 13.605361938476562 11
1625182211230 13.847176551818848 12
1625184205828 13.53754997253418 13
1625186263818 13.742659568786621 14
1625188210887 13.914901733398438 15
1625190384599 13.75924301147461 16
1625192445063 14.034280776977539 17
1625194627030 13.39201545715332 18
1625196765212 13.095351219177246 19
1625198758152 13.45005989074707 20
1625200801943 13.398622512817383 21
1625202683025 13.846888542175293 22
1625204419727 13.179515838623047 23
1625206112650 13.558820724487305 24
1625207792626 13.270566940307617 25
1625209469656 13.430649757385254 26
1625211146407 13.005989074707031 27
1625212822701 12.972530364990234 28
1625214495295 12.943052291870117 29
