1625158251601 19.221590042114258 6249
1625158546250 19.221590042114258 0
1625160196015 16.175643920898438 12499
1625160499077 16.175643920898438 1
1625162117192 15.599242210388184 18749
1625162465555 15.599242210388184 2
1625164085524 15.240222930908203 24999
1625164331276 15.240222930908203 3
1625165959475 14.9842529296875 31249
1625166291420 14.9842529296875 4
1625167904915 14.774446487426758 37499
1625168171146 14.774446487426758 5
1625169796018 14.488422393798828 43749
1625170092265 14.488422393798828 6
1625171754668 14.310975074768066 49999
1625172099199 14.310975074768066 7
1625173780006 14.199942588806152 56249
1625174081726 14.199942588806152 8
1625175730711 14.118917465209961 62499
1625176026903 14.118917465209961 9
1625177692900 14.03628921508789 68749
1625177997030 14.03628921508789 10
1625179729802 13.966642379760742 74999
1625180156689 13.966642379760742 11
1625181891535 13.895967483520508 81249
1625182211230 13.895967483520508 12
1625183920161 13.83328628540039 87499
1625184205828 13.83328628540039 13
1625185895708 13.772363662719727 93749
1625186263818 13.772363662719727 14
1625187931491 13.713747024536133 99999
1625188210887 13.713747024536133 15
1625189950352 13.656567573547363 106249
1625190384599 13.656567573547363 16
1625192133465 13.60342788696289 112499
1625192445063 13.60342788696289 17
1625194229715 13.552462577819824 118749
1625194627030 13.552462577819824 18
1625196376391 13.506329536437988 124999
1625196765212 13.506329536437988 19
1625198493311 13.459155082702637 131249
1625198758152 13.459155082702637 20
1625200424774 13.416842460632324 137499
1625200801943 13.416842460632324 21
1625202442416 13.376718521118164 143749
1625202683025 13.376718521118164 22
1625204217607 13.337621688842773 149999
1625204419727 13.337621688842773 23
1625205907543 13.306434631347656 156249
1625206112650 13.306434631347656 24
1625207589870 13.279227256774902 162499
1625207792626 13.279227256774902 25
1625209266625 13.256443977355957 168749
1625209469656 13.256443977355957 26
1625210942678 13.237751007080078 174999
1625211146407 13.237751007080078 27
1625212619698 13.225772857666016 181249
1625212822701 13.225772857666016 28
1625214293897 13.217434883117676 187499
1625214495295 13.217434883117676 29
