1625153959676 0 49
1625153971289 0 99
1625153982904 0 149
1625153994465 0 199
1625154006132 0 249
1625154017681 0 299
1625154029417 0 349
1625154040986 0 399
1625154052606 0 449
1625154064224 0 499
1625154075822 0 549
1625154087669 0 599
1625154099539 0 649
1625154111346 0 699
1625154123109 0 749
1625154134877 0 799
1625154146646 0 849
1625154158401 0 899
1625154170324 0 949
1625154182174 0 999
1625154193944 0 1049
1625154205723 0 1099
1625154217480 0 1149
1625154229351 0 1199
1625154242150 0 1249
1625154255204 0 1299
1625154267775 0 1349
1625154279748 0 1399
1625154291973 0 1449
1625154304196 0 1499
1625154316248 0 1549
1625154328320 0 1599
1625154340526 0 1649
1625154352830 0 1699
1625154364755 0 1749
1625154376804 0 1799
1625154388689 0 1849
1625154400530 0 1899
1625154412486 0 1949
1625154424441 0 1999
1625154436339 0 2049
1625154448252 0 2099
1625154460098 0 2149
1625154472092 0 2199
1625154483946 0 2249
1625154495824 0 2299
1625154507786 0 2349
1625154519670 0 2399
1625154531612 0 2449
1625154543592 0 2499
1625154555522 0 2549
1625154567563 0 2599
1625154579819 0 2649
1625154592464 0 2699
1625154604473 0 2749
1625154616523 0 2799
1625154628529 0 2849
1625154640516 0 2899
1625154652446 0 2949
1625154664320 0 2999
1625154676354 0 3049
1625154688274 0 3099
1625154700239 0 3149
1625154712133 0 3199
1625154724140 0 3249
1625154736085 0 3299
1625154748040 0 3349
1625154759998 0 3399
1625154771916 0 3449
1625154783912 0 3499
1625154795853 0 3549
1625154807870 0 3599
1625154819882 0 3649
1625154831802 0 3699
1625154843707 0 3749
1625154855737 0 3799
1625154867775 0 3849
1625154879780 0 3899
1625154891789 0 3949
1625154903611 0 3999
1625154915591 0 4049
1625154927506 0 4099
1625154939370 0 4149
1625154951172 0 4199
1625154963159 0 4249
1625154975085 0 4299
1625154986915 0 4349
1625154998780 0 4399
1625155010745 0 4449
1625155022681 0 4499
1625155034680 0 4549
1625155046574 0 4599
1625155058554 0 4649
1625155070457 0 4699
1625155082317 0 4749
1625155094181 0 4799
1625155106136 0 4849
1625155118195 0 4899
1625155130088 0 4949
1625155142030 0 4999
1625155153916 0 5049
1625155165866 0 5099
1625155177786 0 5149
1625155189696 0 5199
1625155201565 0 5249
1625155213501 0 5299
1625155225412 0 5349
1625155237403 0 5399
1625155249284 0 5449
1625155261286 0 5499
1625155273257 0 5549
1625155285213 0 5599
1625155297149 0 5649
1625155309009 0 5699
1625155321027 0 5749
1625155332913 0 5799
1625155344792 0 5849
1625155356794 0 5899
1625155368781 0 5949
1625155380666 0 5999
1625155392581 0 6049
1625155404628 0 6099
1625155416576 0 6149
1625155428751 0 6199
1625155442924 0 6249
1625155444012 0 6249
1625155613966 0 6249
1625155634449 1 6299
1625155646095 1 6349
1625155657708 1 6399
1625155669340 1 6449
1625155681038 1 6499
1625155692596 1 6549
1625155704193 1 6599
1625155715922 1 6649
1625155727708 1 6699
1625155739456 1 6749
1625155751270 1 6799
1625155763091 1 6849
1625155774914 1 6899
1625155786804 1 6949
1625155798665 1 6999
1625155810594 1 7049
1625155822492 1 7099
1625155834386 1 7149
1625155846180 1 7199
1625155857965 1 7249
1625155869767 1 7299
1625155881823 1 7349
1625155893682 1 7399
1625155905498 1 7449
1625155917326 1 7499
1625155929148 1 7549
1625155940969 1 7599
1625155952941 1 7649
1625155965182 1 7699
1625155977457 1 7749
1625155989657 1 7799
1625156002009 1 7849
1625156014177 1 7899
1625156026481 1 7949
1625156038709 1 7999
1625156050776 1 8049
1625156062665 1 8099
1625156074756 1 8149
1625156086725 1 8199
1625156098763 1 8249
1625156110767 1 8299
1625156122965 1 8349
1625156135069 1 8399
1625156146960 1 8449
1625156158906 1 8499
1625156170850 1 8549
1625156182803 1 8599
1625156194916 1 8649
1625156206866 1 8699
1625156218964 1 8749
1625156230823 1 8799
1625156242742 1 8849
1625156254718 1 8899
1625156266650 1 8949
1625156278660 1 8999
1625156290697 1 9049
1625156302619 1 9099
1625156314694 1 9149
1625156326644 1 9199
1625156338649 1 9249
1625156350749 1 9299
1625156362737 1 9349
1625156374756 1 9399
1625156386822 1 9449
1625156398849 1 9499
1625156410894 1 9549
1625156422838 1 9599
1625156434822 1 9649
1625156446850 1 9699
1625156458741 1 9749
1625156470770 1 9799
1625156482770 1 9849
1625156494834 1 9899
1625156506862 1 9949
1625156518862 1 9999
1625156530865 1 10049
1625156542735 1 10099
1625156554783 1 10149
1625156566777 1 10199
1625156578649 1 10249
1625156591180 1 10299
1625156603134 1 10349
1625156615057 1 10399
1625156627096 1 10449
1625156639060 1 10499
1625156651031 1 10549
1625156663011 1 10599
1625156675003 1 10649
1625156686986 1 10699
1625156698974 1 10749
1625156710907 1 10799
1625156722916 1 10849
1625156734870 1 10899
1625156747027 1 10949
1625156759014 1 10999
1625156770952 1 11049
1625156782893 1 11099
1625156794945 1 11149
1625156807045 1 11199
1625156819002 1 11249
1625156830933 1 11299
1625156842920 1 11349
1625156854948 1 11399
1625156866956 1 11449
1625156878875 1 11499
1625156890831 1 11549
1625156902981 1 11599
1625156915080 1 11649
1625156927200 1 11699
1625156939231 1 11749
1625156951324 1 11799
1625156963472 1 11849
1625156975582 1 11899
1625156987506 1 11949
1625156999625 1 11999
1625157011849 1 12049
1625157024154 1 12099
1625157036303 1 12149
1625157048316 1 12199
1625157060422 1 12249
1625157072689 1 12299
1625157084858 1 12349
1625157096894 1 12399
1625157109225 1 12449
1625157123668 1 12499
1625157125203 1 12499
1625157294019 1 12499
1625157315261 2 12549
1625157327040 2 12599
1625157338823 2 12649
1625157350643 2 12699
1625157362488 2 12749
1625157374345 2 12799
1625157386295 2 12849
1625157398126 2 12899
1625157409982 2 12949
1625157421810 2 12999
1625157433707 2 13049
1625157445623 2 13099
1625157457402 2 13149
1625157469155 2 13199
1625157481129 2 13249
1625157492968 2 13299
1625157504822 2 13349
1625157516541 2 13399
1625157528297 2 13449
1625157540074 2 13499
1625157551791 2 13549
1625157563446 2 13599
1625157575160 2 13649
1625157586964 2 13699
1625157598760 2 13749
1625157610664 2 13799
1625157622620 2 13849
1625157634873 2 13899
1625157647083 2 13949
1625157659086 2 13999
1625157671303 2 14049
1625157683504 2 14099
1625157695697 2 14149
1625157707943 2 14199
1625157720320 2 14249
1625157732394 2 14299
1625157744602 2 14349
1625157756771 2 14399
1625157768724 2 14449
1625157780908 2 14499
1625157792963 2 14549
1625157804961 2 14599
1625157816947 2 14649
1625157828836 2 14699
1625157840803 2 14749
1625157852796 2 14799
1625157864864 2 14849
1625157876974 2 14899
1625157888956 2 14949
1625157901026 2 14999
1625157913055 2 15049
1625157925086 2 15099
1625157937048 2 15149
1625157949236 2 15199
1625157961388 2 15249
1625157973417 2 15299
1625157985260 2 15349
1625157997277 2 15399
1625158009225 2 15449
1625158021131 2 15499
1625158033111 2 15549
1625158045206 2 15599
1625158057145 2 15649
1625158069208 2 15699
1625158081261 2 15749
1625158093235 2 15799
1625158105129 2 15849
1625158117175 2 15899
1625158129233 2 15949
1625158141263 2 15999
1625158153263 2 16049
1625158165132 2 16099
1625158177257 2 16149
1625158189293 2 16199
1625158201276 2 16249
1625158213230 2 16299
1625158225258 2 16349
1625158237245 2 16399
1625158249328 2 16449
1625158261179 2 16499
1625158273416 2 16549
1625158285486 2 16599
1625158297467 2 16649
1625158309514 2 16699
1625158321539 2 16749
1625158333765 2 16799
1625158345750 2 16849
1625158357944 2 16899
1625158369921 2 16949
1625158382057 2 16999
1625158394082 2 17049
1625158406152 2 17099
1625158418302 2 17149
1625158430549 2 17199
1625158442680 2 17249
1625158454682 2 17299
1625158466740 2 17349
1625158478771 2 17399
1625158490832 2 17449
1625158502826 2 17499
1625158514903 2 17549
1625158526941 2 17599
1625158538982 2 17649
1625158551066 2 17699
1625158563086 2 17749
1625158575207 2 17799
1625158587079 2 17849
1625158599149 2 17899
1625158611331 2 17949
1625158623512 2 17999
1625158635589 2 18049
1625158647738 2 18099
1625158659992 2 18149
1625158672291 2 18199
1625158684462 2 18249
1625158696672 2 18299
1625158708672 2 18349
1625158720887 2 18399
1625158732960 2 18449
1625158745104 2 18499
1625158757083 2 18549
1625158769187 2 18599
1625158781160 2 18649
1625158793217 2 18699
1625158807626 2 18749
1625158808895 2 18749
1625158986315 2 18749
1625159008284 3 18799
1625159020134 3 18849
1625159032056 3 18899
1625159043895 3 18949
1625159055712 3 18999
1625159067577 3 19049
1625159079439 3 19099
1625159091352 3 19149
1625159103226 3 19199
1625159115219 3 19249
1625159127138 3 19299
1625159138925 3 19349
1625159150629 3 19399
1625159162493 3 19449
1625159174290 3 19499
1625159186008 3 19549
1625159197822 3 19599
1625159209638 3 19649
1625159221305 3 19699
1625159233134 3 19749
1625159244871 3 19799
1625159256601 3 19849
1625159268451 3 19899
1625159280199 3 19949
1625159291995 3 19999
1625159304012 3 20049
1625159315997 3 20099
1625159328062 3 20149
1625159340229 3 20199
1625159352403 3 20249
1625159364474 3 20299
1625159376614 3 20349
1625159388854 3 20399
1625159401202 3 20449
1625159413425 3 20499
1625159425654 3 20549
1625159438019 3 20599
1625159450231 3 20649
1625159462405 3 20699
1625159474814 3 20749
1625159486978 3 20799
1625159499061 3 20849
1625159511134 3 20899
1625159523218 3 20949
1625159535476 3 20999
1625159547630 3 21049
1625159559815 3 21099
1625159572008 3 21149
1625159584012 3 21199
1625159596167 3 21249
1625159608305 3 21299
1625159620337 3 21349
1625159632390 3 21399
1625159644565 3 21449
1625159656713 3 21499
1625159668803 3 21549
1625159680779 3 21599
1625159692847 3 21649
1625159704899 3 21699
1625159716831 3 21749
1625159728902 3 21799
1625159741007 3 21849
1625159753077 3 21899
1625159765012 3 21949
1625159777092 3 21999
1625159789195 3 22049
1625159801336 3 22099
1625159813349 3 22149
1625159825466 3 22199
1625159837517 3 22249
1625159849499 3 22299
1625159861534 3 22349
1625159873610 3 22399
1625159885714 3 22449
1625159897820 3 22499
1625159909953 3 22549
1625159921967 3 22599
1625159933925 3 22649
1625159945866 3 22699
1625159957929 3 22749
1625159970112 3 22799
1625159982098 3 22849
1625159994191 3 22899
1625160006296 3 22949
1625160018249 3 22999
1625160030346 3 23049
1625160042280 3 23099
1625160054426 3 23149
1625160066439 3 23199
1625160078427 3 23249
1625160090476 3 23299
1625160102584 3 23349
1625160114665 3 23399
1625160126741 3 23449
1625160138831 3 23499
1625160151001 3 23549
1625160163139 3 23599
1625160175193 3 23649
1625160187388 3 23699
1625160199321 3 23749
1625160211452 3 23799
1625160223664 3 23849
1625160235947 3 23899
1625160248046 3 23949
1625160260241 3 23999
1625160272394 3 24049
1625160284503 3 24099
1625160296697 3 24149
1625160308894 3 24199
1625160321021 3 24249
1625160333196 3 24299
1625160345271 3 24349
1625160357392 3 24399
1625160369417 3 24449
1625160381438 3 24499
1625160393277 3 24549
1625160405297 3 24599
1625160417377 3 24649
1625160429401 3 24699
1625160441453 3 24749
1625160453577 3 24799
1625160465549 3 24849
1625160477581 3 24899
1625160489686 3 24949
1625160504111 3 24999
1625160505276 3 24999
1625160687402 3 24999
1625160709171 4 25049
1625160721012 4 25099
1625160732829 4 25149
1625160744675 4 25199
1625160756625 4 25249
1625160768372 4 25299
1625160780124 4 25349
1625160791888 4 25399
1625160803614 4 25449
1625160815166 4 25499
1625160826755 4 25549
1625160838439 4 25599
1625160850203 4 25649
1625160861879 4 25699
1625160873653 4 25749
1625160885311 4 25799
1625160896989 4 25849
1625160908663 4 25899
1625160920361 4 25949
1625160932130 4 25999
1625160943814 4 26049
1625160955545 4 26099
1625160967325 4 26149
1625160979002 4 26199
1625160990697 4 26249
1625161002505 4 26299
1625161014443 4 26349
1625161026446 4 26399
1625161038544 4 26449
1625161050686 4 26499
1625161062822 4 26549
1625161075059 4 26599
1625161087380 4 26649
1625161099539 4 26699
1625161111832 4 26749
1625161123923 4 26799
1625161136078 4 26849
1625161148134 4 26899
1625161160251 4 26949
1625161172243 4 26999
1625161184264 4 27049
1625161196534 4 27099
1625161208483 4 27149
1625161220427 4 27199
1625161232353 4 27249
1625161244279 4 27299
1625161256252 4 27349
1625161268311 4 27399
1625161280276 4 27449
1625161292306 4 27499
1625161304250 4 27549
1625161316094 4 27599
1625161328096 4 27649
1625161340035 4 27699
1625161351972 4 27749
1625161363948 4 27799
1625161375826 4 27849
1625161387731 4 27899
1625161399784 4 27949
1625161411670 4 27999
1625161423596 4 28049
1625161435515 4 28099
1625161447614 4 28149
1625161459718 4 28199
1625161471756 4 28249
1625161483772 4 28299
1625161495796 4 28349
1625161507852 4 28399
1625161520002 4 28449
1625161531886 4 28499
1625161543974 4 28549
1625161555960 4 28599
1625161567868 4 28649
1625161579924 4 28699
1625161591959 4 28749
1625161604079 4 28799
1625161616037 4 28849
1625161628017 4 28899
1625161639937 4 28949
1625161651871 4 28999
1625161663789 4 29049
1625161675787 4 29099
1625161687778 4 29149
1625161699784 4 29199
1625161711817 4 29249
1625161723777 4 29299
1625161735603 4 29349
1625161747674 4 29399
1625161759625 4 29449
1625161771634 4 29499
1625161783695 4 29549
1625161795646 4 29599
1625161807599 4 29649
1625161819699 4 29699
1625161831735 4 29749
1625161843950 4 29799
1625161856061 4 29849
1625161868096 4 29899
1625161880340 4 29949
1625161892415 4 29999
1625161904644 4 30049
1625161916780 4 30099
1625161928784 4 30149
1625161940934 4 30199
1625161953016 4 30249
1625161965089 4 30299
1625161977229 4 30349
1625161989210 4 30399
1625162001217 4 30449
1625162013175 4 30499
1625162025207 4 30549
1625162037194 4 30599
1625162049123 4 30649
1625162061147 4 30699
1625162073178 4 30749
1625162085214 4 30799
1625162097055 4 30849
1625162109122 4 30899
1625162121083 4 30949
1625162133055 4 30999
1625162145270 4 31049
1625162157222 4 31099
1625162169243 4 31149
1625162181386 4 31199
1625162195902 4 31249
1625162197570 4 31249
1625162395337 4 31249
1625162416536 5 31299
1625162428189 5 31349
1625162439841 5 31399
1625162451526 5 31449
1625162463282 5 31499
1625162475017 5 31549
1625162486779 5 31599
1625162498473 5 31649
1625162510202 5 31699
1625162521956 5 31749
1625162533562 5 31799
1625162545282 5 31849
1625162556969 5 31899
1625162568672 5 31949
1625162580435 5 31999
1625162592098 5 32049
1625162603794 5 32099
1625162615417 5 32149
1625162627104 5 32199
1625162638776 5 32249
1625162650411 5 32299
1625162662279 5 32349
1625162673959 5 32399
1625162685766 5 32449
1625162697601 5 32499
1625162709425 5 32549
1625162721417 5 32599
1625162733505 5 32649
1625162745721 5 32699
1625162757873 5 32749
1625162769987 5 32799
1625162782217 5 32849
1625162794420 5 32899
1625162806652 5 32949
1625162818915 5 32999
1625162831171 5 33049
1625162843321 5 33099
1625162855548 5 33149
1625162867647 5 33199
1625162879713 5 33249
1625162891910 5 33299
1625162903889 5 33349
1625162915772 5 33399
1625162927696 5 33449
1625162939705 5 33499
1625162951714 5 33549
1625162963750 5 33599
1625162975798 5 33649
1625162987893 5 33699
1625162999869 5 33749
1625163011841 5 33799
1625163023908 5 33849
1625163035849 5 33899
1625163047949 5 33949
1625163060002 5 33999
1625163072021 5 34049
1625163083976 5 34099
1625163095876 5 34149
1625163107926 5 34199
1625163119872 5 34249
1625163131780 5 34299
1625163143812 5 34349
1625163155741 5 34399
1625163167918 5 34449
1625163179976 5 34499
1625163192019 5 34549
1625163203969 5 34599
1625163215944 5 34649
1625163227992 5 34699
1625163239850 5 34749
1625163251938 5 34799
1625163263988 5 34849
1625163275902 5 34899
1625163288016 5 34949
1625163299950 5 34999
1625163312041 5 35049
1625163323978 5 35099
1625163336100 5 35149
1625163348002 5 35199
1625163360025 5 35249
1625163372025 5 35299
1625163383992 5 35349
1625163396068 5 35399
1625163408155 5 35449
1625163420175 5 35499
1625163432543 5 35549
1625163444578 5 35599
1625163456724 5 35649
1625163468874 5 35699
1625163481029 5 35749
1625163493266 5 35799
1625163505314 5 35849
1625163517478 5 35899
1625163529580 5 35949
1625163541764 5 35999
1625163553944 5 36049
1625163565931 5 36099
1625163577987 5 36149
1625163590099 5 36199
1625163602183 5 36249
1625163614190 5 36299
1625163626091 5 36349
1625163638195 5 36399
1625163650315 5 36449
1625163662292 5 36499
1625163674366 5 36549
1625163686393 5 36599
1625163698256 5 36649
1625163710319 5 36699
1625163722330 5 36749
1625163734382 5 36799
1625163746524 5 36849
1625163758581 5 36899
1625163770714 5 36949
1625163782732 5 36999
1625163794705 5 37049
1625163806651 5 37099
1625163818898 5 37149
1625163831047 5 37199
1625163843111 5 37249
1625163855391 5 37299
1625163867581 5 37349
1625163879786 5 37399
1625163892128 5 37449
1625163906749 5 37499
1625163907875 5 37499
1625164089326 5 37499
1625164110209 6 37549
1625164121876 6 37599
1625164133574 6 37649
1625164145293 6 37699
1625164157135 6 37749
1625164168830 6 37799
1625164180484 6 37849
1625164192199 6 37899
1625164203835 6 37949
1625164215689 6 37999
1625164227414 6 38049
1625164239086 6 38099
1625164250765 6 38149
1625164262476 6 38199
1625164274181 6 38249
1625164285937 6 38299
1625164297783 6 38349
1625164309490 6 38399
1625164321215 6 38449
1625164332863 6 38499
1625164344618 6 38549
1625164356400 6 38599
1625164368124 6 38649
1625164379784 6 38699
1625164391618 6 38749
1625164403426 6 38799
1625164415355 6 38849
1625164427522 6 38899
1625164439662 6 38949
1625164451985 6 38999
1625164464080 6 39049
1625164476197 6 39099
1625164488395 6 39149
1625164500631 6 39199
1625164513076 6 39249
1625164525155 6 39299
1625164537329 6 39349
1625164549646 6 39399
1625164561820 6 39449
1625164574060 6 39499
1625164586101 6 39549
1625164597968 6 39599
1625164609925 6 39649
1625164621988 6 39699
1625164633767 6 39749
1625164645741 6 39799
1625164657707 6 39849
1625164669641 6 39899
1625164681627 6 39949
1625164693687 6 39999
1625164705788 6 40049
1625164717795 6 40099
1625164729832 6 40149
1625164741879 6 40199
1625164753925 6 40249
1625164765961 6 40299
1625164777980 6 40349
1625164789933 6 40399
1625164802117 6 40449
1625164814171 6 40499
1625164826327 6 40549
1625164838455 6 40599
1625164850376 6 40649
1625164862359 6 40699
1625164874317 6 40749
1625164886357 6 40799
1625164898342 6 40849
1625164910367 6 40899
1625164922468 6 40949
1625164934609 6 40999
1625164946742 6 41049
1625164958767 6 41099
1625164970825 6 41149
1625164982875 6 41199
1625164994829 6 41249
1625165006812 6 41299
1625165018934 6 41349
1625165031021 6 41399
1625165043297 6 41449
1625165055462 6 41499
1625165067672 6 41549
1625165079764 6 41599
1625165091943 6 41649
1625165104172 6 41699
1625165116358 6 41749
1625165128587 6 41799
1625165140738 6 41849
1625165153983 6 41899
1625165166241 6 41949
1625165178318 6 41999
1625165190387 6 42049
1625165202359 6 42099
1625165214325 6 42149
1625165226222 6 42199
1625165238186 6 42249
1625165250240 6 42299
1625165262326 6 42349
1625165274251 6 42399
1625165286256 6 42449
1625165298257 6 42499
1625165310265 6 42549
1625165322204 6 42599
1625165334221 6 42649
1625165346225 6 42699
1625165358179 6 42749
1625165370045 6 42799
1625165382068 6 42849
1625165394183 6 42899
1625165406236 6 42949
1625165418296 6 42999
1625165430503 6 43049
1625165442660 6 43099
1625165454784 6 43149
1625165466902 6 43199
1625165478939 6 43249
1625165491232 6 43299
1625165503469 6 43349
1625165515603 6 43399
1625165527928 6 43449
1625165540098 6 43499
1625165552425 6 43549
1625165564631 6 43599
1625165576799 6 43649
1625165589110 6 43699
1625165603759 6 43749
1625165604989 6 43749
1625165769260 6 43749
1625165791419 7 43799
1625165803157 7 43849
1625165814874 7 43899
1625165826491 7 43949
1625165838259 7 43999
1625165850025 7 44049
1625165861733 7 44099
1625165873447 7 44149
1625165885183 7 44199
1625165896880 7 44249
1625165908592 7 44299
1625165920238 7 44349
1625165931948 7 44399
1625165943723 7 44449
1625165955456 7 44499
1625165967222 7 44549
1625165978883 7 44599
1625165990698 7 44649
1625166002392 7 44699
1625166014206 7 44749
1625166026027 7 44799
1625166037736 7 44849
1625166049453 7 44899
1625166061187 7 44949
1625166072858 7 44999
1625166084623 7 45049
1625166096518 7 45099
1625166108542 7 45149
1625166120845 7 45199
1625166132995 7 45249
1625166145239 7 45299
1625166157375 7 45349
1625166169519 7 45399
1625166181688 7 45449
1625166193892 7 45499
1625166206110 7 45549
1625166218169 7 45599
1625166230265 7 45649
1625166242528 7 45699
1625166254550 7 45749
1625166266751 7 45799
1625166278851 7 45849
1625166290879 7 45899
1625166302884 7 45949
1625166314937 7 45999
1625166327018 7 46049
1625166338952 7 46099
1625166351081 7 46149
1625166363201 7 46199
1625166375137 7 46249
1625166387221 7 46299
1625166399181 7 46349
1625166411232 7 46399
1625166423280 7 46449
1625166435259 7 46499
1625166447379 7 46549
1625166459312 7 46599
1625166471299 7 46649
1625166483339 7 46699
1625166495397 7 46749
1625166507512 7 46799
1625166519494 7 46849
1625166531507 7 46899
1625166543650 7 46949
1625166555637 7 46999
1625166567645 7 47049
1625166579714 7 47099
1625166591723 7 47149
1625166603752 7 47199
1625166615775 7 47249
1625166628050 7 47299
1625166640256 7 47349
1625166652424 7 47399
1625166664596 7 47449
1625166676712 7 47499
1625166688969 7 47549
1625166701237 7 47599
1625166713513 7 47649
1625166725580 7 47699
1625166737893 7 47749
1625166749940 7 47799
1625166762045 7 47849
1625166773999 7 47899
1625166786096 7 47949
1625166798069 7 47999
1625166810030 7 48049
1625166821929 7 48099
1625166833944 7 48149
1625166845999 7 48199
1625166857949 7 48249
1625166869914 7 48299
1625166881844 7 48349
1625166893786 7 48399
1625166905779 7 48449
1625166917797 7 48499
1625166929853 7 48549
1625166941952 7 48599
1625166954026 7 48649
1625166966049 7 48699
1625166977926 7 48749
1625166990030 7 48799
1625167002099 7 48849
1625167014045 7 48899
1625167026152 7 48949
1625167038193 7 48999
1625167050258 7 49049
1625167062374 7 49099
1625167074506 7 49149
1625167086827 7 49199
1625167099082 7 49249
1625167111320 7 49299
1625167123578 7 49349
1625167137066 7 49399
1625167149106 7 49449
1625167161371 7 49499
1625167173668 7 49549
1625167185799 7 49599
1625167197965 7 49649
1625167210243 7 49699
1625167222398 7 49749
1625167234531 7 49799
1625167246691 7 49849
1625167258826 7 49899
1625167270978 7 49949
1625167285572 7 49999
1625167286661 7 49999
1625167449884 7 49999
1625167471019 8 50049
1625167482684 8 50099
1625167494436 8 50149
1625167506073 8 50199
1625167517707 8 50249
1625167529465 8 50299
1625167541114 8 50349
1625167552781 8 50399
1625167564494 8 50449
1625167576234 8 50499
1625167587898 8 50549
1625167599682 8 50599
1625167611360 8 50649
1625167623095 8 50699
1625167634763 8 50749
1625167646454 8 50799
1625167658176 8 50849
1625167669939 8 50899
1625167681603 8 50949
1625167693275 8 50999
1625167704931 8 51049
1625167716666 8 51099
1625167728390 8 51149
1625167740129 8 51199
1625167751722 8 51249
1625167763411 8 51299
1625167775187 8 51349
1625167787177 8 51399
1625167799406 8 51449
1625167811664 8 51499
1625167823734 8 51549
1625167835808 8 51599
1625167848006 8 51649
1625167860159 8 51699
1625167872413 8 51749
1625167884664 8 51799
1625167896942 8 51849
1625167909177 8 51899
1625167921259 8 51949
1625167933484 8 51999
1625167945809 8 52049
1625167958033 8 52099
1625167970019 8 52149
1625167982151 8 52199
1625167994256 8 52249
1625168006304 8 52299
1625168018309 8 52349
1625168030329 8 52399
1625168042241 8 52449
1625168054276 8 52499
1625168066193 8 52549
1625168078199 8 52599
1625168090283 8 52649
1625168102359 8 52699
1625168114401 8 52749
1625168126593 8 52799
1625168138574 8 52849
1625168150539 8 52899
1625168162533 8 52949
1625168174602 8 52999
1625168186671 8 53049
1625168198765 8 53099
1625168210682 8 53149
1625168222704 8 53199
1625168234794 8 53249
1625168246982 8 53299
1625168259158 8 53349
1625168271436 8 53399
1625168283479 8 53449
1625168295604 8 53499
1625168307769 8 53549
1625168319877 8 53599
1625168331994 8 53649
1625168344212 8 53699
1625168356454 8 53749
1625168368663 8 53799
1625168380740 8 53849
1625168392744 8 53899
1625168404850 8 53949
1625168416831 8 53999
1625168428855 8 54049
1625168440878 8 54099
1625168452876 8 54149
1625168464852 8 54199
1625168476888 8 54249
1625168488976 8 54299
1625168500992 8 54349
1625168513029 8 54399
1625168525136 8 54449
1625168537086 8 54499
1625168549262 8 54549
1625168561252 8 54599
1625168573165 8 54649
1625168585194 8 54699
1625168597096 8 54749
1625168609089 8 54799
1625168621100 8 54849
1625168633060 8 54899
1625168645140 8 54949
1625168657172 8 54999
1625168669090 8 55049
1625168680963 8 55099
1625168693104 8 55149
1625168705297 8 55199
1625168717430 8 55249
1625168729700 8 55299
1625168741985 8 55349
1625168754173 8 55399
1625168766468 8 55449
1625168778581 8 55499
1625168790764 8 55549
1625168802910 8 55599
1625168815149 8 55649
1625168827277 8 55699
1625168839463 8 55749
1625168851693 8 55799
1625168863744 8 55849
1625168875852 8 55899
1625168887927 8 55949
1625168899917 8 55999
1625168911956 8 56049
1625168923956 8 56099
1625168935989 8 56149
1625168948229 8 56199
1625168962885 8 56249
1625168963985 8 56249
1625169127334 8 56249
1625169148487 9 56299
1625169160223 9 56349
1625169171916 9 56399
1625169183572 9 56449
1625169195303 9 56499
1625169207045 9 56549
1625169218785 9 56599
1625169230448 9 56649
1625169242179 9 56699
1625169253886 9 56749
1625169265540 9 56799
1625169277198 9 56849
1625169288851 9 56899
1625169300548 9 56949
1625169312182 9 56999
1625169323874 9 57049
1625169335601 9 57099
1625169347290 9 57149
1625169359034 9 57199
1625169370801 9 57249
1625169382491 9 57299
1625169394243 9 57349
1625169406017 9 57399
1625169417745 9 57449
1625169429476 9 57499
1625169441195 9 57549
1625169452864 9 57599
1625169464711 9 57649
1625169477094 9 57699
1625169489144 9 57749
1625169501409 9 57799
1625169513661 9 57849
1625169525809 9 57899
1625169538015 9 57949
1625169550276 9 57999
1625169562507 9 58049
1625169574703 9 58099
1625169586886 9 58149
1625169599170 9 58199
1625169611440 9 58249
1625169623577 9 58299
1625169635837 9 58349
1625169648040 9 58399
1625169660298 9 58449
1625169672337 9 58499
1625169684316 9 58549
1625169696276 9 58599
1625169708205 9 58649
1625169720192 9 58699
1625169732187 9 58749
1625169744407 9 58799
1625169756397 9 58849
1625169768522 9 58899
1625169780566 9 58949
1625169792508 9 58999
1625169804553 9 59049
1625169816440 9 59099
1625169828637 9 59149
1625169840816 9 59199
1625169852996 9 59249
1625169865197 9 59299
1625169877294 9 59349
1625169889462 9 59399
1625169901740 9 59449
1625169913905 9 59499
1625169926159 9 59549
1625169938245 9 59599
1625169950328 9 59649
1625169962494 9 59699
1625169974676 9 59749
1625169986748 9 59799
1625169998878 9 59849
1625170010852 9 59899
1625170022877 9 59949
1625170034781 9 59999
1625170046789 9 60049
1625170058700 9 60099
1625170070690 9 60149
1625170082582 9 60199
1625170094532 9 60249
1625170106488 9 60299
1625170118537 9 60349
1625170130506 9 60399
1625170142535 9 60449
1625170154444 9 60499
1625170166454 9 60549
1625170178612 9 60599
1625170190657 9 60649
1625170202799 9 60699
1625170214825 9 60749
1625170226947 9 60799
1625170238777 9 60849
1625170250775 9 60899
1625170262816 9 60949
1625170274874 9 60999
1625170286950 9 61049
1625170298957 9 61099
1625170311113 9 61149
1625170323396 9 61199
1625170335549 9 61249
1625170347827 9 61299
1625170359987 9 61349
1625170372216 9 61399
1625170384545 9 61449
1625170396746 9 61499
1625170408904 9 61549
1625170421053 9 61599
1625170433225 9 61649
1625170445443 9 61699
1625170457581 9 61749
1625170469745 9 61799
1625170481880 9 61849
1625170494068 9 61899
1625170506075 9 61949
1625170518251 9 61999
1625170530207 9 62049
1625170542234 9 62099
1625170554223 9 62149
1625170566091 9 62199
1625170578026 9 62249
1625170589906 9 62299
1625170601868 9 62349
1625170613841 9 62399
1625170626083 9 62449
1625170640580 9 62499
1625170644436 9 62499
1625170811936 9 62499
1625170833247 10 62549
1625170844925 10 62599
1625170856602 10 62649
1625170868313 10 62699
1625170880053 10 62749
1625170891703 10 62799
1625170903469 10 62849
1625170915274 10 62899
1625170927027 10 62949
1625170938725 10 62999
1625170950438 10 63049
1625170962195 10 63099
1625170973934 10 63149
1625170985656 10 63199
1625170997399 10 63249
1625171009124 10 63299
1625171021016 10 63349
1625171032800 10 63399
1625171044525 10 63449
1625171056238 10 63499
1625171067971 10 63549
1625171079807 10 63599
1625171091613 10 63649
1625171103363 10 63699
1625171115113 10 63749
1625171126824 10 63799
1625171138645 10 63849
1625171150518 10 63899
1625171162568 10 63949
1625171174625 10 63999
1625171186715 10 64049
1625171198847 10 64099
1625171211078 10 64149
1625171223276 10 64199
1625171235348 10 64249
1625171247517 10 64299
1625171259735 10 64349
1625171271909 10 64399
1625171284158 10 64449
1625171296308 10 64499
1625171308483 10 64549
1625171320653 10 64599
1625171332979 10 64649
1625171345086 10 64699
1625171357219 10 64749
1625171369479 10 64799
1625171381475 10 64849
1625171393533 10 64899
1625171405588 10 64949
1625171417544 10 64999
1625171429586 10 65049
1625171441706 10 65099
1625171453765 10 65149
1625171465887 10 65199
1625171477955 10 65249
1625171489955 10 65299
1625171502149 10 65349
1625171514256 10 65399
1625171526346 10 65449
1625171538384 10 65499
1625171550607 10 65549
1625171562711 10 65599
1625171575147 10 65649
1625171587235 10 65699
1625171599201 10 65749
1625171611406 10 65799
1625171623305 10 65849
1625171635241 10 65899
1625171647223 10 65949
1625171659310 10 65999
1625171671360 10 66049
1625171683264 10 66099
1625171695302 10 66149
1625171707306 10 66199
1625171719186 10 66249
1625171731228 10 66299
1625171743219 10 66349
1625171755297 10 66399
1625171767467 10 66449
1625171779545 10 66499
1625171791591 10 66549
1625171803637 10 66599
1625171815676 10 66649
1625171827630 10 66699
1625171839688 10 66749
1625171851747 10 66799
1625171863721 10 66849
1625171875702 10 66899
1625171887839 10 66949
1625171899814 10 66999
1625171911862 10 67049
1625171923940 10 67099
1625171935945 10 67149
1625171948074 10 67199
1625171960280 10 67249
1625171972497 10 67299
1625171984543 10 67349
1625171996536 10 67399
1625172008681 10 67449
1625172020785 10 67499
1625172033019 10 67549
1625172045111 10 67599
1625172057429 10 67649
1625172069646 10 67699
1625172081773 10 67749
1625172093866 10 67799
1625172106198 10 67849
1625172118428 10 67899
1625172130725 10 67949
1625172143529 10 67999
1625172155890 10 68049
1625172167954 10 68099
1625172180346 10 68149
1625172192538 10 68199
1625172204483 10 68249
1625172216752 10 68299
1625172228857 10 68349
1625172240952 10 68399
1625172253073 10 68449
1625172265162 10 68499
1625172277315 10 68549
1625172289508 10 68599
1625172301573 10 68649
1625172313824 10 68699
1625172328509 10 68749
1625172330121 10 68749
1625172500795 10 68749
1625172524520 11 68799
1625172536293 11 68849
1625172548057 11 68899
1625172559813 11 68949
1625172571589 11 68999
1625172583306 11 69049
1625172595103 11 69099
1625172606808 11 69149
1625172618663 11 69199
1625172630352 11 69249
1625172642042 11 69299
1625172653967 11 69349
1625172665684 11 69399
1625172677452 11 69449
1625172689203 11 69499
1625172700905 11 69549
1625172712794 11 69599
1625172724645 11 69649
1625172736447 11 69699
1625172748308 11 69749
1625172760071 11 69799
1625172771825 11 69849
1625172783635 11 69899
1625172795437 11 69949
1625172807126 11 69999
1625172818883 11 70049
1625172830708 11 70099
1625172842688 11 70149
1625172854750 11 70199
1625172866771 11 70249
1625172878793 11 70299
1625172890841 11 70349
1625172903072 11 70399
1625172915243 11 70449
1625172927628 11 70499
1625172939801 11 70549
1625172952061 11 70599
1625172964354 11 70649
1625172976492 11 70699
1625172988709 11 70749
1625173001092 11 70799
1625173013232 11 70849
1625173025436 11 70899
1625173037628 11 70949
1625173049848 11 70999
1625173062112 11 71049
1625173074397 11 71099
1625173086653 11 71149
1625173098771 11 71199
1625173110906 11 71249
1625173123182 11 71299
1625173135345 11 71349
1625173147562 11 71399
1625173159810 11 71449
1625173172008 11 71499
1625173184139 11 71549
1625173196240 11 71599
1625173208561 11 71649
1625173220530 11 71699
1625173232695 11 71749
1625173244774 11 71799
1625173256765 11 71849
1625173268788 11 71899
1625173281069 11 71949
1625173293100 11 71999
1625173305220 11 72049
1625173317274 11 72099
1625173329259 11 72149
1625173341285 11 72199
1625173353372 11 72249
1625173365454 11 72299
1625173377793 11 72349
1625173389737 11 72399
1625173401774 11 72449
1625173413955 11 72499
1625173426095 11 72549
1625173438195 11 72599
1625173450178 11 72649
1625173462364 11 72699
1625173474520 11 72749
1625173486578 11 72799
1625173498717 11 72849
1625173510812 11 72899
1625173522936 11 72949
1625173534933 11 72999
1625173546844 11 73049
1625173558881 11 73099
1625173571017 11 73149
1625173583287 11 73199
1625173595537 11 73249
1625173607744 11 73299
1625173619782 11 73349
1625173632128 11 73399
1625173644451 11 73449
1625173656606 11 73499
1625173668707 11 73549
1625173680838 11 73599
1625173693027 11 73649
1625173705185 11 73699
1625173717444 11 73749
1625173729607 11 73799
1625173741864 11 73849
1625173754075 11 73899
1625173766345 11 73949
1625173778493 11 73999
1625173790705 11 74049
1625173803008 11 74099
1625173815162 11 74149
1625173827267 11 74199
1625173839252 11 74249
1625173851471 11 74299
1625173863623 11 74349
1625173875760 11 74399
1625173887946 11 74449
1625173900018 11 74499
1625173912059 11 74549
1625173924278 11 74599
1625173936312 11 74649
1625173948565 11 74699
1625173960641 11 74749
1625173972755 11 74799
1625173984939 11 74849
1625173997074 11 74899
1625174009409 11 74949
1625174024091 11 74999
1625174027044 11 74999
1625174197686 11 74999
1625174220634 12 75049
1625174232452 12 75099
1625174244244 12 75149
1625174256022 12 75199
1625174267760 12 75249
1625174279518 12 75299
1625174291333 12 75349
1625174303101 12 75399
1625174314865 12 75449
1625174326539 12 75499
1625174338281 12 75549
1625174350114 12 75599
1625174361830 12 75649
1625174373629 12 75699
1625174385448 12 75749
1625174397198 12 75799
1625174409044 12 75849
1625174420831 12 75899
1625174432558 12 75949
1625174444402 12 75999
1625174456306 12 76049
1625174468031 12 76099
1625174479785 12 76149
1625174491733 12 76199
1625174503526 12 76249
1625174515304 12 76299
1625174527094 12 76349
1625174538953 12 76399
1625174551081 12 76449
1625174563128 12 76499
1625174575186 12 76549
1625174587423 12 76599
1625174599424 12 76649
1625174611476 12 76699
1625174623539 12 76749
1625174636004 12 76799
1625174648253 12 76849
1625174660666 12 76899
1625174672961 12 76949
1625174685218 12 76999
1625174697548 12 77049
1625174709714 12 77099
1625174722081 12 77149
1625174734315 12 77199
1625174746394 12 77249
1625174758651 12 77299
1625174770896 12 77349
1625174783227 12 77399
1625174795414 12 77449
1625174807644 12 77499
1625174819754 12 77549
1625174831935 12 77599
1625174844159 12 77649
1625174856371 12 77699
1625174868451 12 77749
1625174880615 12 77799
1625174892693 12 77849
1625174904809 12 77899
1625174916899 12 77949
1625174928905 12 77999
1625174941052 12 78049
1625174953070 12 78099
1625174965113 12 78149
1625174977239 12 78199
1625174989260 12 78249
1625175001450 12 78299
1625175013366 12 78349
1625175025586 12 78399
1625175037747 12 78449
1625175049703 12 78499
1625175061889 12 78549
1625175073952 12 78599
1625175086031 12 78649
1625175098197 12 78699
1625175110366 12 78749
1625175122438 12 78799
1625175134574 12 78849
1625175146629 12 78899
1625175158711 12 78949
1625175170691 12 78999
1625175182741 12 79049
1625175195002 12 79099
1625175207127 12 79149
1625175219289 12 79199
1625175231529 12 79249
1625175243774 12 79299
1625175256007 12 79349
1625175268228 12 79399
1625175280456 12 79449
1625175292724 12 79499
1625175304836 12 79549
1625175317044 12 79599
1625175329263 12 79649
1625175341589 12 79699
1625175353804 12 79749
1625175366052 12 79799
1625175378418 12 79849
1625175390535 12 79899
1625175402743 12 79949
1625175415044 12 79999
1625175427206 12 80049
1625175439200 12 80099
1625175451256 12 80149
1625175463418 12 80199
1625175475321 12 80249
1625175487402 12 80299
1625175499316 12 80349
1625175511309 12 80399
1625175523440 12 80449
1625175535433 12 80499
1625175547455 12 80549
1625175559574 12 80599
1625175571575 12 80649
1625175583612 12 80699
1625175595656 12 80749
1625175607861 12 80799
1625175619899 12 80849
1625175631821 12 80899
1625175643913 12 80949
1625175655900 12 80999
1625175668066 12 81049
1625175680242 12 81099
1625175692194 12 81149
1625175704383 12 81199
1625175719017 12 81249
1625175720299 12 81249
1625175886040 12 81249
1625175907382 13 81299
1625175919101 13 81349
1625175930845 13 81399
1625175942532 13 81449
1625175954317 13 81499
1625175965976 13 81549
1625175977673 13 81599
1625175989400 13 81649
1625176001082 13 81699
1625176012805 13 81749
1625176024495 13 81799
1625176036215 13 81849
1625176047913 13 81899
1625176059609 13 81949
1625176071352 13 81999
1625176083029 13 82049
1625176094709 13 82099
1625176106467 13 82149
1625176118131 13 82199
1625176129773 13 82249
1625176141566 13 82299
1625176153296 13 82349
1625176165038 13 82399
1625176176827 13 82449
1625176188545 13 82499
1625176200336 13 82549
1625176212133 13 82599
1625176224063 13 82649
1625176236000 13 82699
1625176248151 13 82749
1625176260150 13 82799
1625176272095 13 82849
1625176284072 13 82899
1625176296235 13 82949
1625176308246 13 82999
1625176320364 13 83049
1625176332536 13 83099
1625176344923 13 83149
1625176357148 13 83199
1625176369354 13 83249
1625176381597 13 83299
1625176393763 13 83349
1625176406094 13 83399
1625176418498 13 83449
1625176430670 13 83499
1625176442958 13 83549
1625176455195 13 83599
1625176467436 13 83649
1625176479568 13 83699
1625176491730 13 83749
1625176504079 13 83799
1625176516336 13 83849
1625176528578 13 83899
1625176540653 13 83949
1625176552724 13 83999
1625176564664 13 84049
1625176576733 13 84099
1625176588720 13 84149
1625176600735 13 84199
1625176612729 13 84249
1625176624738 13 84299
1625176636728 13 84349
1625176648794 13 84399
1625176660930 13 84449
1625176672889 13 84499
1625176684851 13 84549
1625176696876 13 84599
1625176708870 13 84649
1625176720907 13 84699
1625176732929 13 84749
1625176744931 13 84799
1625176756907 13 84849
1625176768892 13 84899
1625176781092 13 84949
1625176793149 13 84999
1625176805418 13 85049
1625176817526 13 85099
1625176829667 13 85149
1625176841955 13 85199
1625176854164 13 85249
1625176866504 13 85299
1625176878650 13 85349
1625176890880 13 85399
1625176903136 13 85449
1625176915427 13 85499
1625176927690 13 85549
1625176939952 13 85599
1625176952095 13 85649
1625176964346 13 85699
1625176976497 13 85749
1625176988776 13 85799
1625177001036 13 85849
1625177013112 13 85899
1625177025305 13 85949
1625177037521 13 85999
1625177049767 13 86049
1625177061913 13 86099
1625177074048 13 86149
1625177086222 13 86199
1625177098296 13 86249
1625177110419 13 86299
1625177122472 13 86349
1625177134542 13 86399
1625177146618 13 86449
1625177158741 13 86499
1625177170688 13 86549
1625177182791 13 86599
1625177194782 13 86649
1625177206790 13 86699
1625177218902 13 86749
1625177231085 13 86799
1625177244300 13 86849
1625177256171 13 86899
1625177268177 13 86949
1625177280309 13 86999
1625177292263 13 87049
1625177304419 13 87099
1625177316461 13 87149
1625177328704 13 87199
1625177340783 13 87249
1625177352782 13 87299
1625177364943 13 87349
1625177377132 13 87399
1625177389366 13 87449
1625177404076 13 87499
1625177405211 13 87499
1625177580256 13 87499
1625177601825 14 87549
1625177613637 14 87599
1625177625348 14 87649
1625177637087 14 87699
1625177648770 14 87749
1625177660565 14 87799
1625177672308 14 87849
1625177683926 14 87899
1625177695617 14 87949
1625177707373 14 87999
1625177719018 14 88049
1625177730759 14 88099
1625177742557 14 88149
1625177754345 14 88199
1625177766208 14 88249
1625177777947 14 88299
1625177789798 14 88349
1625177801655 14 88399
1625177813442 14 88449
1625177825308 14 88499
1625177837078 14 88549
1625177848808 14 88599
1625177860515 14 88649
1625177872226 14 88699
1625177884070 14 88749
1625177895995 14 88799
1625177907882 14 88849
1625177919761 14 88899
1625177931847 14 88949
1625177943845 14 88999
1625177955925 14 89049
1625177968086 14 89099
1625177980397 14 89149
1625177992551 14 89199
1625178004682 14 89249
1625178016839 14 89299
1625178028936 14 89349
1625178041190 14 89399
1625178053373 14 89449
1625178065550 14 89499
1625178077816 14 89549
1625178089967 14 89599
1625178102145 14 89649
1625178114384 14 89699
1625178126625 14 89749
1625178138764 14 89799
1625178151128 14 89849
1625178163428 14 89899
1625178175579 14 89949
1625178187641 14 89999
1625178200059 14 90049
1625178212320 14 90099
1625178224628 14 90149
1625178236996 14 90199
1625178249104 14 90249
1625178261397 14 90299
1625178273681 14 90349
1625178285566 14 90399
1625178297706 14 90449
1625178309779 14 90499
1625178322007 14 90549
1625178334043 14 90599
1625178346210 14 90649
1625178358309 14 90699
1625178370416 14 90749
1625178382418 14 90799
1625178394544 14 90849
1625178406546 14 90899
1625178418824 14 90949
1625178430969 14 90999
1625178443281 14 91049
1625178455455 14 91099
1625178467663 14 91149
1625178480007 14 91199
1625178492244 14 91249
1625178504391 14 91299
1625178516510 14 91349
1625178528617 14 91399
1625178540935 14 91449
1625178552945 14 91499
1625178565299 14 91549
1625178577517 14 91599
1625178589730 14 91649
1625178601972 14 91699
1625178614105 14 91749
1625178626274 14 91799
1625178638518 14 91849
1625178650714 14 91899
1625178663011 14 91949
1625178675328 14 91999
1625178687574 14 92049
1625178699868 14 92099
1625178712067 14 92149
1625178724326 14 92199
1625178736285 14 92249
1625178748414 14 92299
1625178760267 14 92349
1625178772396 14 92399
1625178784491 14 92449
1625178796494 14 92499
1625178808460 14 92549
1625178820511 14 92599
1625178832472 14 92649
1625178844695 14 92699
1625178856761 14 92749
1625178868816 14 92799
1625178880914 14 92849
1625178892892 14 92899
1625178905029 14 92949
1625178917096 14 92999
1625178929117 14 93049
1625178941244 14 93099
1625178953089 14 93149
1625178965112 14 93199
1625178977119 14 93249
1625178989196 14 93299
1625179001247 14 93349
1625179013340 14 93399
1625179025451 14 93449
1625179037632 14 93499
1625179049813 14 93549
1625179061793 14 93599
1625179073824 14 93649
1625179086187 14 93699
1625179100804 14 93749
1625179101929 14 93749
1625179271919 14 93749
1625179293141 15 93799
1625179304925 15 93849
1625179316658 15 93899
1625179328345 15 93949
1625179340100 15 93999
1625179351910 15 94049
1625179363612 15 94099
1625179375296 15 94149
1625179387050 15 94199
1625179398782 15 94249
1625179410477 15 94299
1625179422308 15 94349
1625179434067 15 94399
1625179445872 15 94449
1625179457733 15 94499
1625179469503 15 94549
1625179481397 15 94599
1625179493261 15 94649
1625179505099 15 94699
1625179516944 15 94749
1625179528639 15 94799
1625179540489 15 94849
1625179552201 15 94899
1625179563962 15 94949
1625179575742 15 94999
1625179587451 15 95049
1625179599299 15 95099
1625179611401 15 95149
1625179623729 15 95199
1625179636088 15 95249
1625179648260 15 95299
1625179660306 15 95349
1625179672547 15 95399
1625179684680 15 95449
1625179696925 15 95499
1625179709260 15 95549
1625179721359 15 95599
1625179733511 15 95649
1625179745602 15 95699
1625179757796 15 95749
1625179769981 15 95799
1625179782146 15 95849
1625179794329 15 95899
1625179806571 15 95949
1625179818895 15 95999
1625179831059 15 96049
1625179843147 15 96099
1625179855429 15 96149
1625179867730 15 96199
1625179879948 15 96249
1625179892240 15 96299
1625179904416 15 96349
1625179916561 15 96399
1625179928773 15 96449
1625179940962 15 96499
1625179953388 15 96549
1625179965462 15 96599
1625179977898 15 96649
1625179990201 15 96699
1625180002221 15 96749
1625180014312 15 96799
1625180026510 15 96849
1625180038660 15 96899
1625180050868 15 96949
1625180063012 15 96999
1625180075380 15 97049
1625180087687 15 97099
1625180099897 15 97149
1625180112129 15 97199
1625180124190 15 97249
1625180136438 15 97299
1625180148635 15 97349
1625180160856 15 97399
1625180173131 15 97449
1625180185331 15 97499
1625180197556 15 97549
1625180209709 15 97599
1625180221952 15 97649
1625180234237 15 97699
1625180246546 15 97749
1625180258720 15 97799
1625180271024 15 97849
1625180283235 15 97899
1625180295498 15 97949
1625180307587 15 97999
1625180319842 15 98049
1625180331989 15 98099
1625180344125 15 98149
1625180356275 15 98199
1625180368166 15 98249
1625180380375 15 98299
1625180392667 15 98349
1625180404717 15 98399
1625180416875 15 98449
1625180429036 15 98499
1625180441201 15 98549
1625180453341 15 98599
1625180465389 15 98649
1625180477390 15 98699
1625180489354 15 98749
1625180501545 15 98799
1625180513606 15 98849
1625180525632 15 98899
1625180537830 15 98949
1625180549890 15 98999
1625180562072 15 99049
1625180574215 15 99099
1625180586279 15 99149
1625180598371 15 99199
1625180610544 15 99249
1625180622624 15 99299
1625180635812 15 99349
1625180647928 15 99399
1625180660010 15 99449
1625180672072 15 99499
1625180684013 15 99549
1625180696157 15 99599
1625180708313 15 99649
1625180720435 15 99699
1625180732526 15 99749
1625180744649 15 99799
1625180756804 15 99849
1625180768863 15 99899
1625180781151 15 99949
1625180795773 15 99999
1625180796918 15 99999
1625180965234 15 99999
1625180986411 16 100049
1625180998183 16 100099
1625181009946 16 100149
1625181021708 16 100199
1625181033517 16 100249
1625181045231 16 100299
1625181057053 16 100349
1625181068892 16 100399
1625181080660 16 100449
1625181092365 16 100499
1625181104093 16 100549
1625181115856 16 100599
1625181127595 16 100649
1625181139375 16 100699
1625181151142 16 100749
1625181162839 16 100799
1625181174682 16 100849
1625181186427 16 100899
1625181198193 16 100949
1625181209964 16 100999
1625181221777 16 101049
1625181233629 16 101099
1625181245545 16 101149
1625181257383 16 101199
1625181269283 16 101249
1625181281195 16 101299
1625181293081 16 101349
1625181305225 16 101399
1625181317185 16 101449
1625181329658 16 101499
1625181341786 16 101549
1625181353928 16 101599
1625181366176 16 101649
1625181378503 16 101699
1625181390459 16 101749
1625181402735 16 101799
1625181414601 16 101849
1625181426718 16 101899
1625181438598 16 101949
1625181450616 16 101999
1625181462832 16 102049
1625181474911 16 102099
1625181487004 16 102149
1625181499189 16 102199
1625181511304 16 102249
1625181523579 16 102299
1625181535758 16 102349
1625181548129 16 102399
1625181560299 16 102449
1625181572484 16 102499
1625181584816 16 102549
1625181596878 16 102599
1625181609081 16 102649
1625181621282 16 102699
1625181633491 16 102749
1625181645793 16 102799
1625181658052 16 102849
1625181670430 16 102899
1625181682629 16 102949
1625181694795 16 102999
1625181706862 16 103049
1625181719097 16 103099
1625181731286 16 103149
1625181743561 16 103199
1625181755607 16 103249
1625181767789 16 103299
1625181779798 16 103349
1625181792270 16 103399
1625181804346 16 103449
1625181816595 16 103499
1625181828667 16 103549
1625181840929 16 103599
1625181853145 16 103649
1625181865381 16 103699
1625181877462 16 103749
1625181889699 16 103799
1625181901884 16 103849
1625181914140 16 103899
1625181926368 16 103949
1625181938559 16 103999
1625181950535 16 104049
1625181962811 16 104099
1625181974887 16 104149
1625181987153 16 104199
1625181999425 16 104249
1625182011495 16 104299
1625182023516 16 104349
1625182035406 16 104399
1625182047330 16 104449
1625182059440 16 104499
1625182071650 16 104549
1625182083830 16 104599
1625182095987 16 104649
1625182108170 16 104699
1625182120200 16 104749
1625182132324 16 104799
1625182144263 16 104849
1625182156441 16 104899
1625182168563 16 104949
1625182180657 16 104999
1625182192742 16 105049
1625182204802 16 105099
1625182216892 16 105149
1625182228934 16 105199
1625182241084 16 105249
1625182253361 16 105299
1625182265326 16 105349
1625182277351 16 105399
1625182289386 16 105449
1625182301472 16 105499
1625182313628 16 105549
1625182325712 16 105599
1625182337765 16 105649
1625182349806 16 105699
1625182361967 16 105749
1625182374104 16 105799
1625182386088 16 105849
1625182398039 16 105899
1625182410235 16 105949
1625182422317 16 105999
1625182434368 16 106049
1625182446393 16 106099
1625182458407 16 106149
1625182470646 16 106199
1625182485112 16 106249
1625182486213 16 106249
1625182657837 16 106249
1625182678908 17 106299
1625182690615 17 106349
1625182702316 17 106399
1625182714048 17 106449
1625182725863 17 106499
1625182737614 17 106549
1625182749271 17 106599
1625182761035 17 106649
1625182772767 17 106699
1625182784484 17 106749
1625182796134 17 106799
1625182807827 17 106849
1625182819654 17 106899
1625182831436 17 106949
1625182843221 17 106999
1625182855067 17 107049
1625182866954 17 107099
1625182878775 17 107149
1625182890551 17 107199
1625182902425 17 107249
1625182914260 17 107299
1625182926085 17 107349
1625182937952 17 107399
1625182949850 17 107449
1625182961737 17 107499
1625182973619 17 107549
1625182985561 17 107599
1625182997553 17 107649
1625183009903 17 107699
1625183021940 17 107749
1625183034091 17 107799
1625183046145 17 107849
1625183058215 17 107899
1625183070295 17 107949
1625183082412 17 107999
1625183094426 17 108049
1625183106441 17 108099
1625183118492 17 108149
1625183130715 17 108199
1625183142904 17 108249
1625183154934 17 108299
1625183167019 17 108349
1625183178938 17 108399
1625183191019 17 108449
1625183203259 17 108499
1625183215354 17 108549
1625183227466 17 108599
1625183239634 17 108649
1625183251857 17 108699
1625183264071 17 108749
1625183276319 17 108799
1625183288636 17 108849
1625183300902 17 108899
1625183313330 17 108949
1625183325389 17 108999
1625183337719 17 109049
1625183349904 17 109099
1625183362248 17 109149
1625183374387 17 109199
1625183386784 17 109249
1625183399012 17 109299
1625183411075 17 109349
1625183423356 17 109399
1625183435597 17 109449
1625183447796 17 109499
1625183459960 17 109549
1625183472274 17 109599
1625183484464 17 109649
1625183496733 17 109699
1625183508759 17 109749
1625183520834 17 109799
1625183533253 17 109849
1625183545473 17 109899
1625183557729 17 109949
1625183570009 17 109999
1625183582276 17 110049
1625183594548 17 110099
1625183606698 17 110149
1625183619069 17 110199
1625183631302 17 110249
1625183643401 17 110299
1625183655547 17 110349
1625183667608 17 110399
1625183679631 17 110449
1625183691671 17 110499
1625183703768 17 110549
1625183715947 17 110599
1625183728042 17 110649
1625183740328 17 110699
1625183752381 17 110749
1625183764410 17 110799
1625183776590 17 110849
1625183788644 17 110899
1625183800729 17 110949
1625183812671 17 110999
1625183824899 17 111049
1625183837011 17 111099
1625183849043 17 111149
1625183861256 17 111199
1625183873334 17 111249
1625183885423 17 111299
1625183897484 17 111349
1625183909413 17 111399
1625183921712 17 111449
1625183933817 17 111499
1625183945755 17 111549
1625183957780 17 111599
1625183969753 17 111649
1625183981853 17 111699
1625183993854 17 111749
1625184005992 17 111799
1625184018218 17 111849
1625184030397 17 111899
1625184042374 17 111949
1625184054503 17 111999
1625184067636 17 112049
1625184079656 17 112099
1625184091774 17 112149
1625184103870 17 112199
1625184115986 17 112249
1625184128104 17 112299
1625184140173 17 112349
1625184152255 17 112399
1625184164470 17 112449
1625184178945 17 112499
1625184180048 17 112499
1625184351122 17 112499
1625184372383 18 112549
1625184384108 18 112599
1625184395804 18 112649
1625184407514 18 112699
1625184419282 18 112749
1625184431119 18 112799
1625184442875 18 112849
1625184454566 18 112899
1625184466244 18 112949
1625184478095 18 112999
1625184490028 18 113049
1625184501766 18 113099
1625184513596 18 113149
1625184525518 18 113199
1625184537410 18 113249
1625184549189 18 113299
1625184561139 18 113349
1625184573057 18 113399
1625184584837 18 113449
1625184596726 18 113499
1625184608559 18 113549
1625184620497 18 113599
1625184632434 18 113649
1625184644331 18 113699
1625184656121 18 113749
1625184667837 18 113799
1625184679615 18 113849
1625184691646 18 113899
1625184703784 18 113949
1625184715993 18 113999
1625184728136 18 114049
1625184740109 18 114099
1625184752097 18 114149
1625184764256 18 114199
1625184776241 18 114249
1625184788342 18 114299
1625184800387 18 114349
1625184812420 18 114399
1625184824396 18 114449
1625184836549 18 114499
1625184848593 18 114549
1625184860607 18 114599
1625184872646 18 114649
1625184884877 18 114699
1625184896932 18 114749
1625184909053 18 114799
1625184921083 18 114849
1625184933375 18 114899
1625184945565 18 114949
1625184957857 18 114999
1625184970168 18 115049
1625184982504 18 115099
1625184994778 18 115149
1625185007022 18 115199
1625185019144 18 115249
1625185031436 18 115299
1625185043489 18 115349
1625185055834 18 115399
1625185068186 18 115449
1625185080362 18 115499
1625185092599 18 115549
1625185104839 18 115599
1625185117021 18 115649
1625185129206 18 115699
1625185141548 18 115749
1625185153848 18 115799
1625185166094 18 115849
1625185178296 18 115899
1625185190651 18 115949
1625185202853 18 115999
1625185215133 18 116049
1625185227349 18 116099
1625185239589 18 116149
1625185251842 18 116199
1625185264144 18 116249
1625185276436 18 116299
1625185288603 18 116349
1625185300677 18 116399
1625185312752 18 116449
1625185324876 18 116499
1625185336835 18 116549
1625185348843 18 116599
1625185360927 18 116649
1625185373048 18 116699
1625185385094 18 116749
1625185397389 18 116799
1625185409493 18 116849
1625185421681 18 116899
1625185433833 18 116949
1625185445834 18 116999
1625185458008 18 117049
1625185470248 18 117099
1625185482430 18 117149
1625185494516 18 117199
1625185506631 18 117249
1625185518671 18 117299
1625185530758 18 117349
1625185542764 18 117399
1625185554897 18 117449
1625185567122 18 117499
1625185579366 18 117549
1625185591361 18 117599
1625185603388 18 117649
1625185615473 18 117699
1625185627469 18 117749
1625185639470 18 117799
1625185651508 18 117849
1625185663487 18 117899
1625185675469 18 117949
1625185687492 18 117999
1625185699593 18 118049
1625185711651 18 118099
1625185723687 18 118149
1625185735828 18 118199
1625185747838 18 118249
1625185759916 18 118299
1625185771998 18 118349
1625185783982 18 118399
1625185796098 18 118449
1625185808150 18 118499
1625185820180 18 118549
1625185832156 18 118599
1625185844288 18 118649
1625185856666 18 118699
1625185871073 18 118749
1625185872198 18 118749
1625186042965 18 118749
1625186064158 19 118799
1625186075892 19 118849
1625186087644 19 118899
1625186099536 19 118949
1625186111526 19 118999
1625186123307 19 119049
1625186135124 19 119099
1625186147029 19 119149
1625186158843 19 119199
1625186170684 19 119249
1625186182523 19 119299
1625186194324 19 119349
1625186206162 19 119399
1625186217975 19 119449
1625186229828 19 119499
1625186241753 19 119549
1625186253474 19 119599
1625186265337 19 119649
1625186277053 19 119699
1625186288835 19 119749
1625186300677 19 119799
1625186312485 19 119849
1625186324220 19 119899
1625186335874 19 119949
1625186347710 19 119999
1625186359467 19 120049
1625186371360 19 120099
1625186383508 19 120149
1625186395563 19 120199
1625186407624 19 120249
1625186419591 19 120299
1625186431668 19 120349
1625186443740 19 120399
1625186455933 19 120449
1625186468005 19 120499
1625186480074 19 120549
1625186492050 19 120599
1625186504166 19 120649
1625186516181 19 120699
1625186528268 19 120749
1625186540465 19 120799
1625186552626 19 120849
1625186564595 19 120899
1625186576639 19 120949
1625186588637 19 120999
1625186600965 19 121049
1625186613028 19 121099
1625186625162 19 121149
1625186637384 19 121199
1625186649511 19 121249
1625186661774 19 121299
1625186674069 19 121349
1625186686284 19 121399
1625186698421 19 121449
1625186710534 19 121499
1625186722865 19 121549
1625186735031 19 121599
1625186747249 19 121649
1625186759512 19 121699
1625186771783 19 121749
1625186783953 19 121799
1625186796245 19 121849
1625186808474 19 121899
1625186820789 19 121949
1625186833037 19 121999
1625186845271 19 122049
1625186857590 19 122099
1625186869774 19 122149
1625186882116 19 122199
1625186894212 19 122249
1625186906447 19 122299
1625186918756 19 122349
1625186930996 19 122399
1625186943239 19 122449
1625186955313 19 122499
1625186967283 19 122549
1625186979316 19 122599
1625186991344 19 122649
1625187003580 19 122699
1625187015650 19 122749
1625187027668 19 122799
1625187039749 19 122849
1625187051703 19 122899
1625187063744 19 122949
1625187075784 19 122999
1625187087780 19 123049
1625187099752 19 123099
1625187111892 19 123149
1625187124002 19 123199
1625187136194 19 123249
1625187148322 19 123299
1625187160454 19 123349
1625187172444 19 123399
1625187184481 19 123449
1625187196548 19 123499
1625187208769 19 123549
1625187220884 19 123599
1625187233060 19 123649
1625187245250 19 123699
1625187257314 19 123749
1625187269325 19 123799
1625187281297 19 123849
1625187293420 19 123899
1625187305578 19 123949
1625187317532 19 123999
1625187329577 19 124049
1625187341530 19 124099
1625187353504 19 124149
1625187365574 19 124199
1625187377634 19 124249
1625187389655 19 124299
1625187401782 19 124349
1625187413681 19 124399
1625187425860 19 124449
1625187438040 19 124499
1625187450011 19 124549
1625187462044 19 124599
1625187474046 19 124649
1625187486056 19 124699
1625187498163 19 124749
1625187510377 19 124799
1625187522431 19 124849
1625187534536 19 124899
1625187546757 19 124949
1625187561283 19 124999
1625187562930 19 124999
1625187738456 19 124999
1625187760805 20 125049
1625187772670 20 125099
1625187784603 20 125149
1625187796409 20 125199
1625187808299 20 125249
1625187820166 20 125299
1625187832047 20 125349
1625187843887 20 125399
1625187855745 20 125449
1625187867446 20 125499
1625187879242 20 125549
1625187891003 20 125599
1625187902788 20 125649
1625187914579 20 125699
1625187926363 20 125749
1625187938074 20 125799
1625187949926 20 125849
1625187961726 20 125899
1625187973486 20 125949
1625187985293 20 125999
1625187997022 20 126049
1625188008851 20 126099
1625188020638 20 126149
1625188032466 20 126199
1625188044211 20 126249
1625188056046 20 126299
1625188067789 20 126349
1625188079821 20 126399
1625188091989 20 126449
1625188104000 20 126499
1625188116164 20 126549
1625188128122 20 126599
1625188140193 20 126649
1625188152259 20 126699
1625188164364 20 126749
1625188176556 20 126799
1625188188642 20 126849
1625188200778 20 126899
1625188212959 20 126949
1625188225013 20 126999
1625188237121 20 127049
1625188249153 20 127099
1625188261337 20 127149
1625188273552 20 127199
1625188285607 20 127249
1625188298064 20 127299
1625188310189 20 127349
1625188322386 20 127399
1625188334592 20 127449
1625188346727 20 127499
1625188358963 20 127549
1625188371251 20 127599
1625188383511 20 127649
1625188395881 20 127699
1625188408156 20 127749
1625188420287 20 127799
1625188432372 20 127849
1625188444596 20 127899
1625188456735 20 127949
1625188468832 20 127999
1625188480972 20 128049
1625188493081 20 128099
1625188505414 20 128149
1625188517686 20 128199
1625188529946 20 128249
1625188542106 20 128299
1625188554326 20 128349
1625188566665 20 128399
1625188579045 20 128449
1625188591213 20 128499
1625188603697 20 128549
1625188615946 20 128599
1625188628183 20 128649
1625188640526 20 128699
1625188652598 20 128749
1625188664713 20 128799
1625188676787 20 128849
1625188688916 20 128899
1625188701107 20 128949
1625188713212 20 128999
1625188725310 20 129049
1625188737378 20 129099
1625188749363 20 129149
1625188761545 20 129199
1625188773624 20 129249
1625188785715 20 129299
1625188797833 20 129349
1625188809941 20 129399
1625188822098 20 129449
1625188834354 20 129499
1625188846444 20 129549
1625188858579 20 129599
1625188870728 20 129649
1625188882929 20 129699
1625188895169 20 129749
1625188907270 20 129799
1625188919338 20 129849
1625188931432 20 129899
1625188943530 20 129949
1625188955532 20 129999
1625188967650 20 130049
1625188979775 20 130099
1625188991799 20 130149
1625189003777 20 130199
1625189015871 20 130249
1625189028049 20 130299
1625189040246 20 130349
1625189052192 20 130399
1625189064286 20 130449
1625189076411 20 130499
1625189088414 20 130549
1625189100559 20 130599
1625189112626 20 130649
1625189124766 20 130699
1625189136949 20 130749
1625189148986 20 130799
1625189161043 20 130849
1625189173064 20 130899
1625189185116 20 130949
1625189197162 20 130999
1625189209371 20 131049
1625189221522 20 131099
1625189233619 20 131149
1625189245802 20 131199
1625189260323 20 131249
1625189261440 20 131249
1625189451970 20 131249
1625189473969 21 131299
1625189485934 21 131349
1625189497846 21 131399
1625189509540 21 131449
1625189521414 21 131499
1625189533237 21 131549
1625189545068 21 131599
1625189556829 21 131649
1625189568666 21 131699
1625189580450 21 131749
1625189592170 21 131799
1625189604030 21 131849
1625189615870 21 131899
1625189627666 21 131949
1625189639511 21 131999
1625189651324 21 132049
1625189663227 21 132099
1625189675078 21 132149
1625189686920 21 132199
1625189698900 21 132249
1625189710748 21 132299
1625189722510 21 132349
1625189734380 21 132399
1625189746057 21 132449
1625189757844 21 132499
1625189769718 21 132549
1625189781502 21 132599
1625189793553 21 132649
1625189805697 21 132699
1625189817831 21 132749
1625189829948 21 132799
1625189842067 21 132849
1625189854287 21 132899
1625189866476 21 132949
1625189878719 21 132999
1625189891011 21 133049
1625189903280 21 133099
1625189915375 21 133149
1625189927535 21 133199
1625189939601 21 133249
1625189951916 21 133299
1625189964140 21 133349
1625189976342 21 133399
1625189988392 21 133449
1625190000728 21 133499
1625190012993 21 133549
1625190025120 21 133599
1625190037422 21 133649
1625190049788 21 133699
1625190062000 21 133749
1625190074145 21 133799
1625190086267 21 133849
1625190098337 21 133899
1625190110624 21 133949
1625190122919 21 133999
1625190135099 21 134049
1625190147349 21 134099
1625190159387 21 134149
1625190171642 21 134199
1625190183816 21 134249
1625190196177 21 134299
1625190208342 21 134349
1625190220506 21 134399
1625190232915 21 134449
1625190245060 21 134499
1625190257294 21 134549
1625190269497 21 134599
1625190281802 21 134649
1625190293829 21 134699
1625190306165 21 134749
1625190318497 21 134799
1625190330851 21 134849
1625190343000 21 134899
1625190355277 21 134949
1625190367495 21 134999
1625190379506 21 135049
1625190391747 21 135099
1625190403815 21 135149
1625190415979 21 135199
1625190428058 21 135249
1625190440189 21 135299
1625190452384 21 135349
1625190464516 21 135399
1625190476548 21 135449
1625190488619 21 135499
1625190500688 21 135549
1625190512895 21 135599
1625190525015 21 135649
1625190537138 21 135699
1625190549376 21 135749
1625190561539 21 135799
1625190573559 21 135849
1625190585707 21 135899
1625190597809 21 135949
1625190609910 21 135999
1625190622087 21 136049
1625190634200 21 136099
1625190646420 21 136149
1625190658429 21 136199
1625190670555 21 136249
1625190682730 21 136299
1625190694916 21 136349
1625190707055 21 136399
1625190719117 21 136449
1625190731105 21 136499
1625190743316 21 136549
1625190755397 21 136599
1625190767488 21 136649
1625190779587 21 136699
1625190791733 21 136749
1625190803769 21 136799
1625190815943 21 136849
1625190828000 21 136899
1625190840210 21 136949
1625190852217 21 136999
1625190864347 21 137049
1625190876574 21 137099
1625190888634 21 137149
1625190900830 21 137199
1625190912936 21 137249
1625190924912 21 137299
1625190937103 21 137349
1625190949103 21 137399
1625190961378 21 137449
1625190975870 21 137499
1625190977000 21 137499
1625191178733 21 137499
1625191200052 22 137549
1625191211863 22 137599
1625191223527 22 137649
1625191235333 22 137699
1625191247151 22 137749
1625191258881 22 137799
1625191270692 22 137849
1625191282464 22 137899
1625191294188 22 137949
1625191306075 22 137999
1625191317811 22 138049
1625191329608 22 138099
1625191341460 22 138149
1625191353158 22 138199
1625191364983 22 138249
1625191376786 22 138299
1625191388568 22 138349
1625191400481 22 138399
1625191412396 22 138449
1625191424174 22 138499
1625191435927 22 138549
1625191447690 22 138599
1625191459525 22 138649
1625191471290 22 138699
1625191483145 22 138749
1625191495018 22 138799
1625191506920 22 138849
1625191519017 22 138899
1625191531241 22 138949
1625191543568 22 138999
1625191555670 22 139049
1625191567793 22 139099
1625191580035 22 139149
1625191592181 22 139199
1625191604352 22 139249
1625191616623 22 139299
1625191628841 22 139349
1625191641107 22 139399
1625191653235 22 139449
1625191665299 22 139499
1625191677421 22 139549
1625191689629 22 139599
1625191701686 22 139649
1625191713931 22 139699
1625191726054 22 139749
1625191738219 22 139799
1625191750371 22 139849
1625191762608 22 139899
1625191775031 22 139949
1625191787137 22 139999
1625191799369 22 140049
1625191811561 22 140099
1625191823715 22 140149
1625191835933 22 140199
1625191847887 22 140249
1625191860007 22 140299
1625191872053 22 140349
1625191884305 22 140399
1625191896568 22 140449
1625191908806 22 140499
1625191921098 22 140549
1625191933338 22 140599
1625191945654 22 140649
1625191957969 22 140699
1625191970246 22 140749
1625191982496 22 140799
1625191994716 22 140849
1625192006752 22 140899
1625192019222 22 140949
1625192031311 22 140999
1625192043523 22 141049
1625192055651 22 141099
1625192067919 22 141149
1625192080174 22 141199
1625192092329 22 141249
1625192104473 22 141299
1625192116674 22 141349
1625192128853 22 141399
1625192141087 22 141449
1625192153193 22 141499
1625192165352 22 141549
1625192177503 22 141599
1625192189451 22 141649
1625192201601 22 141699
1625192213790 22 141749
1625192225744 22 141799
1625192237978 22 141849
1625192250130 22 141899
1625192262304 22 141949
1625192274389 22 141999
1625192286500 22 142049
1625192298749 22 142099
1625192310696 22 142149
1625192322935 22 142199
1625192335089 22 142249
1625192347237 22 142299
1625192359343 22 142349
1625192371428 22 142399
1625192383808 22 142449
1625192395954 22 142499
1625192408016 22 142549
1625192420041 22 142599
1625192432181 22 142649
1625192444401 22 142699
1625192456395 22 142749
1625192468382 22 142799
1625192480499 22 142849
1625192492618 22 142899
1625192504826 22 142949
1625192517046 22 142999
1625192529212 22 143049
1625192541357 22 143099
1625192553535 22 143149
1625192565754 22 143199
1625192577916 22 143249
1625192590039 22 143299
1625192602059 22 143349
1625192614006 22 143399
1625192626209 22 143449
1625192638331 22 143499
1625192650590 22 143549
1625192662849 22 143599
1625192675056 22 143649
1625192687536 22 143699
1625192701996 22 143749
1625192703507 22 143749
1625192896607 22 143749
1625192918064 23 143799
1625192929676 23 143849
1625192941478 23 143899
1625192953209 23 143949
1625192964929 23 143999
1625192976693 23 144049
1625192988398 23 144099
1625193000189 23 144149
1625193011974 23 144199
1625193023762 23 144249
1625193035511 23 144299
1625193047298 23 144349
1625193059104 23 144399
1625193070873 23 144449
1625193082657 23 144499
1625193094511 23 144549
1625193106465 23 144599
1625193118319 23 144649
1625193130179 23 144699
1625193142078 23 144749
1625193154039 23 144799
1625193165904 23 144849
1625193177738 23 144899
1625193189621 23 144949
1625193201499 23 144999
1625193213470 23 145049
1625193225295 23 145099
1625193237295 23 145149
1625193249561 23 145199
1625193261904 23 145249
1625193274139 23 145299
1625193286234 23 145349
1625193298537 23 145399
1625193310879 23 145449
1625193323079 23 145499
1625193335297 23 145549
1625193347513 23 145599
1625193359722 23 145649
1625193371858 23 145699
1625193384146 23 145749
1625193396409 23 145799
1625193408590 23 145849
1625193420963 23 145899
1625193433066 23 145949
1625193445235 23 145999
1625193457490 23 146049
1625193469456 23 146099
1625193481992 23 146149
1625193494007 23 146199
1625193506128 23 146249
1625193518345 23 146299
1625193530577 23 146349
1625193542595 23 146399
1625193554845 23 146449
1625193567050 23 146499
1625193579215 23 146549
1625193591382 23 146599
1625193603419 23 146649
1625193615606 23 146699
1625193627798 23 146749
1625193640096 23 146799
1625193652288 23 146849
1625193664426 23 146899
1625193676742 23 146949
1625193689011 23 146999
1625193701382 23 147049
1625193713551 23 147099
1625193725882 23 147149
1625193738047 23 147199
1625193750104 23 147249
1625193762379 23 147299
1625193774691 23 147349
1625193786942 23 147399
1625193799237 23 147449
1625193811475 23 147499
1625193823607 23 147549
1625193835825 23 147599
1625193847985 23 147649
1625193860090 23 147699
1625193872296 23 147749
1625193884342 23 147799
1625193896474 23 147849
1625193908537 23 147899
1625193920677 23 147949
1625193932779 23 147999
1625193945004 23 148049
1625193957131 23 148099
1625193969290 23 148149
1625193981339 23 148199
1625193993364 23 148249
1625194005697 23 148299
1625194018006 23 148349
1625194030141 23 148399
1625194042465 23 148449
1625194054679 23 148499
1625194066850 23 148549
1625194079072 23 148599
1625194091114 23 148649
1625194103235 23 148699
1625194115294 23 148749
1625194127459 23 148799
1625194139487 23 148849
1625194151619 23 148899
1625194163774 23 148949
1625194175778 23 148999
1625194188042 23 149049
1625194200251 23 149099
1625194212305 23 149149
1625194224367 23 149199
1625194236324 23 149249
1625194248394 23 149299
1625194260420 23 149349
1625194272648 23 149399
1625194284915 23 149449
1625194297087 23 149499
1625194309191 23 149549
1625194321452 23 149599
1625194333515 23 149649
1625194345758 23 149699
1625194357921 23 149749
1625194370212 23 149799
1625194382389 23 149849
1625194394578 23 149899
1625194406931 23 149949
1625194421460 23 149999
1625194423252 23 149999
1625194608417 23 149999
1625194629851 24 150049
1625194641732 24 150099
1625194653597 24 150149
1625194665372 24 150199
1625194677060 24 150249
1625194688829 24 150299
1625194700612 24 150349
1625194712474 24 150399
1625194724159 24 150449
1625194735968 24 150499
1625194747807 24 150549
1625194759655 24 150599
1625194772264 24 150649
1625194784056 24 150699
1625194796057 24 150749
1625194807865 24 150799
1625194819679 24 150849
1625194831586 24 150899
1625194843398 24 150949
1625194855124 24 150999
1625194867116 24 151049
1625194879095 24 151099
1625194890845 24 151149
1625194902640 24 151199
1625194914449 24 151249
1625194926331 24 151299
1625194938197 24 151349
1625194950285 24 151399
1625194962550 24 151449
1625194974822 24 151499
1625194987084 24 151549
1625194999395 24 151599
1625195011610 24 151649
1625195023683 24 151699
1625195036025 24 151749
1625195048314 24 151799
1625195060441 24 151849
1625195072620 24 151899
1625195084776 24 151949
1625195096962 24 151999
1625195109230 24 152049
1625195121469 24 152099
1625195133435 24 152149
1625195145481 24 152199
1625195157480 24 152249
1625195169640 24 152299
1625195181752 24 152349
1625195193911 24 152399
1625195206164 24 152449
1625195218112 24 152499
1625195230232 24 152549
1625195242373 24 152599
1625195254517 24 152649
1625195266699 24 152699
1625195278701 24 152749
1625195290949 24 152799
1625195303195 24 152849
1625195315254 24 152899
1625195327240 24 152949
1625195339391 24 152999
1625195351530 24 153049
1625195363742 24 153099
1625195375961 24 153149
1625195388353 24 153199
1625195400557 24 153249
1625195412862 24 153299
1625195424996 24 153349
1625195437241 24 153399
1625195449548 24 153449
1625195461776 24 153499
1625195473954 24 153549
1625195486190 24 153599
1625195498476 24 153649
1625195510752 24 153699
1625195522845 24 153749
1625195535191 24 153799
1625195547347 24 153849
1625195559487 24 153899
1625195571774 24 153949
1625195583892 24 153999
1625195596143 24 154049
1625195608241 24 154099
1625195620375 24 154149
1625195632504 24 154199
1625195644504 24 154249
1625195656568 24 154299
1625195668696 24 154349
1625195680920 24 154399
1625195693069 24 154449
1625195704963 24 154499
1625195717243 24 154549
1625195729380 24 154599
1625195741404 24 154649
1625195753470 24 154699
1625195765493 24 154749
1625195777621 24 154799
1625195789705 24 154849
1625195802127 24 154899
1625195814340 24 154949
1625195826494 24 154999
1625195838717 24 155049
1625195850755 24 155099
1625195862781 24 155149
1625195874873 24 155199
1625195886954 24 155249
1625195899175 24 155299
1625195911429 24 155349
1625195923582 24 155399
1625195935932 24 155449
1625195948103 24 155499
1625195960312 24 155549
1625195972512 24 155599
1625195984875 24 155649
1625195997244 24 155699
1625196009336 24 155749
1625196021669 24 155799
1625196033919 24 155849
1625196046097 24 155899
1625196058275 24 155949
1625196070427 24 155999
1625196082420 24 156049
1625196094449 24 156099
1625196106593 24 156149
1625196118909 24 156199
1625196133412 24 156249
1625196134509 24 156249
1625196307031 24 156249
1625196328236 25 156299
1625196340026 25 156349
1625196351718 25 156399
1625196364150 25 156449
1625196376008 25 156499
1625196387815 25 156549
1625196399651 25 156599
1625196411489 25 156649
1625196423273 25 156699
1625196435047 25 156749
1625196446854 25 156799
1625196458750 25 156849
1625196470583 25 156899
1625196482528 25 156949
1625196494368 25 156999
1625196506216 25 157049
1625196518122 25 157099
1625196529956 25 157149
1625196541888 25 157199
1625196553828 25 157249
1625196565732 25 157299
1625196577634 25 157349
1625196589491 25 157399
1625196601355 25 157449
1625196613265 25 157499
1625196625232 25 157549
1625196637092 25 157599
1625196649218 25 157649
1625196661294 25 157699
1625196673416 25 157749
1625196685620 25 157799
1625196698010 25 157849
1625196710228 25 157899
1625196722418 25 157949
1625196734544 25 157999
1625196746690 25 158049
1625196758883 25 158099
1625196770997 25 158149
1625196783140 25 158199
1625196795136 25 158249
1625196807142 25 158299
1625196819245 25 158349
1625196831366 25 158399
1625196843556 25 158449
1625196855510 25 158499
1625196867714 25 158549
1625196880092 25 158599
1625196892201 25 158649
1625196904452 25 158699
1625196916431 25 158749
1625196928473 25 158799
1625196940682 25 158849
1625196952749 25 158899
1625196964879 25 158949
1625196976978 25 158999
1625196989081 25 159049
1625197001193 25 159099
1625197013246 25 159149
1625197025198 25 159199
1625197037278 25 159249
1625197049371 25 159299
1625197061589 25 159349
1625197073835 25 159399
1625197086036 25 159449
1625197098164 25 159499
1625197110473 25 159549
1625197122711 25 159599
1625197134956 25 159649
1625197147218 25 159699
1625197159402 25 159749
1625197171652 25 159799
1625197183839 25 159849
1625197196165 25 159899
1625197208531 25 159949
1625197220821 25 159999
1625197233087 25 160049
1625197245278 25 160099
1625197257470 25 160149
1625197269775 25 160199
1625197282027 25 160249
1625197294333 25 160299
1625197306500 25 160349
1625197318526 25 160399
1625197330754 25 160449
1625197342977 25 160499
1625197355142 25 160549
1625197367273 25 160599
1625197379217 25 160649
1625197391250 25 160699
1625197403509 25 160749
1625197415578 25 160799
1625197427700 25 160849
1625197439688 25 160899
1625197451921 25 160949
1625197464090 25 160999
1625197476354 25 161049
1625197488546 25 161099
1625197500507 25 161149
1625197512649 25 161199
1625197524890 25 161249
1625197537246 25 161299
1625197549433 25 161349
1625197561482 25 161399
1625197573699 25 161449
1625197585971 25 161499
1625197598148 25 161549
1625197610346 25 161599
1625197622548 25 161649
1625197634809 25 161699
1625197647025 25 161749
1625197659263 25 161799
1625197671439 25 161849
1625197683431 25 161899
1625197695632 25 161949
1625197707715 25 161999
1625197719756 25 162049
1625197731864 25 162099
1625197743935 25 162149
1625197756206 25 162199
1625197768178 25 162249
1625197780244 25 162299
1625197792261 25 162349
1625197804381 25 162399
1625197816724 25 162449
1625197831279 25 162499
1625197832432 25 162499
1625198015015 25 162499
1625198037659 26 162549
1625198049503 26 162599
1625198061366 26 162649
1625198073194 26 162699
1625198085017 26 162749
1625198096814 26 162799
1625198108680 26 162849
1625198120557 26 162899
1625198132438 26 162949
1625198144196 26 162999
1625198155983 26 163049
1625198167798 26 163099
1625198179610 26 163149
1625198191433 26 163199
1625198203395 26 163249
1625198215294 26 163299
1625198227202 26 163349
1625198239078 26 163399
1625198251008 26 163449
1625198262864 26 163499
1625198274719 26 163549
1625198286589 26 163599
1625198298439 26 163649
1625198310264 26 163699
1625198322158 26 163749
1625198334027 26 163799
1625198345799 26 163849
1625198357865 26 163899
1625198369872 26 163949
1625198381951 26 163999
1625198393959 26 164049
1625198406061 26 164099
1625198418191 26 164149
1625198430285 26 164199
1625198442338 26 164249
1625198454492 26 164299
1625198466552 26 164349
1625198478572 26 164399
1625198490656 26 164449
1625198502751 26 164499
1625198514962 26 164549
1625198527012 26 164599
1625198539057 26 164649
1625198551181 26 164699
1625198563098 26 164749
1625198575227 26 164799
1625198587448 26 164849
1625198599479 26 164899
1625198611588 26 164949
1625198623520 26 164999
1625198635518 26 165049
1625198647479 26 165099
1625198659507 26 165149
1625198671620 26 165199
1625198683699 26 165249
1625198695771 26 165299
1625198707784 26 165349
1625198719763 26 165399
1625198731959 26 165449
1625198743900 26 165499
1625198755857 26 165549
1625198768120 26 165599
1625198780131 26 165649
1625198792508 26 165699
1625198804546 26 165749
1625198816570 26 165799
1625198828770 26 165849
1625198841106 26 165899
1625198853550 26 165949
1625198865673 26 165999
1625198877918 26 166049
1625198890337 26 166099
1625198902424 26 166149
1625198914824 26 166199
1625198927024 26 166249
1625198939225 26 166299
1625198951390 26 166349
1625198963968 26 166399
1625198976303 26 166449
1625198988593 26 166499
1625199000693 26 166549
1625199012914 26 166599
1625199025035 26 166649
1625199037196 26 166699
1625199049438 26 166749
1625199061332 26 166799
1625199073434 26 166849
1625199085502 26 166899
1625199097626 26 166949
1625199109640 26 166999
1625199121648 26 167049
1625199133816 26 167099
1625199146007 26 167149
1625199158156 26 167199
1625199170300 26 167249
1625199182345 26 167299
1625199194605 26 167349
1625199206658 26 167399
1625199218848 26 167449
1625199231114 26 167499
1625199243338 26 167549
1625199255445 26 167599
1625199267595 26 167649
1625199279791 26 167699
1625199291802 26 167749
1625199303925 26 167799
1625199315979 26 167849
1625199327941 26 167899
1625199339941 26 167949
1625199351928 26 167999
1625199363953 26 168049
1625199375994 26 168099
1625199388007 26 168149
1625199399971 26 168199
1625199412076 26 168249
1625199424226 26 168299
1625199436414 26 168349
1625199448370 26 168399
1625199460403 26 168449
1625199472420 26 168499
1625199484642 26 168549
1625199496766 26 168599
1625199508788 26 168649
1625199520975 26 168699
1625199535492 26 168749
1625199536593 26 168749
1625199718628 26 168749
1625199740428 27 168799
1625199752246 27 168849
1625199764046 27 168899
1625199775856 27 168949
1625199787650 27 168999
1625199799566 27 169049
1625199811511 27 169099
1625199823363 27 169149
1625199835296 27 169199
1625199847146 27 169249
1625199858978 27 169299
1625199870857 27 169349
1625199882698 27 169399
1625199894513 27 169449
1625199906515 27 169499
1625199918164 27 169549
1625199929997 27 169599
1625199941800 27 169649
1625199953527 27 169699
1625199965384 27 169749
1625199977121 27 169799
1625199988817 27 169849
1625200000591 27 169899
1625200012379 27 169949
1625200024254 27 169999
1625200035986 27 170049
1625200047768 27 170099
1625200059737 27 170149
1625200071828 27 170199
1625200083923 27 170249
1625200095988 27 170299
1625200107956 27 170349
1625200120169 27 170399
1625200132194 27 170449
1625200144197 27 170499
1625200156259 27 170549
1625200168214 27 170599
1625200180354 27 170649
1625200192387 27 170699
1625200204376 27 170749
1625200216532 27 170799
1625200228529 27 170849
1625200240559 27 170899
1625200252657 27 170949
1625200264717 27 170999
1625200276770 27 171049
1625200288827 27 171099
1625200300752 27 171149
1625200312821 27 171199
1625200324814 27 171249
1625200336837 27 171299
1625200348861 27 171349
1625200360943 27 171399
1625200373036 27 171449
1625200385187 27 171499
1625200397396 27 171549
1625200409446 27 171599
1625200421474 27 171649
1625200433529 27 171699
1625200445610 27 171749
1625200457690 27 171799
1625200469925 27 171849
1625200482047 27 171899
1625200494273 27 171949
1625200506331 27 171999
1625200518560 27 172049
1625200530772 27 172099
1625200542870 27 172149
1625200555266 27 172199
1625200567428 27 172249
1625200579742 27 172299
1625200591865 27 172349
1625200604087 27 172399
1625200616389 27 172449
1625200628674 27 172499
1625200640730 27 172549
1625200652945 27 172599
1625200665149 27 172649
1625200677292 27 172699
1625200689518 27 172749
1625200701507 27 172799
1625200713680 27 172849
1625200725623 27 172899
1625200737621 27 172949
1625200749803 27 172999
1625200761996 27 173049
1625200774245 27 173099
1625200786369 27 173149
1625200798604 27 173199
1625200810837 27 173249
1625200823034 27 173299
1625200835285 27 173349
1625200847372 27 173399
1625200859492 27 173449
1625200871675 27 173499
1625200883824 27 173549
1625200895882 27 173599
1625200908029 27 173649
1625200920019 27 173699
1625200932072 27 173749
1625200944037 27 173799
1625200956172 27 173849
1625200968071 27 173899
1625200980071 27 173949
1625200992069 27 173999
1625201004006 27 174049
1625201016027 27 174099
1625201028100 27 174149
1625201040223 27 174199
1625201052225 27 174249
1625201064249 27 174299
1625201076393 27 174349
1625201088320 27 174399
1625201100596 27 174449
1625201112784 27 174499
1625201124691 27 174549
1625201136690 27 174599
1625201148749 27 174649
1625201160762 27 174699
1625201172852 27 174749
1625201184938 27 174799
1625201196909 27 174849
1625201208935 27 174899
1625201221145 27 174949
1625201235631 27 174999
1625201236777 27 174999
1625201424666 27 174999
1625201446473 28 175049
1625201458266 28 175099
1625201470065 28 175149
1625201481951 28 175199
1625201493756 28 175249
1625201505607 28 175299
1625201517353 28 175349
1625201528997 28 175399
1625201540633 28 175449
1625201552270 28 175499
1625201563924 28 175549
1625201575651 28 175599
1625201587374 28 175649
1625201598993 28 175699
1625201610738 28 175749
1625201622406 28 175799
1625201634116 28 175849
1625201645844 28 175899
1625201657596 28 175949
1625201669330 28 175999
1625201681051 28 176049
1625201692825 28 176099
1625201704597 28 176149
1625201716379 28 176199
1625201728041 28 176249
1625201739819 28 176299
1625201751552 28 176349
1625201763468 28 176399
1625201775421 28 176449
1625201787470 28 176499
1625201799535 28 176549
1625201811514 28 176599
1625201823512 28 176649
1625201835552 28 176699
1625201847509 28 176749
1625201859516 28 176799
1625201871495 28 176849
1625201883430 28 176899
1625201895386 28 176949
1625201907402 28 176999
1625201919360 28 177049
1625201931355 28 177099
1625201943337 28 177149
1625201955381 28 177199
1625201967280 28 177249
1625201979279 28 177299
1625201991214 28 177349
1625202003254 28 177399
1625202015239 28 177449
1625202027218 28 177499
1625202039237 28 177549
1625202051298 28 177599
1625202063215 28 177649
1625202075291 28 177699
1625202087201 28 177749
1625202099064 28 177799
1625202111088 28 177849
1625202123058 28 177899
1625202135008 28 177949
1625202147078 28 177999
1625202159276 28 178049
1625202171417 28 178099
1625202183575 28 178149
1625202195625 28 178199
1625202207695 28 178249
1625202220031 28 178299
1625202232306 28 178349
1625202244591 28 178399
1625202256865 28 178449
1625202268945 28 178499
1625202281187 28 178549
1625202293386 28 178599
1625202305518 28 178649
1625202317750 28 178699
1625202329856 28 178749
1625202341894 28 178799
1625202354207 28 178849
1625202366416 28 178899
1625202378710 28 178949
1625202390866 28 178999
1625202402966 28 179049
1625202415143 28 179099
1625202427227 28 179149
1625202439411 28 179199
1625202451492 28 179249
1625202463732 28 179299
1625202475976 28 179349
1625202488105 28 179399
1625202500316 28 179449
1625202512396 28 179499
1625202524326 28 179549
1625202536267 28 179599
1625202548283 28 179649
1625202560298 28 179699
1625202572357 28 179749
1625202584260 28 179799
1625202596390 28 179849
1625202608288 28 179899
1625202620299 28 179949
1625202632313 28 179999
1625202644392 28 180049
1625202656425 28 180099
1625202668366 28 180149
1625202680357 28 180199
1625202692383 28 180249
1625202704383 28 180299
1625202716405 28 180349
1625202728248 28 180399
1625202740316 28 180449
1625202752266 28 180499
1625202764460 28 180549
1625202776571 28 180599
1625202788565 28 180649
1625202800572 28 180699
1625202812646 28 180749
1625202824666 28 180799
1625202836745 28 180849
1625202848633 28 180899
1625202860687 28 180949
1625202872568 28 180999
1625202884496 28 181049
1625202896420 28 181099
1625202908307 28 181149
1625202920581 28 181199
1625202935097 28 181249
1625202937519 28 181249
1625203100635 28 181249
1625203122005 29 181299
1625203133658 29 181349
1625203145325 29 181399
1625203156937 29 181449
1625203168531 29 181499
1625203180209 29 181549
1625203191809 29 181599
1625203203461 29 181649
1625203215109 29 181699
1625203226789 29 181749
1625203238595 29 181799
1625203250358 29 181849
1625203262069 29 181899
1625203273745 29 181949
1625203285442 29 181999
1625203297166 29 182049
1625203308815 29 182099
1625203320499 29 182149
1625203332113 29 182199
1625203343824 29 182249
1625203355534 29 182299
1625203367274 29 182349
1625203378981 29 182399
1625203390725 29 182449
1625203402313 29 182499
1625203413977 29 182549
1625203425754 29 182599
1625203437617 29 182649
1625203449543 29 182699
1625203461483 29 182749
1625203473371 29 182799
1625203485355 29 182849
1625203497340 29 182899
1625203509429 29 182949
1625203521290 29 182999
1625203533400 29 183049
1625203545364 29 183099
1625203557334 29 183149
1625203569335 29 183199
1625203581216 29 183249
1625203593239 29 183299
1625203605191 29 183349
1625203617173 29 183399
1625203629211 29 183449
1625203640977 29 183499
1625203653106 29 183549
1625203665050 29 183599
1625203677050 29 183649
1625203688975 29 183699
1625203700957 29 183749
1625203712899 29 183799
1625203724829 29 183849
1625203736719 29 183899
1625203748768 29 183949
1625203760772 29 183999
1625203772710 29 184049
1625203784616 29 184099
1625203796470 29 184149
1625203808561 29 184199
1625203820522 29 184249
1625203832575 29 184299
1625203844683 29 184349
1625203856748 29 184399
1625203868977 29 184449
1625203881080 29 184499
1625203893268 29 184549
1625203905469 29 184599
1625203917641 29 184649
1625203929954 29 184699
1625203942073 29 184749
1625203954248 29 184799
1625203967071 29 184849
1625203979539 29 184899
1625203991635 29 184949
1625204003830 29 184999
1625204015962 29 185049
1625204028174 29 185099
1625204040259 29 185149
1625204052281 29 185199
1625204064241 29 185249
1625204076186 29 185299
1625204088120 29 185349
1625204099993 29 185399
1625204112082 29 185449
1625204123994 29 185499
1625204135881 29 185549
1625204147757 29 185599
1625204159744 29 185649
1625204171737 29 185699
1625204183680 29 185749
1625204195542 29 185799
1625204207477 29 185849
1625204219376 29 185899
1625204231400 29 185949
1625204243354 29 185999
1625204255289 29 186049
1625204267242 29 186099
1625204279070 29 186149
1625204291138 29 186199
1625204303155 29 186249
1625204315162 29 186299
1625204327174 29 186349
1625204339037 29 186399
1625204350956 29 186449
1625204362981 29 186499
1625204374898 29 186549
1625204386845 29 186599
1625204398732 29 186649
1625204410696 29 186699
1625204422696 29 186749
1625204434621 29 186799
1625204446624 29 186849
1625204458417 29 186899
1625204470309 29 186949
1625204482207 29 186999
1625204494069 29 187049
1625204506017 29 187099
1625204517875 29 187149
1625204529869 29 187199
1625204541719 29 187249
1625204553650 29 187299
1625204565705 29 187349
1625204577558 29 187399
1625204589718 29 187449
1625204604245 29 187499
1625204605605 29 187499
1625204769328 29 187499
