1625153937641 0.001 0
1625155613973 0.0009972609476841367 6250
1625157294031 0.0009890738003669028 12500
1625158986331 0.0009755282581475768 18750
1625160687409 0.0009567727288213003 25000
1625162395344 0.0009330127018922195 31250
1625164089333 0.0009045084971874739 37500
1625165769267 0.0008715724127386972 43750
1625167449891 0.0008345653031794292 50000
1625169127341 0.0007938926261462366 56250
1625170811958 0.00075 62500
1625172500818 0.0007033683215379003 68750
1625174197693 0.0006545084971874739 75000
1625175886047 0.0006039558454088797 81250
1625177580278 0.0005522642316338269 87500
1625179271925 0.0005000000000000002 93750
1625180965254 0.0004477357683661734 100000
1625182657843 0.00039604415459112036 106250
1625184351129 0.0003454915028125264 112500
1625186042972 0.00029663167846210003 118750
1625187738480 0.00025000000000000017 125000
1625189451991 0.00020610737385376354 131250
1625191178740 0.00016543469682057108 137500
1625192896614 0.00012842758726130303 143750
1625194608424 9.549150281252637e-05 150000
1625196307037 6.698729810778068e-05 156250
1625198015023 4.322727117869953e-05 162500
1625199718654 2.447174185242324e-05 168750
1625201424693 1.092619963309716e-05 175000
1625203100665 2.7390523158633003e-06 181250
