1625155444012 19.480026245117188 6249
1625155613932 19.480026245117188 0
1625157125203 16.269393920898438 12499
1625157293680 16.269393920898438 1
1625158808895 15.768747329711914 18749
1625158986165 15.768747329711914 2
1625160505276 15.35345458984375 24999
1625160687315 15.35345458984375 3
1625162197570 15.117870330810547 31249
1625162395142 15.117870330810547 4
1625163907875 14.942519187927246 37499
1625164089286 14.942519187927246 5
1625165604989 14.57372760772705 43749
1625165769185 14.57372760772705 6
1625167286661 14.43074893951416 49999
1625167449826 14.43074893951416 7
1625168963985 14.327642440795898 56249
1625169127296 14.327642440795898 8
1625170644436 14.239827156066895 62499
1625170811647 14.239827156066895 9
1625172330121 14.159379959106445 68749
1625172500424 14.159379959106445 10
1625174027044 14.092273712158203 74999
1625174197212 14.092273712158203 11
1625175720299 14.024526596069336 81249
1625175885972 14.024526596069336 12
1625177405211 13.961347579956055 87499
1625177580186 13.961347579956055 13
1625179101929 13.902247428894043 93749
1625179271647 13.902247428894043 14
1625180796918 13.850417137145996 99999
1625180965173 13.850417137145996 15
1625182486213 13.791399955749512 106249
1625182657798 13.791399955749512 16
1625184180048 13.74096393585205 112499
1625184351042 13.74096393585205 17
1625185872198 13.68595027923584 118749
1625186042902 13.68595027923584 18
1625187562930 13.640965461730957 124999
1625187738020 13.640965461730957 19
1625189261440 13.600849151611328 131249
1625189451848 13.600849151611328 20
1625190977000 13.556166648864746 137499
1625191178674 13.556166648864746 21
1625192703507 13.519716262817383 143749
1625192896239 13.519716262817383 22
1625194423252 13.48238754272461 149999
1625194608334 13.48238754272461 23
1625196134509 13.45044231414795 156249
1625196306846 13.45044231414795 24
1625197832432 13.426457405090332 162499
1625198014949 13.426457405090332 25
1625199536593 13.404411315917969 168749
1625199718527 13.404411315917969 26
1625201236777 13.386560440063477 174999
1625201424592 13.386560440063477 27
1625202937519 13.374103546142578 181249
1625203100412 13.374103546142578 28
1625204605605 13.366116523742676 187499
1625204768999 13.366116523742676 29
