1625155613932 16.53141975402832 0
1625157293680 15.880392074584961 1
1625158986165 15.6275053024292 2
1625160687315 15.470407485961914 3
1625162395142 14.691341400146484 4
1625164089286 14.618587493896484 5
1625165769185 14.776455879211426 6
1625167449826 14.635354995727539 7
1625169127296 14.286762237548828 8
1625170811647 14.331665992736816 9
1625172500424 14.52846622467041 10
1625174197212 14.560005187988281 11
1625175885972 13.939364433288574 12
1625177580186 14.330395698547363 13
1625179271647 13.640281677246094 14
1625180965173 13.82805061340332 15
1625182657798 13.756975173950195 16
1625184351042 14.06950569152832 17
1625186042902 13.554122924804688 18
1625187738020 13.935901641845703 19
1625189451848 13.719345092773438 20
1625191178674 13.633057594299316 21
1625192896239 13.533407211303711 22
1625194608334 13.469877243041992 23
1625196306846 13.124835014343262 24
1625198014949 13.366249084472656 25
1625199718527 13.282777786254883 26
1625201424592 13.630108833312988 27
1625203100412 13.31053352355957 28
1625204768999 13.571526527404785 29
