1625152668335 0 49
1625152680014 0 99
1625152691648 0 149
1625152703314 0 199
1625152715025 0 249
1625152726679 0 299
1625152738349 0 349
1625152750007 0 399
1625152761608 0 449
1625152773197 0 499
1625152784762 0 549
1625152796309 0 599
1625152808034 0 649
1625152819630 0 699
1625152831210 0 749
1625152842892 0 799
1625152854507 0 849
1625152866071 0 899
1625152877654 0 949
1625152889274 0 999
1625152900845 0 1049
1625152912442 0 1099
1625152923993 0 1149
1625152935617 0 1199
1625152947751 0 1249
1625152960636 0 1299
1625152972819 0 1349
1625152984596 0 1399
1625152996643 0 1449
1625153008686 0 1499
1625153020560 0 1549
1625153032595 0 1599
1625153044661 0 1649
1625153056628 0 1699
1625153068539 0 1749
1625153080443 0 1799
1625153092420 0 1849
1625153104336 0 1899
1625153116253 0 1949
1625153128113 0 1999
1625153140111 0 2049
1625153152080 0 2099
1625153164036 0 2149
1625153176024 0 2199
1625153188054 0 2249
1625153200038 0 2299
1625153211961 0 2349
1625153223863 0 2399
1625153235688 0 2449
1625153247548 0 2499
1625153259488 0 2549
1625153271549 0 2599
1625153283758 0 2649
1625153296443 0 2699
1625153308418 0 2749
1625153320419 0 2799
1625153332486 0 2849
1625153344475 0 2899
1625153356387 0 2949
1625153368347 0 2999
1625153380328 0 3049
1625153392155 0 3099
1625153404148 0 3149
1625153415991 0 3199
1625153428005 0 3249
1625153439931 0 3299
1625153451943 0 3349
1625153464019 0 3399
1625153476010 0 3449
1625153488016 0 3499
1625153500101 0 3549
1625153511978 0 3599
1625153523980 0 3649
1625153535893 0 3699
1625153547774 0 3749
1625153559868 0 3799
1625153571777 0 3849
1625153583662 0 3899
1625153595582 0 3949
1625153607548 0 3999
1625153619453 0 4049
1625153631572 0 4099
1625153643569 0 4149
1625153655535 0 4199
1625153667526 0 4249
1625153679464 0 4299
1625153691473 0 4349
1625153703474 0 4399
1625153715419 0 4449
1625153727391 0 4499
1625153739287 0 4549
1625153751218 0 4599
1625153763172 0 4649
1625153775143 0 4699
1625153787027 0 4749
1625153798915 0 4799
1625153810826 0 4849
1625153822799 0 4899
1625153834749 0 4949
1625153846743 0 4999
1625153858614 0 5049
1625153870536 0 5099
1625153882430 0 5149
1625153894406 0 5199
1625153906403 0 5249
1625153918301 0 5299
1625153930180 0 5349
1625153942291 0 5399
1625153954424 0 5449
1625153966389 0 5499
1625153978331 0 5549
1625153990587 0 5599
1625154002684 0 5649
1625154014825 0 5699
1625154026916 0 5749
1625154038773 0 5799
1625154050826 0 5849
1625154062847 0 5899
1625154074724 0 5949
1625154086812 0 5999
1625154098833 0 6049
1625154110999 0 6099
1625154123103 0 6149
1625154135414 0 6199
1625154149573 0 6249
1625154150743 0 6249
1625154355001 0 6249
1625154376408 1 6299
1625154388063 1 6349
1625154399730 1 6399
1625154411361 1 6449
1625154423037 1 6499
1625154434611 1 6549
1625154446278 1 6599
1625154457929 1 6649
1625154469557 1 6699
1625154481145 1 6749
1625154492848 1 6799
1625154504467 1 6849
1625154516049 1 6899
1625154527672 1 6949
1625154539362 1 6999
1625154551048 1 7049
1625154562740 1 7099
1625154574368 1 7149
1625154586003 1 7199
1625154597668 1 7249
1625154609373 1 7299
1625154621125 1 7349
1625154632761 1 7399
1625154644500 1 7449
1625154656140 1 7499
1625154667841 1 7549
1625154679559 1 7599
1625154691328 1 7649
1625154703308 1 7699
1625154715546 1 7749
1625154727470 1 7799
1625154739477 1 7849
1625154751386 1 7899
1625154763401 1 7949
1625154775266 1 7999
1625154787211 1 8049
1625154799252 1 8099
1625154811198 1 8149
1625154823247 1 8199
1625154835402 1 8249
1625154847333 1 8299
1625154859356 1 8349
1625154871336 1 8399
1625154883490 1 8449
1625154895602 1 8499
1625154907730 1 8549
1625154919652 1 8599
1625154931769 1 8649
1625154943814 1 8699
1625154955820 1 8749
1625154967699 1 8799
1625154979680 1 8849
1625154991662 1 8899
1625155003664 1 8949
1625155015613 1 8999
1625155027482 1 9049
1625155039495 1 9099
1625155051607 1 9149
1625155063655 1 9199
1625155075685 1 9249
1625155087661 1 9299
1625155099620 1 9349
1625155111642 1 9399
1625155123626 1 9449
1625155135818 1 9499
1625155147864 1 9549
1625155159960 1 9599
1625155172060 1 9649
1625155184042 1 9699
1625155196205 1 9749
1625155208280 1 9799
1625155220284 1 9849
1625155232428 1 9899
1625155244438 1 9949
1625155256566 1 9999
1625155268513 1 10049
1625155280499 1 10099
1625155292583 1 10149
1625155304621 1 10199
1625155316639 1 10249
1625155328625 1 10299
1625155340529 1 10349
1625155352510 1 10399
1625155364492 1 10449
1625155376481 1 10499
1625155388641 1 10549
1625155400768 1 10599
1625155412929 1 10649
1625155425127 1 10699
1625155437250 1 10749
1625155449414 1 10799
1625155461664 1 10849
1625155473855 1 10899
1625155486095 1 10949
1625155498380 1 10999
1625155510740 1 11049
1625155522931 1 11099
1625155535297 1 11149
1625155547387 1 11199
1625155559644 1 11249
1625155571804 1 11299
1625155583922 1 11349
1625155596194 1 11399
1625155608490 1 11449
1625155620271 1 11499
1625155632516 1 11549
1625155644514 1 11599
1625155656458 1 11649
1625155668447 1 11699
1625155680438 1 11749
1625155692409 1 11799
1625155704347 1 11849
1625155716446 1 11899
1625155728769 1 11949
1625155740989 1 11999
1625155753258 1 12049
1625155765358 1 12099
1625155777761 1 12149
1625155789965 1 12199
1625155802131 1 12249
1625155814433 1 12299
1625155826756 1 12349
1625155838978 1 12399
1625155851334 1 12449
1625155865615 1 12499
1625155866758 1 12499
1625156051742 1 12499
1625156072638 2 12549
1625156084282 2 12599
1625156095998 2 12649
1625156107692 2 12699
1625156119329 2 12749
1625156131034 2 12799
1625156142769 2 12849
1625156154427 2 12899
1625156166065 2 12949
1625156177760 2 12999
1625156189499 2 13049
1625156201171 2 13099
1625156212778 2 13149
1625156224564 2 13199
1625156236196 2 13249
1625156247955 2 13299
1625156259568 2 13349
1625156271288 2 13399
1625156283076 2 13449
1625156294810 2 13499
1625156306564 2 13549
1625156318321 2 13599
1625156330079 2 13649
1625156341954 2 13699
1625156353659 2 13749
1625156365349 2 13799
1625156377169 2 13849
1625156388966 2 13899
1625156400947 2 13949
1625156413026 2 13999
1625156425071 2 14049
1625156437178 2 14099
1625156449190 2 14149
1625156461229 2 14199
1625156473260 2 14249
1625156485239 2 14299
1625156497245 2 14349
1625156509335 2 14399
1625156521163 2 14449
1625156533126 2 14499
1625156545141 2 14549
1625156556943 2 14599
1625156568955 2 14649
1625156580905 2 14699
1625156592965 2 14749
1625156604862 2 14799
1625156616877 2 14849
1625156628792 2 14899
1625156640790 2 14949
1625156652953 2 14999
1625156664880 2 15049
1625156676878 2 15099
1625156688919 2 15149
1625156700918 2 15199
1625156712965 2 15249
1625156724963 2 15299
1625156736853 2 15349
1625156748904 2 15399
1625156760853 2 15449
1625156772888 2 15499
1625156784960 2 15549
1625156796941 2 15599
1625156808962 2 15649
1625156821038 2 15699
1625156832828 2 15749
1625156844923 2 15799
1625156856832 2 15849
1625156868749 2 15899
1625156880843 2 15949
1625156892893 2 15999
1625156905228 2 16049
1625156917194 2 16099
1625156929478 2 16149
1625156941485 2 16199
1625156953573 2 16249
1625156965730 2 16299
1625156977646 2 16349
1625156989760 2 16399
1625157001991 2 16449
1625157014164 2 16499
1625157026399 2 16549
1625157038412 2 16599
1625157050557 2 16649
1625157062706 2 16699
1625157074687 2 16749
1625157086747 2 16799
1625157098774 2 16849
1625157111040 2 16899
1625157123136 2 16949
1625157135164 2 16999
1625157147380 2 17049
1625157159641 2 17099
1625157171887 2 17149
1625157184143 2 17199
1625157196188 2 17249
1625157208579 2 17299
1625157220802 2 17349
1625157233080 2 17399
1625157245317 2 17449
1625157257485 2 17499
1625157269561 2 17549
1625157281812 2 17599
1625157293935 2 17649
1625157305916 2 17699
1625157317929 2 17749
1625157330204 2 17799
1625157342354 2 17849
1625157354712 2 17899
1625157366886 2 17949
1625157379145 2 17999
1625157391429 2 18049
1625157403456 2 18099
1625157415623 2 18149
1625157427721 2 18199
1625157439977 2 18249
1625157452207 2 18299
1625157464602 2 18349
1625157476888 2 18399
1625157488992 2 18449
1625157501291 2 18499
1625157513380 2 18549
1625157525706 2 18599
1625157537723 2 18649
1625157549872 2 18699
1625157564269 2 18749
1625157565877 2 18749
1625157760599 2 18749
1625157782110 3 18799
1625157793905 3 18849
1625157805579 3 18899
1625157817356 3 18949
1625157829085 3 18999
1625157840861 3 19049
1625157852598 3 19099
1625157864265 3 19149
1625157875883 3 19199
1625157887603 3 19249
1625157899210 3 19299
1625157910940 3 19349
1625157922603 3 19399
1625157934277 3 19449
1625157946065 3 19499
1625157957892 3 19549
1625157969716 3 19599
1625157981483 3 19649
1625157993111 3 19699
1625158004809 3 19749
1625158016542 3 19799
1625158028282 3 19849
1625158040033 3 19899
1625158051715 3 19949
1625158063448 3 19999
1625158075157 3 20049
1625158086859 3 20099
1625158098687 3 20149
1625158110845 3 20199
1625158122792 3 20249
1625158134843 3 20299
1625158146861 3 20349
1625158158839 3 20399
1625158170856 3 20449
1625158182893 3 20499
1625158194962 3 20549
1625158207040 3 20599
1625158219056 3 20649
1625158231059 3 20699
1625158243118 3 20749
1625158255075 3 20799
1625158267106 3 20849
1625158279295 3 20899
1625158291326 3 20949
1625158303394 3 20999
1625158315358 3 21049
1625158327432 3 21099
1625158339442 3 21149
1625158351612 3 21199
1625158363760 3 21249
1625158375915 3 21299
1625158388183 3 21349
1625158400356 3 21399
1625158412469 3 21449
1625158424468 3 21499
1625158436490 3 21549
1625158448619 3 21599
1625158460699 3 21649
1625158472939 3 21699
1625158485047 3 21749
1625158496956 3 21799
1625158509040 3 21849
1625158521132 3 21899
1625158533183 3 21949
1625158545301 3 21999
1625158557468 3 22049
1625158569427 3 22099
1625158581507 3 22149
1625158593574 3 22199
1625158605648 3 22249
1625158617879 3 22299
1625158629993 3 22349
1625158642169 3 22399
1625158654465 3 22449
1625158666671 3 22499
1625158678845 3 22549
1625158690800 3 22599
1625158702960 3 22649
1625158715057 3 22699
1625158727247 3 22749
1625158739514 3 22799
1625158751634 3 22849
1625158763731 3 22899
1625158775806 3 22949
1625158787859 3 22999
1625158799886 3 23049
1625158811834 3 23099
1625158823828 3 23149
1625158836027 3 23199
1625158848074 3 23249
1625158860388 3 23299
1625158872388 3 23349
1625158884555 3 23399
1625158896726 3 23449
1625158908730 3 23499
1625158920898 3 23549
1625158932964 3 23599
1625158945142 3 23649
1625158957143 3 23699
1625158969290 3 23749
1625158981771 3 23799
1625158994030 3 23849
1625159006255 3 23899
1625159018467 3 23949
1625159030612 3 23999
1625159042829 3 24049
1625159054957 3 24099
1625159067178 3 24149
1625159079491 3 24199
1625159091653 3 24249
1625159103993 3 24299
1625159116214 3 24349
1625159128501 3 24399
1625159140728 3 24449
1625159152686 3 24499
1625159164912 3 24549
1625159176925 3 24599
1625159189051 3 24649
1625159201091 3 24699
1625159213160 3 24749
1625159225354 3 24799
1625159237429 3 24849
1625159249537 3 24899
1625159261668 3 24949
1625159276115 3 24999
1625159277823 3 24999
1625159470174 3 24999
1625159491424 4 25049
1625159503189 4 25099
1625159514894 4 25149
1625159526606 4 25199
1625159538316 4 25249
1625159550077 4 25299
1625159561759 4 25349
1625159573382 4 25399
1625159585088 4 25449
1625159596873 4 25499
1625159608658 4 25549
1625159620353 4 25599
1625159632104 4 25649
1625159643836 4 25699
1625159655727 4 25749
1625159667496 4 25799
1625159679200 4 25849
1625159690804 4 25899
1625159702511 4 25949
1625159714208 4 25999
1625159725965 4 26049
1625159737674 4 26099
1625159749408 4 26149
1625159761136 4 26199
1625159772928 4 26249
1625159784681 4 26299
1625159796393 4 26349
1625159808260 4 26399
1625159820321 4 26449
1625159832342 4 26499
1625159844395 4 26549
1625159856478 4 26599
1625159868512 4 26649
1625159880625 4 26699
1625159892747 4 26749
1625159904754 4 26799
1625159916821 4 26849
1625159929028 4 26899
1625159941061 4 26949
1625159953077 4 26999
1625159965016 4 27049
1625159977110 4 27099
1625159989066 4 27149
1625160001235 4 27199
1625160013365 4 27249
1625160025435 4 27299
1625160037458 4 27349
1625160049449 4 27399
1625160061346 4 27449
1625160073357 4 27499
1625160085447 4 27549
1625160097457 4 27599
1625160109636 4 27649
1625160121585 4 27699
1625160133708 4 27749
1625160145626 4 27799
1625160157608 4 27849
1625160169765 4 27899
1625160181917 4 27949
1625160193900 4 27999
1625160206032 4 28049
1625160218178 4 28099
1625160230332 4 28149
1625160242510 4 28199
1625160254663 4 28249
1625160266777 4 28299
1625160278958 4 28349
1625160291244 4 28399
1625160303487 4 28449
1625160315636 4 28499
1625160327805 4 28549
1625160340072 4 28599
1625160352254 4 28649
1625160364207 4 28699
1625160376325 4 28749
1625160388441 4 28799
1625160400406 4 28849
1625160412556 4 28899
1625160424701 4 28949
1625160436763 4 28999
1625160448727 4 29049
1625160460751 4 29099
1625160472893 4 29149
1625160484895 4 29199
1625160496899 4 29249
1625160508934 4 29299
1625160520941 4 29349
1625160533131 4 29399
1625160545223 4 29449
1625160557308 4 29499
1625160570641 4 29549
1625160582793 4 29599
1625160594997 4 29649
1625160607192 4 29699
1625160619350 4 29749
1625160631455 4 29799
1625160643525 4 29849
1625160655778 4 29899
1625160668059 4 29949
1625160680255 4 29999
1625160692382 4 30049
1625160704438 4 30099
1625160716727 4 30149
1625160729108 4 30199
1625160741252 4 30249
1625160753417 4 30299
1625160765624 4 30349
1625160777647 4 30399
1625160789734 4 30449
1625160801853 4 30499
1625160813919 4 30549
1625160825796 4 30599
1625160837676 4 30649
1625160849608 4 30699
1625160861488 4 30749
1625160873509 4 30799
1625160885547 4 30849
1625160897454 4 30899
1625160909559 4 30949
1625160921594 4 30999
1625160933718 4 31049
1625160945732 4 31099
1625160957635 4 31149
1625160969807 4 31199
1625160984239 4 31249
1625160985322 4 31249
1625161166603 4 31249
1625161187962 5 31299
1625161199700 5 31349
1625161211359 5 31399
1625161223052 5 31449
1625161234800 5 31499
1625161246451 5 31549
1625161258147 5 31599
1625161269779 5 31649
1625161281468 5 31699
1625161293184 5 31749
1625161304883 5 31799
1625161316555 5 31849
1625161328174 5 31899
1625161339777 5 31949
1625161351430 5 31999
1625161363098 5 32049
1625161374988 5 32099
1625161386633 5 32149
1625161398309 5 32199
1625161409928 5 32249
1625161421548 5 32299
1625161433180 5 32349
1625161444858 5 32399
1625161456570 5 32449
1625161468236 5 32499
1625161479951 5 32549
1625161491696 5 32599
1625161503572 5 32649
1625161515471 5 32699
1625161527489 5 32749
1625161539402 5 32799
1625161551404 5 32849
1625161563542 5 32899
1625161575598 5 32949
1625161587697 5 32999
1625161599673 5 33049
1625161611783 5 33099
1625161623827 5 33149
1625161635849 5 33199
1625161647931 5 33249
1625161659950 5 33299
1625161671976 5 33349
1625161684258 5 33399
1625161696248 5 33449
1625161708297 5 33499
1625161720275 5 33549
1625161732125 5 33599
1625161744158 5 33649
1625161756139 5 33699
1625161768130 5 33749
1625161780232 5 33799
1625161792191 5 33849
1625161804239 5 33899
1625161816377 5 33949
1625161828540 5 33999
1625161840645 5 34049
1625161852810 5 34099
1625161865066 5 34149
1625161877198 5 34199
1625161889213 5 34249
1625161901375 5 34299
1625161913555 5 34349
1625161925545 5 34399
1625161937624 5 34449
1625161949741 5 34499
1625161961822 5 34549
1625161974040 5 34599
1625161986030 5 34649
1625161997992 5 34699
1625162009855 5 34749
1625162021850 5 34799
1625162033883 5 34849
1625162045936 5 34899
1625162057892 5 34949
1625162069942 5 34999
1625162082038 5 35049
1625162094100 5 35099
1625162106094 5 35149
1625162118243 5 35199
1625162130154 5 35249
1625162142149 5 35299
1625162154337 5 35349
1625162166367 5 35399
1625162178308 5 35449
1625162190316 5 35499
1625162202552 5 35549
1625162214645 5 35599
1625162226929 5 35649
1625162239287 5 35699
1625162251510 5 35749
1625162263761 5 35799
1625162275875 5 35849
1625162287997 5 35899
1625162300248 5 35949
1625162312429 5 35999
1625162324557 5 36049
1625162336759 5 36099
1625162349008 5 36149
1625162361291 5 36199
1625162373487 5 36249
1625162385734 5 36299
1625162397831 5 36349
1625162409954 5 36399
1625162422055 5 36449
1625162433941 5 36499
1625162445986 5 36549
1625162458078 5 36599
1625162470092 5 36649
1625162482162 5 36699
1625162494227 5 36749
1625162506180 5 36799
1625162518999 5 36849
1625162530920 5 36899
1625162542972 5 36949
1625162555048 5 36999
1625162567172 5 37049
1625162579081 5 37099
1625162591143 5 37149
1625162603147 5 37199
1625162615199 5 37249
1625162627310 5 37299
1625162639345 5 37349
1625162651372 5 37399
1625162663507 5 37449
1625162677980 5 37499
1625162679256 5 37499
1625162861599 5 37499
1625162882841 6 37549
1625162894498 6 37599
1625162906240 6 37649
1625162917831 6 37699
1625162929646 6 37749
1625162941309 6 37799
1625162953071 6 37849
1625162964687 6 37899
1625162976378 6 37949
1625162988002 6 37999
1625162999672 6 38049
1625163011357 6 38099
1625163023077 6 38149
1625163034857 6 38199
1625163046603 6 38249
1625163058334 6 38299
1625163070038 6 38349
1625163081760 6 38399
1625163093493 6 38449
1625163105184 6 38499
1625163117003 6 38549
1625163128793 6 38599
1625163140498 6 38649
1625163152223 6 38699
1625163163962 6 38749
1625163175640 6 38799
1625163187345 6 38849
1625163199123 6 38899
1625163211131 6 38949
1625163223128 6 38999
1625163235052 6 39049
1625163247073 6 39099
1625163259152 6 39149
1625163271058 6 39199
1625163283071 6 39249
1625163295125 6 39299
1625163307057 6 39349
1625163319116 6 39399
1625163331147 6 39449
1625163343312 6 39499
1625163355210 6 39549
1625163367147 6 39599
1625163379118 6 39649
1625163391157 6 39699
1625163403033 6 39749
1625163415111 6 39799
1625163427353 6 39849
1625163439565 6 39899
1625163451684 6 39949
1625163463751 6 39999
1625163475985 6 40049
1625163488077 6 40099
1625163500259 6 40149
1625163512439 6 40199
1625163524589 6 40249
1625163536825 6 40299
1625163548843 6 40349
1625163560941 6 40399
1625163572975 6 40449
1625163584972 6 40499
1625163597092 6 40549
1625163609100 6 40599
1625163621222 6 40649
1625163633226 6 40699
1625163645186 6 40749
1625163657198 6 40799
1625163669260 6 40849
1625163681355 6 40899
1625163693309 6 40949
1625163705185 6 40999
1625163717101 6 41049
1625163729078 6 41099
1625163741131 6 41149
1625163753146 6 41199
1625163765118 6 41249
1625163777070 6 41299
1625163789037 6 41349
1625163801028 6 41399
1625163813154 6 41449
1625163825386 6 41499
1625163837534 6 41549
1625163849672 6 41599
1625163861839 6 41649
1625163873910 6 41699
1625163885997 6 41749
1625163898142 6 41799
1625163910393 6 41849
1625163922477 6 41899
1625163934761 6 41949
1625163947063 6 41999
1625163959327 6 42049
1625163971519 6 42099
1625163983915 6 42149
1625163996055 6 42199
1625164008185 6 42249
1625164020338 6 42299
1625164032397 6 42349
1625164044591 6 42399
1625164056652 6 42449
1625164068852 6 42499
1625164080972 6 42549
1625164093164 6 42599
1625164105327 6 42649
1625164117389 6 42699
1625164129418 6 42749
1625164141511 6 42799
1625164153582 6 42849
1625164165616 6 42899
1625164177743 6 42949
1625164189728 6 42999
1625164201786 6 43049
1625164213743 6 43099
1625164225738 6 43149
1625164237715 6 43199
1625164249824 6 43249
1625164261934 6 43299
1625164273918 6 43349
1625164285979 6 43399
1625164297954 6 43449
1625164309928 6 43499
1625164322063 6 43549
1625164334087 6 43599
1625164346154 6 43649
1625164358226 6 43699
1625164372677 6 43749
1625164373769 6 43749
1625164555839 6 43749
1625164577189 7 43799
1625164589054 7 43849
1625164600745 7 43899
1625164612356 7 43949
1625164624047 7 43999
1625164635824 7 44049
1625164647628 7 44099
1625164659378 7 44149
1625164671067 7 44199
1625164682664 7 44249
1625164694370 7 44299
1625164706062 7 44349
1625164717737 7 44399
1625164729420 7 44449
1625164741099 7 44499
1625164752757 7 44549
1625164764422 7 44599
1625164776093 7 44649
1625164787735 7 44699
1625164799412 7 44749
1625164811130 7 44799
1625164822835 7 44849
1625164834558 7 44899
1625164846306 7 44949
1625164858036 7 44999
1625164869701 7 45049
1625164881506 7 45099
1625164893356 7 45149
1625164905435 7 45199
1625164917427 7 45249
1625164929444 7 45299
1625164941418 7 45349
1625164953578 7 45399
1625164965575 7 45449
1625164977566 7 45499
1625164989626 7 45549
1625165001600 7 45599
1625165013692 7 45649
1625165025952 7 45699
1625165038309 7 45749
1625165050426 7 45799
1625165062561 7 45849
1625165074723 7 45899
1625165086741 7 45949
1625165098927 7 45999
1625165111202 7 46049
1625165123308 7 46099
1625165135536 7 46149
1625165147561 7 46199
1625165159713 7 46249
1625165171708 7 46299
1625165183704 7 46349
1625165195713 7 46399
1625165207754 7 46449
1625165219778 7 46499
1625165231891 7 46549
1625165243813 7 46599
1625165255818 7 46649
1625165267803 7 46699
1625165279682 7 46749
1625165291921 7 46799
1625165303974 7 46849
1625165315948 7 46899
1625165327960 7 46949
1625165339959 7 46999
1625165352179 7 47049
1625165364107 7 47099
1625165376081 7 47149
1625165388049 7 47199
1625165399973 7 47249
1625165412065 7 47299
1625165424140 7 47349
1625165436338 7 47399
1625165448450 7 47449
1625165460557 7 47499
1625165472822 7 47549
1625165484952 7 47599
1625165497321 7 47649
1625165509512 7 47699
1625165521719 7 47749
1625165533987 7 47799
1625165546094 7 47849
1625165558300 7 47899
1625165570488 7 47949
1625165582736 7 47999
1625165595050 7 48049
1625165607319 7 48099
1625165619452 7 48149
1625165631763 7 48199
1625165643849 7 48249
1625165655947 7 48299
1625165667991 7 48349
1625165680100 7 48399
1625165692363 7 48449
1625165704377 7 48499
1625165716635 7 48549
1625165728657 7 48599
1625165740839 7 48649
1625165753125 7 48699
1625165765172 7 48749
1625165777165 7 48799
1625165789186 7 48849
1625165801214 7 48899
1625165813331 7 48949
1625165825427 7 48999
1625165837422 7 49049
1625165849461 7 49099
1625165861617 7 49149
1625165873624 7 49199
1625165885719 7 49249
1625165897737 7 49299
1625165909850 7 49349
1625165921888 7 49399
1625165933986 7 49449
1625165945996 7 49499
1625165958057 7 49549
1625165970194 7 49599
1625165982223 7 49649
1625165994325 7 49699
1625166006188 7 49749
1625166018181 7 49799
1625166030161 7 49849
1625166042172 7 49899
1625166054337 7 49949
1625166068821 7 49999
1625166070441 7 49999
1625166251972 7 49999
1625166272895 8 50049
1625166284702 8 50099
1625166296381 8 50149
1625166308142 8 50199
1625166319917 8 50249
1625166331563 8 50299
1625166343377 8 50349
1625166355070 8 50399
1625166366812 8 50449
1625166378560 8 50499
1625166390219 8 50549
1625166401960 8 50599
1625166413633 8 50649
1625166425439 8 50699
1625166437179 8 50749
1625166448905 8 50799
1625166460581 8 50849
1625166472285 8 50899
1625166484002 8 50949
1625166495927 8 50999
1625166507794 8 51049
1625166519519 8 51099
1625166531170 8 51149
1625166542926 8 51199
1625166554652 8 51249
1625166566419 8 51299
1625166578153 8 51349
1625166589988 8 51399
1625166601944 8 51449
1625166614099 8 51499
1625166626308 8 51549
1625166638398 8 51599
1625166650510 8 51649
1625166662540 8 51699
1625166674770 8 51749
1625166686851 8 51799
1625166699082 8 51849
1625166711281 8 51899
1625166723289 8 51949
1625166735517 8 51999
1625166747581 8 52049
1625166759738 8 52099
1625166771766 8 52149
1625166783791 8 52199
1625166795772 8 52249
1625166807802 8 52299
1625166819737 8 52349
1625166831736 8 52399
1625166843665 8 52449
1625166855695 8 52499
1625166867592 8 52549
1625166879485 8 52599
1625166891571 8 52649
1625166903595 8 52699
1625166915614 8 52749
1625166927724 8 52799
1625166939673 8 52849
1625166951742 8 52899
1625166963747 8 52949
1625166975666 8 52999
1625166987713 8 53049
1625166999637 8 53099
1625167011665 8 53149
1625167023748 8 53199
1625167035694 8 53249
1625167047626 8 53299
1625167059732 8 53349
1625167071866 8 53399
1625167083887 8 53449
1625167096098 8 53499
1625167108275 8 53549
1625167120371 8 53599
1625167132440 8 53649
1625167144559 8 53699
1625167156766 8 53749
1625167168984 8 53799
1625167181194 8 53849
1625167193447 8 53899
1625167205657 8 53949
1625167217779 8 53999
1625167229923 8 54049
1625167242223 8 54099
1625167254262 8 54149
1625167266296 8 54199
1625167278143 8 54249
1625167290260 8 54299
1625167302318 8 54349
1625167314360 8 54399
1625167326659 8 54449
1625167338840 8 54499
1625167350958 8 54549
1625167363183 8 54599
1625167375285 8 54649
1625167387524 8 54699
1625167399596 8 54749
1625167411839 8 54799
1625167423951 8 54849
1625167435956 8 54899
1625167448117 8 54949
1625167460145 8 54999
1625167472419 8 55049
1625167484463 8 55099
1625167496373 8 55149
1625167508397 8 55199
1625167520321 8 55249
1625167532231 8 55299
1625167544140 8 55349
1625167556019 8 55399
1625167568026 8 55449
1625167579934 8 55499
1625167591839 8 55549
1625167603855 8 55599
1625167617083 8 55649
1625167629133 8 55699
1625167641163 8 55749
1625167653171 8 55799
1625167665051 8 55849
1625167676945 8 55899
1625167688991 8 55949
1625167700870 8 55999
1625167712923 8 56049
1625167724871 8 56099
1625167736991 8 56149
1625167749093 8 56199
1625167763570 8 56249
1625167764655 8 56249
1625167945871 8 56249
1625167967475 9 56299
1625167979310 9 56349
1625167991075 9 56399
1625168002759 9 56449
1625168014470 9 56499
1625168026248 9 56549
1625168038062 9 56599
1625168049710 9 56649
1625168061355 9 56699
1625168073122 9 56749
1625168084816 9 56799
1625168096559 9 56849
1625168108190 9 56899
1625168119927 9 56949
1625168131687 9 56999
1625168143422 9 57049
1625168155221 9 57099
1625168166955 9 57149
1625168178654 9 57199
1625168190315 9 57249
1625168201992 9 57299
1625168213648 9 57349
1625168225469 9 57399
1625168237241 9 57449
1625168249128 9 57499
1625168260907 9 57549
1625168272722 9 57599
1625168284698 9 57649
1625168296777 9 57699
1625168309035 9 57749
1625168321103 9 57799
1625168333169 9 57849
1625168345364 9 57899
1625168357594 9 57949
1625168369804 9 57999
1625168381958 9 58049
1625168393991 9 58099
1625168406090 9 58149
1625168418233 9 58199
1625168430289 9 58249
1625168442239 9 58299
1625168454343 9 58349
1625168466347 9 58399
1625168478274 9 58449
1625168490232 9 58499
1625168502395 9 58549
1625168514336 9 58599
1625168526274 9 58649
1625168538336 9 58699
1625168550342 9 58749
1625168562386 9 58799
1625168574673 9 58849
1625168586714 9 58899
1625168598805 9 58949
1625168610820 9 58999
1625168622795 9 59049
1625168634892 9 59099
1625168646923 9 59149
1625168658745 9 59199
1625168670812 9 59249
1625168682803 9 59299
1625168695026 9 59349
1625168707273 9 59399
1625168719342 9 59449
1625168731621 9 59499
1625168744011 9 59549
1625168756251 9 59599
1625168768439 9 59649
1625168780670 9 59699
1625168792854 9 59749
1625168805186 9 59799
1625168817319 9 59849
1625168829545 9 59899
1625168841704 9 59949
1625168854027 9 59999
1625168866098 9 60049
1625168878358 9 60099
1625168890366 9 60149
1625168902362 9 60199
1625168914275 9 60249
1625168926125 9 60299
1625168938165 9 60349
1625168950254 9 60399
1625168962184 9 60449
1625168974225 9 60499
1625168986382 9 60549
1625168998614 9 60599
1625169010716 9 60649
1625169022824 9 60699
1625169034895 9 60749
1625169047096 9 60799
1625169059209 9 60849
1625169071271 9 60899
1625169083605 9 60949
1625169095661 9 60999
1625169107853 9 61049
1625169119977 9 61099
1625169131952 9 61149
1625169144067 9 61199
1625169155976 9 61249
1625169168045 9 61299
1625169180065 9 61349
1625169192050 9 61399
1625169204150 9 61449
1625169216045 9 61499
1625169228095 9 61549
1625169240098 9 61599
1625169252067 9 61649
1625169264042 9 61699
1625169276074 9 61749
1625169288071 9 61799
1625169299989 9 61849
1625169312065 9 61899
1625169324046 9 61949
1625169336058 9 61999
1625169348166 9 62049
1625169360226 9 62099
1625169372162 9 62149
1625169384256 9 62199
1625169396194 9 62249
1625169408176 9 62299
1625169420199 9 62349
1625169432211 9 62399
1625169444455 9 62449
1625169459005 9 62499
1625169460108 9 62499
1625169640030 9 62499
1625169661717 10 62549
1625169673523 10 62599
1625169685213 10 62649
1625169696940 10 62699
1625169708556 10 62749
1625169720303 10 62799
1625169732054 10 62849
1625169743838 10 62899
1625169755485 10 62949
1625169767159 10 62999
1625169778822 10 63049
1625169790580 10 63099
1625169802239 10 63149
1625169813934 10 63199
1625169825709 10 63249
1625169837506 10 63299
1625169849380 10 63349
1625169861143 10 63399
1625169872959 10 63449
1625169884960 10 63499
1625169896809 10 63549
1625169908624 10 63599
1625169920431 10 63649
1625169932298 10 63699
1625169944149 10 63749
1625169955998 10 63799
1625169967927 10 63849
1625169979711 10 63899
1625169991938 10 63949
1625170003989 10 63999
1625170015961 10 64049
1625170027959 10 64099
1625170039955 10 64149
1625170051941 10 64199
1625170063999 10 64249
1625170076049 10 64299
1625170088055 10 64349
1625170100184 10 64399
1625170112202 10 64449
1625170124229 10 64499
1625170136300 10 64549
1625170148458 10 64599
1625170160493 10 64649
1625170172553 10 64699
1625170184739 10 64749
1625170196948 10 64799
1625170209079 10 64849
1625170221146 10 64899
1625170233027 10 64949
1625170245155 10 64999
1625170257114 10 65049
1625170269190 10 65099
1625170281283 10 65149
1625170293402 10 65199
1625170305441 10 65249
1625170317508 10 65299
1625170329617 10 65349
1625170341805 10 65399
1625170354018 10 65449
1625170366219 10 65499
1625170378580 10 65549
1625170390663 10 65599
1625170402820 10 65649
1625170415064 10 65699
1625170427035 10 65749
1625170439352 10 65799
1625170451442 10 65849
1625170463555 10 65899
1625170475943 10 65949
1625170488039 10 65999
1625170500210 10 66049
1625170512318 10 66099
1625170524333 10 66149
1625170536373 10 66199
1625170548313 10 66249
1625170560385 10 66299
1625170572353 10 66349
1625170584363 10 66399
1625170596326 10 66449
1625170608454 10 66499
1625170620629 10 66549
1625170632817 10 66599
1625170644769 10 66649
1625170656861 10 66699
1625170669150 10 66749
1625170681288 10 66799
1625170693913 10 66849
1625170705972 10 66899
1625170718025 10 66949
1625170730144 10 66999
1625170742344 10 67049
1625170754844 10 67099
1625170766985 10 67149
1625170779273 10 67199
1625170791370 10 67249
1625170803434 10 67299
1625170815655 10 67349
1625170827731 10 67399
1625170839726 10 67449
1625170851852 10 67499
1625170863896 10 67549
1625170876001 10 67599
1625170887841 10 67649
1625170900038 10 67699
1625170912099 10 67749
1625170924112 10 67799
1625170936130 10 67849
1625170948151 10 67899
1625170960363 10 67949
1625170972358 10 67999
1625170984537 10 68049
1625170996674 10 68099
1625171008759 10 68149
1625171020744 10 68199
1625171032814 10 68249
1625171044885 10 68299
1625171056937 10 68349
1625171068985 10 68399
1625171081066 10 68449
1625171093100 10 68499
1625171105170 10 68549
1625171117384 10 68599
1625171129396 10 68649
1625171141669 10 68699
1625171156238 10 68749
1625171160189 10 68749
1625171353198 10 68749
1625171375399 11 68799
1625171387164 11 68849
1625171398907 11 68899
1625171410542 11 68949
1625171422307 11 68999
1625171433955 11 69049
1625171445886 11 69099
1625171457721 11 69149
1625171469522 11 69199
1625171481373 11 69249
1625171493263 11 69299
1625171505084 11 69349
1625171516922 11 69399
1625171528786 11 69449
1625171540673 11 69499
1625171552485 11 69549
1625171564363 11 69599
1625171576229 11 69649
1625171588023 11 69699
1625171599773 11 69749
1625171611652 11 69799
1625171623330 11 69849
1625171635072 11 69899
1625171646817 11 69949
1625171658620 11 69999
1625171670383 11 70049
1625171682258 11 70099
1625171694256 11 70149
1625171706413 11 70199
1625171718497 11 70249
1625171730561 11 70299
1625171742660 11 70349
1625171754784 11 70399
1625171766951 11 70449
1625171779146 11 70499
1625171791246 11 70549
1625171803372 11 70599
1625171815498 11 70649
1625171827416 11 70699
1625171839538 11 70749
1625171851623 11 70799
1625171863636 11 70849
1625171875764 11 70899
1625171887704 11 70949
1625171899736 11 70999
1625171911903 11 71049
1625171923952 11 71099
1625171936211 11 71149
1625171948448 11 71199
1625171960658 11 71249
1625171972833 11 71299
1625171985044 11 71349
1625171997345 11 71399
1625172009631 11 71449
1625172021842 11 71499
1625172034143 11 71549
1625172046238 11 71599
1625172058545 11 71649
1625172070792 11 71699
1625172082988 11 71749
1625172095285 11 71799
1625172107537 11 71849
1625172119900 11 71899
1625172132150 11 71949
1625172144445 11 71999
1625172156603 11 72049
1625172168607 11 72099
1625172180554 11 72149
1625172192691 11 72199
1625172204811 11 72249
1625172216945 11 72299
1625172228898 11 72349
1625172241042 11 72399
1625172253145 11 72449
1625172265306 11 72499
1625172277413 11 72549
1625172289495 11 72599
1625172301569 11 72649
1625172313721 11 72699
1625172325729 11 72749
1625172337781 11 72799
1625172349898 11 72849
1625172362104 11 72899
1625172374293 11 72949
1625172386493 11 72999
1625172398660 11 73049
1625172410840 11 73099
1625172423104 11 73149
1625172435479 11 73199
1625172447598 11 73249
1625172463610 11 73299
1625172475874 11 73349
1625172487998 11 73399
1625172500231 11 73449
1625172512331 11 73499
1625172524540 11 73549
1625172536554 11 73599
1625172548621 11 73649
1625172560740 11 73699
1625172572867 11 73749
1625172585032 11 73799
1625172597166 11 73849
1625172609278 11 73899
1625172621510 11 73949
1625172633521 11 73999
1625172645597 11 74049
1625172657862 11 74099
1625172669935 11 74149
1625172682022 11 74199
1625172694131 11 74249
1625172706145 11 74299
1625172718361 11 74349
1625172730450 11 74399
1625172742586 11 74449
1625172754760 11 74499
1625172766959 11 74549
1625172779070 11 74599
1625172791142 11 74649
1625172803247 11 74699
1625172815375 11 74749
1625172827409 11 74799
1625172839448 11 74849
1625172851571 11 74899
1625172863858 11 74949
1625172878458 11 74999
1625172879972 11 74999
1625173073618 11 74999
1625173098005 12 75049
1625173109816 12 75099
1625173121631 12 75149
1625173133529 12 75199
1625173145304 12 75249
1625173157152 12 75299
1625173168995 12 75349
1625173180903 12 75399
1625173192775 12 75449
1625173204560 12 75499
1625173217097 12 75549
1625173228873 12 75599
1625173240773 12 75649
1625173252479 12 75699
1625173264300 12 75749
1625173276034 12 75799
1625173287855 12 75849
1625173299528 12 75899
1625173311329 12 75949
1625173323003 12 75999
1625173334714 12 76049
1625173346498 12 76099
1625173358294 12 76149
1625173370077 12 76199
1625173381850 12 76249
1625173393629 12 76299
1625173405382 12 76349
1625173417286 12 76399
1625173429468 12 76449
1625173441648 12 76499
1625173453847 12 76549
1625173465831 12 76599
1625173477851 12 76649
1625173489996 12 76699
1625173502181 12 76749
1625173514274 12 76799
1625173526302 12 76849
1625173538459 12 76899
1625173550406 12 76949
1625173562497 12 76999
1625173574727 12 77049
1625173586896 12 77099
1625173599063 12 77149
1625173611268 12 77199
1625173623465 12 77249
1625173635897 12 77299
1625173648080 12 77349
1625173660305 12 77399
1625173672453 12 77449
1625173684590 12 77499
1625173696764 12 77549
1625173708959 12 77599
1625173721178 12 77649
1625173733434 12 77699
1625173745727 12 77749
1625173757810 12 77799
1625173769959 12 77849
1625173782235 12 77899
1625173794273 12 77949
1625173806315 12 77999
1625173818648 12 78049
1625173830786 12 78099
1625173842980 12 78149
1625173855149 12 78199
1625173867183 12 78249
1625173879513 12 78299
1625173891594 12 78349
1625173903695 12 78399
1625173916068 12 78449
1625173928179 12 78499
1625173940368 12 78549
1625173952544 12 78599
1625173964567 12 78649
1625173976777 12 78699
1625173988776 12 78749
1625174000964 12 78799
1625174013268 12 78849
1625174025348 12 78899
1625174037491 12 78949
1625174049701 12 78999
1625174061962 12 79049
1625174074127 12 79099
1625174086359 12 79149
1625174098624 12 79199
1625174110800 12 79249
1625174122977 12 79299
1625174135232 12 79349
1625174147466 12 79399
1625174159604 12 79449
1625174171717 12 79499
1625174184115 12 79549
1625174196300 12 79599
1625174208232 12 79649
1625174220497 12 79699
1625174232516 12 79749
1625174244793 12 79799
1625174256812 12 79849
1625174268919 12 79899
1625174281052 12 79949
1625174292901 12 79999
1625174304973 12 80049
1625174317157 12 80099
1625174329190 12 80149
1625174341217 12 80199
1625174353172 12 80249
1625174365189 12 80299
1625174377200 12 80349
1625174389369 12 80399
1625174401514 12 80449
1625174413455 12 80499
1625174425503 12 80549
1625174437591 12 80599
1625174449584 12 80649
1625174461729 12 80699
1625174473756 12 80749
1625174489341 12 80799
1625174501501 12 80849
1625174513565 12 80899
1625174525542 12 80949
1625174537638 12 80999
1625174549608 12 81049
1625174561649 12 81099
1625174573675 12 81149
1625174585863 12 81199
1625174600051 12 81249
1625174601720 12 81249
1625174809947 12 81249
1625174831855 13 81299
1625174843699 13 81349
1625174855438 13 81399
1625174867194 13 81449
1625174878931 13 81499
1625174890666 13 81549
1625174902349 13 81599
1625174913988 13 81649
1625174925675 13 81699
1625174937438 13 81749
1625174949122 13 81799
1625174960847 13 81849
1625174972641 13 81899
1625174984401 13 81949
1625174996154 13 81999
1625175007814 13 82049
1625175019437 13 82099
1625175031221 13 82149
1625175042997 13 82199
1625175054664 13 82249
1625175066411 13 82299
1625175078084 13 82349
1625175089797 13 82399
1625175101477 13 82449
1625175113248 13 82499
1625175124947 13 82549
1625175136677 13 82599
1625175148629 13 82649
1625175160425 13 82699
1625175172475 13 82749
1625175184436 13 82799
1625175196563 13 82849
1625175208597 13 82899
1625175220664 13 82949
1625175232728 13 82999
1625175244811 13 83049
1625175256895 13 83099
1625175268984 13 83149
1625175281089 13 83199
1625175293285 13 83249
1625175305485 13 83299
1625175317534 13 83349
1625175329769 13 83399
1625175342098 13 83449
1625175354285 13 83499
1625175366458 13 83549
1625175378569 13 83599
1625175390746 13 83649
1625175402866 13 83699
1625175415070 13 83749
1625175427235 13 83799
1625175439160 13 83849
1625175451254 13 83899
1625175463425 13 83949
1625175475308 13 83999
1625175487329 13 84049
1625175499200 13 84099
1625175511233 13 84149
1625175523249 13 84199
1625175535190 13 84249
1625175547178 13 84299
1625175559178 13 84349
1625175571173 13 84399
1625175583212 13 84449
1625175595088 13 84499
1625175607159 13 84549
1625175619166 13 84599
1625175631214 13 84649
1625175643291 13 84699
1625175655058 13 84749
1625175667214 13 84799
1625175679051 13 84849
1625175690944 13 84899
1625175702890 13 84949
1625175714863 13 84999
1625175726809 13 85049
1625175738984 13 85099
1625175751169 13 85149
1625175763350 13 85199
1625175775408 13 85249
1625175787644 13 85299
1625175799738 13 85349
1625175811823 13 85399
1625175823876 13 85449
1625175836004 13 85499
1625175848068 13 85549
1625175860330 13 85599
1625175872424 13 85649
1625175884596 13 85699
1625175896622 13 85749
1625175908753 13 85799
1625175920710 13 85849
1625175932641 13 85899
1625175944727 13 85949
1625175956628 13 85999
1625175968619 13 86049
1625175980713 13 86099
1625175992812 13 86149
1625176004860 13 86199
1625176016822 13 86249
1625176028792 13 86299
1625176040853 13 86349
1625176052847 13 86399
1625176064914 13 86449
1625176076782 13 86499
1625176088756 13 86549
1625176100759 13 86599
1625176112687 13 86649
1625176124673 13 86699
1625176136668 13 86749
1625176148585 13 86799
1625176160506 13 86849
1625176172364 13 86899
1625176184334 13 86949
1625176196237 13 86999
1625176208253 13 87049
1625176220227 13 87099
1625176232309 13 87149
1625176244268 13 87199
1625176256219 13 87249
1625176268230 13 87299
1625176280143 13 87349
1625176292180 13 87399
1625176304306 13 87449
1625176318493 13 87499
1625176319601 13 87499
1625176516506 13 87499
1625176537550 14 87549
1625176549264 14 87599
1625176560884 14 87649
1625176572562 14 87699
1625176584200 14 87749
1625176595872 14 87799
1625176607580 14 87849
1625176619269 14 87899
1625176630908 14 87949
1625176642621 14 87999
1625176654307 14 88049
1625176666049 14 88099
1625176677767 14 88149
1625176689390 14 88199
1625176701169 14 88249
1625176712913 14 88299
1625176724640 14 88349
1625176736285 14 88399
1625176747987 14 88449
1625176759708 14 88499
1625176771456 14 88549
1625176783111 14 88599
1625176794815 14 88649
1625176806640 14 88699
1625176818460 14 88749
1625176830253 14 88799
1625176842161 14 88849
1625176854253 14 88899
1625176866425 14 88949
1625176878463 14 88999
1625176890587 14 89049
1625176902783 14 89099
1625176915083 14 89149
1625176927131 14 89199
1625176939351 14 89249
1625176951512 14 89299
1625176963704 14 89349
1625176975918 14 89399
1625176987937 14 89449
1625177000045 14 89499
1625177012166 14 89549
1625177024299 14 89599
1625177036631 14 89649
1625177048828 14 89699
1625177060937 14 89749
1625177072967 14 89799
1625177085084 14 89849
1625177097107 14 89899
1625177109342 14 89949
1625177121256 14 89999
1625177133338 14 90049
1625177145367 14 90099
1625177157510 14 90149
1625177169478 14 90199
1625177181387 14 90249
1625177193456 14 90299
1625177205555 14 90349
1625177217558 14 90399
1625177229607 14 90449
1625177241618 14 90499
1625177253546 14 90549
1625177265621 14 90599
1625177277618 14 90649
1625177289627 14 90699
1625177301625 14 90749
1625177313705 14 90799
1625177325801 14 90849
1625177337925 14 90899
1625177350020 14 90949
1625177362090 14 90999
1625177374198 14 91049
1625177386308 14 91099
1625177398361 14 91149
1625177410405 14 91199
1625177422520 14 91249
1625177434609 14 91299
1625177446831 14 91349
1625177458835 14 91399
1625177471025 14 91449
1625177483069 14 91499
1625177495302 14 91549
1625177507428 14 91599
1625177519562 14 91649
1625177531831 14 91699
1625177543807 14 91749
1625177555937 14 91799
1625177567976 14 91849
1625177580209 14 91899
1625177592416 14 91949
1625177604544 14 91999
1625177616572 14 92049
1625177628576 14 92099
1625177640566 14 92149
1625177652608 14 92199
1625177664788 14 92249
1625177676782 14 92299
1625177688798 14 92349
1625177700683 14 92399
1625177712767 14 92449
1625177724724 14 92499
1625177736728 14 92549
1625177748872 14 92599
1625177760834 14 92649
1625177772866 14 92699
1625177784941 14 92749
1625177797028 14 92799
1625177809162 14 92849
1625177821239 14 92899
1625177833394 14 92949
1625177845496 14 92999
1625177857463 14 93049
1625177869446 14 93099
1625177881550 14 93149
1625177893506 14 93199
1625177905390 14 93249
1625177917444 14 93299
1625177929399 14 93349
1625177941488 14 93399
1625177953492 14 93449
1625177965578 14 93499
1625177977706 14 93549
1625177989768 14 93599
1625178001864 14 93649
1625178014101 14 93699
1625178028288 14 93749
1625178029951 14 93749
1625178240534 14 93749
1625178262494 15 93799
1625178274333 15 93849
1625178286044 15 93899
1625178297701 15 93949
1625178309417 15 93999
1625178321202 15 94049
1625178332913 15 94099
1625178344676 15 94149
1625178356303 15 94199
1625178367967 15 94249
1625178379623 15 94299
1625178391274 15 94349
1625178402996 15 94399
1625178414707 15 94449
1625178426538 15 94499
1625178438298 15 94549
1625178450155 15 94599
1625178462011 15 94649
1625178473838 15 94699
1625178485748 15 94749
1625178497609 15 94799
1625178509390 15 94849
1625178521387 15 94899
1625178533212 15 94949
1625178544976 15 94999
1625178556855 15 95049
1625178568739 15 95099
1625178580759 15 95149
1625178592851 15 95199
1625178605026 15 95249
1625178617210 15 95299
1625178629215 15 95349
1625178641453 15 95399
1625178653609 15 95449
1625178665715 15 95499
1625178677835 15 95549
1625178689945 15 95599
1625178702175 15 95649
1625178714311 15 95699
1625178726397 15 95749
1625178738445 15 95799
1625178750623 15 95849
1625178762740 15 95899
1625178774729 15 95949
1625178786683 15 95999
1625178798706 15 96049
1625178810700 15 96099
1625178822849 15 96149
1625178834839 15 96199
1625178846759 15 96249
1625178858817 15 96299
1625178870840 15 96349
1625178882887 15 96399
1625178894818 15 96449
1625178906801 15 96499
1625178918779 15 96549
1625178930839 15 96599
1625178942889 15 96649
1625178954848 15 96699
1625178966933 15 96749
1625178978897 15 96799
1625178991072 15 96849
1625179003166 15 96899
1625179015316 15 96949
1625179027323 15 96999
1625179039498 15 97049
1625179051578 15 97099
1625179063536 15 97149
1625179075655 15 97199
1625179087828 15 97249
1625179099875 15 97299
1625179111923 15 97349
1625179123963 15 97399
1625179136126 15 97449
1625179148277 15 97499
1625179160362 15 97549
1625179172560 15 97599
1625179184715 15 97649
1625179196935 15 97699
1625179209016 15 97749
1625179221201 15 97799
1625179233324 15 97849
1625179245360 15 97899
1625179257553 15 97949
1625179269583 15 97999
1625179281551 15 98049
1625179293580 15 98099
1625179305518 15 98149
1625179317610 15 98199
1625179329588 15 98249
1625179341695 15 98299
1625179353776 15 98349
1625179365686 15 98399
1625179377828 15 98449
1625179389852 15 98499
1625179401887 15 98549
1625179413890 15 98599
1625179425867 15 98649
1625179437999 15 98699
1625179450093 15 98749
1625179462153 15 98799
1625179474164 15 98849
1625179486133 15 98899
1625179498534 15 98949
1625179510759 15 98999
1625179522783 15 99049
1625179534824 15 99099
1625179546785 15 99149
1625179558870 15 99199
1625179570896 15 99249
1625179583025 15 99299
1625179595039 15 99349
1625179607072 15 99399
1625179619136 15 99449
1625179631258 15 99499
1625179643386 15 99549
1625179655560 15 99599
1625179667606 15 99649
1625179679831 15 99699
1625179691861 15 99749
1625179704023 15 99799
1625179716145 15 99849
1625179728252 15 99899
1625179740520 15 99949
1625179754726 15 99999
1625179755836 15 99999
1625179953963 15 99999
1625179976465 16 100049
1625179988307 16 100099
1625180000031 16 100149
1625180011724 16 100199
1625180023488 16 100249
1625180035278 16 100299
1625180047114 16 100349
1625180058951 16 100399
1625180070784 16 100449
1625180082534 16 100499
1625180094396 16 100549
1625180106139 16 100599
1625180117884 16 100649
1625180129651 16 100699
1625180141466 16 100749
1625180153190 16 100799
1625180165061 16 100849
1625180176971 16 100899
1625180188685 16 100949
1625180200563 16 100999
1625180212522 16 101049
1625180224331 16 101099
1625180236192 16 101149
1625180248071 16 101199
1625180259843 16 101249
1625180271673 16 101299
1625180283593 16 101349
1625180295586 16 101399
1625180307656 16 101449
1625180320053 16 101499
1625180332105 16 101549
1625180344260 16 101599
1625180356785 16 101649
1625180368708 16 101699
1625180380772 16 101749
1625180393007 16 101799
1625180405089 16 101849
1625180417124 16 101899
1625180429132 16 101949
1625180441109 16 101999
1625180453250 16 102049
1625180465235 16 102099
1625180477247 16 102149
1625180489249 16 102199
1625180501373 16 102249
1625180513362 16 102299
1625180525424 16 102349
1625180537313 16 102399
1625180549347 16 102449
1625180561417 16 102499
1625180573505 16 102549
1625180585586 16 102599
1625180597584 16 102649
1625180609582 16 102699
1625180621565 16 102749
1625180633607 16 102799
1625180645606 16 102849
1625180657616 16 102899
1625180669739 16 102949
1625180681716 16 102999
1625180693844 16 103049
1625180705955 16 103099
1625180717989 16 103149
1625180730161 16 103199
1625180742245 16 103249
1625180754315 16 103299
1625180766422 16 103349
1625180778474 16 103399
1625180790537 16 103449
1625180802525 16 103499
1625180814674 16 103549
1625180826756 16 103599
1625180838780 16 103649
1625180850888 16 103699
1625180863020 16 103749
1625180875113 16 103799
1625180887171 16 103849
1625180899320 16 103899
1625180911558 16 103949
1625180923645 16 103999
1625180935669 16 104049
1625180947741 16 104099
1625180959932 16 104149
1625180972005 16 104199
1625180984195 16 104249
1625180996317 16 104299
1625181008399 16 104349
1625181020413 16 104399
1625181032536 16 104449
1625181044419 16 104499
1625181056500 16 104549
1625181068613 16 104599
1625181080753 16 104649
1625181092732 16 104699
1625181104661 16 104749
1625181116718 16 104799
1625181128774 16 104849
1625181140813 16 104899
1625181152783 16 104949
1625181164892 16 104999
1625181176902 16 105049
1625181189003 16 105099
1625181201079 16 105149
1625181213111 16 105199
1625181225193 16 105249
1625181237346 16 105299
1625181249466 16 105349
1625181261554 16 105399
1625181273667 16 105449
1625181285789 16 105499
1625181297979 16 105549
1625181310229 16 105599
1625181322390 16 105649
1625181334757 16 105699
1625181346826 16 105749
1625181358862 16 105799
1625181370940 16 105849
1625181382991 16 105899
1625181395041 16 105949
1625181407089 16 105999
1625181418958 16 106049
1625181430910 16 106099
1625181442923 16 106149
1625181455030 16 106199
1625181469175 16 106249
1625181470257 16 106249
1625181670398 16 106249
1625181692844 17 106299
1625181704580 17 106349
1625181716373 17 106399
1625181728173 17 106449
1625181739945 17 106499
1625181751660 17 106549
1625181763487 17 106599
1625181775250 17 106649
1625181787272 17 106699
1625181799065 17 106749
1625181810918 17 106799
1625181822557 17 106849
1625181834400 17 106899
1625181846179 17 106949
1625181858023 17 106999
1625181869810 17 107049
1625181881580 17 107099
1625181893383 17 107149
1625181905192 17 107199
1625181916992 17 107249
1625181928780 17 107299
1625181940554 17 107349
1625181952326 17 107399
1625181964185 17 107449
1625181975922 17 107499
1625181987740 17 107549
1625181999612 17 107599
1625182011515 17 107649
1625182023683 17 107699
1625182035706 17 107749
1625182047515 17 107799
1625182059469 17 107849
1625182071572 17 107899
1625182083448 17 107949
1625182095549 17 107999
1625182107703 17 108049
1625182119680 17 108099
1625182131723 17 108149
1625182143740 17 108199
1625182155828 17 108249
1625182167918 17 108299
1625182179837 17 108349
1625182191846 17 108399
1625182203912 17 108449
1625182215946 17 108499
1625182227921 17 108549
1625182239891 17 108599
1625182251821 17 108649
1625182263732 17 108699
1625182275816 17 108749
1625182287897 17 108799
1625182299947 17 108849
1625182312173 17 108899
1625182324192 17 108949
1625182336343 17 108999
1625182348377 17 109049
1625182360376 17 109099
1625182372274 17 109149
1625182384319 17 109199
1625182396330 17 109249
1625182408368 17 109299
1625182420404 17 109349
1625182432419 17 109399
1625182444429 17 109449
1625182456426 17 109499
1625182468568 17 109549
1625182480602 17 109599
1625182492596 17 109649
1625182504684 17 109699
1625182516781 17 109749
1625182528984 17 109799
1625182541062 17 109849
1625182553158 17 109899
1625182565260 17 109949
1625182577286 17 109999
1625182589329 17 110049
1625182601405 17 110099
1625182613425 17 110149
1625182625672 17 110199
1625182637855 17 110249
1625182649973 17 110299
1625182662003 17 110349
1625182673895 17 110399
1625182685915 17 110449
1625182697874 17 110499
1625182709827 17 110549
1625182721850 17 110599
1625182733769 17 110649
1625182745929 17 110699
1625182758013 17 110749
1625182769972 17 110799
1625182782023 17 110849
1625182793952 17 110899
1625182805990 17 110949
1625182818123 17 110999
1625182830247 17 111049
1625182842414 17 111099
1625182854476 17 111149
1625182866583 17 111199
1625182878590 17 111249
1625182890731 17 111299
1625182902894 17 111349
1625182914882 17 111399
1625182927156 17 111449
1625182939260 17 111499
1625182951404 17 111549
1625182963680 17 111599
1625182975786 17 111649
1625182987958 17 111699
1625183000196 17 111749
1625183012308 17 111799
1625183024413 17 111849
1625183036529 17 111899
1625183048589 17 111949
1625183060641 17 111999
1625183072720 17 112049
1625183084756 17 112099
1625183096716 17 112149
1625183108676 17 112199
1625183120698 17 112249
1625183132859 17 112299
1625183145014 17 112349
1625183156929 17 112399
1625183169107 17 112449
1625183183271 17 112499
1625183185867 17 112499
1625183393197 17 112499
1625183415371 18 112549
1625183427364 18 112599
1625183439137 18 112649
1625183450963 18 112699
1625183462778 18 112749
1625183474671 18 112799
1625183486528 18 112849
1625183498331 18 112899
1625183510112 18 112949
1625183521987 18 112999
1625183533731 18 113049
1625183545501 18 113099
1625183557306 18 113149
1625183569101 18 113199
1625183580955 18 113249
1625183592753 18 113299
1625183604691 18 113349
1625183616626 18 113399
1625183628679 18 113449
1625183640404 18 113499
1625183652202 18 113549
1625183663852 18 113599
1625183675487 18 113649
1625183687279 18 113699
1625183699033 18 113749
1625183710787 18 113799
1625183722627 18 113849
1625183734579 18 113899
1625183746727 18 113949
1625183758759 18 113999
1625183770639 18 114049
1625183782708 18 114099
1625183794730 18 114149
1625183806683 18 114199
1625183818875 18 114249
1625183830979 18 114299
1625183843011 18 114349
1625183855163 18 114399
1625183867196 18 114449
1625183879300 18 114499
1625183891307 18 114549
1625183903391 18 114599
1625183915433 18 114649
1625183927496 18 114699
1625183939725 18 114749
1625183951864 18 114799
1625183963878 18 114849
1625183975923 18 114899
1625183987936 18 114949
1625183999906 18 114999
1625184011986 18 115049
1625184024077 18 115099
1625184036108 18 115149
1625184048092 18 115199
1625184060117 18 115249
1625184072174 18 115299
1625184084049 18 115349
1625184095959 18 115399
1625184107999 18 115449
1625184120053 18 115499
1625184132232 18 115549
1625184144250 18 115599
1625184156195 18 115649
1625184168307 18 115699
1625184180256 18 115749
1625184192246 18 115799
1625184204374 18 115849
1625184216500 18 115899
1625184228725 18 115949
1625184240800 18 115999
1625184253051 18 116049
1625184265287 18 116099
1625184277292 18 116149
1625184289589 18 116199
1625184301675 18 116249
1625184313846 18 116299
1625184325872 18 116349
1625184338093 18 116399
1625184350196 18 116449
1625184362447 18 116499
1625184374346 18 116549
1625184386367 18 116599
1625184398406 18 116649
1625184410412 18 116699
1625184422474 18 116749
1625184434581 18 116799
1625184446668 18 116849
1625184458677 18 116899
1625184470740 18 116949
1625184482796 18 116999
1625184496184 18 117049
1625184508233 18 117099
1625184520531 18 117149
1625184532700 18 117199
1625184544814 18 117249
1625184556968 18 117299
1625184569200 18 117349
1625184581233 18 117399
1625184593430 18 117449
1625184605470 18 117499
1625184617656 18 117549
1625184629777 18 117599
1625184641666 18 117649
1625184653870 18 117699
1625184665834 18 117749
1625184677848 18 117799
1625184689945 18 117849
1625184702156 18 117899
1625184714294 18 117949
1625184726222 18 117999
1625184738213 18 118049
1625184750342 18 118099
1625184762314 18 118149
1625184774299 18 118199
1625184786197 18 118249
1625184798229 18 118299
1625184810295 18 118349
1625184822323 18 118399
1625184834313 18 118449
1625184846325 18 118499
1625184858339 18 118549
1625184870352 18 118599
1625184882312 18 118649
1625184894528 18 118699
1625184908683 18 118749
1625184909759 18 118749
1625185130929 18 118749
1625185153719 19 118799
1625185165526 19 118849
1625185177378 19 118899
1625185189118 19 118949
1625185200972 19 118999
1625185212837 19 119049
1625185224584 19 119099
1625185236383 19 119149
1625185248206 19 119199
1625185260002 19 119249
1625185271819 19 119299
1625185283601 19 119349
1625185295416 19 119399
1625185307179 19 119449
1625185318911 19 119499
1625185330642 19 119549
1625185342387 19 119599
1625185354187 19 119649
1625185365900 19 119699
1625185377655 19 119749
1625185389416 19 119799
1625185401140 19 119849
1625185412942 19 119899
1625185424729 19 119949
1625185436514 19 119999
1625185448205 19 120049
1625185459999 19 120099
1625185472032 19 120149
1625185484223 19 120199
1625185496374 19 120249
1625185508447 19 120299
1625185520588 19 120349
1625185532546 19 120399
1625185544602 19 120449
1625185556475 19 120499
1625185568705 19 120549
1625185580705 19 120599
1625185592883 19 120649
1625185604959 19 120699
1625185616872 19 120749
1625185628880 19 120799
1625185640857 19 120849
1625185652986 19 120899
1625185664927 19 120949
1625185676853 19 120999
1625185688910 19 121049
1625185700933 19 121099
1625185712986 19 121149
1625185724957 19 121199
1625185736889 19 121249
1625185748994 19 121299
1625185760988 19 121349
1625185773120 19 121399
1625185785068 19 121449
1625185796963 19 121499
1625185808881 19 121549
1625185820859 19 121599
1625185832921 19 121649
1625185845040 19 121699
1625185857050 19 121749
1625185869062 19 121799
1625185881102 19 121849
1625185893298 19 121899
1625185905590 19 121949
1625185917671 19 121999
1625185929818 19 122049
1625185942034 19 122099
1625185954208 19 122149
1625185966539 19 122199
1625185978539 19 122249
1625185990624 19 122299
1625186002782 19 122349
1625186014922 19 122399
1625186027247 19 122449
1625186039304 19 122499
1625186051369 19 122549
1625186063546 19 122599
1625186075537 19 122649
1625186087574 19 122699
1625186099625 19 122749
1625186111665 19 122799
1625186123831 19 122849
1625186135877 19 122899
1625186148089 19 122949
1625186160232 19 122999
1625186172345 19 123049
1625186184345 19 123099
1625186196509 19 123149
1625186208654 19 123199
1625186220629 19 123249
1625186232900 19 123299
1625186245119 19 123349
1625186257108 19 123399
1625186269224 19 123449
1625186281171 19 123499
1625186293403 19 123549
1625186305422 19 123599
1625186317504 19 123649
1625186329560 19 123699
1625186341618 19 123749
1625186353661 19 123799
1625186365684 19 123849
1625186377677 19 123899
1625186389721 19 123949
1625186401707 19 123999
1625186413915 19 124049
1625186426101 19 124099
1625186438203 19 124149
1625186450175 19 124199
1625186462128 19 124249
1625186474386 19 124299
1625186486317 19 124349
1625186498251 19 124399
1625186510244 19 124449
1625186522385 19 124499
1625186535492 19 124549
1625186547370 19 124599
1625186559422 19 124649
1625186571417 19 124699
1625186583371 19 124749
1625186595367 19 124799
1625186607605 19 124849
1625186619738 19 124899
1625186632004 19 124949
1625186646166 19 124999
1625186647291 19 124999
1625186861244 19 124999
1625186883611 20 125049
1625186895455 20 125099
1625186907249 20 125149
1625186919134 20 125199
1625186930886 20 125249
1625186942646 20 125299
1625186954316 20 125349
1625186966022 20 125399
1625186977756 20 125449
1625186989470 20 125499
1625187001234 20 125549
1625187012983 20 125599
1625187024695 20 125649
1625187036384 20 125699
1625187048219 20 125749
1625187059883 20 125799
1625187071674 20 125849
1625187083397 20 125899
1625187095230 20 125949
1625187107001 20 125999
1625187118739 20 126049
1625187130542 20 126099
1625187142366 20 126149
1625187154152 20 126199
1625187165913 20 126249
1625187177657 20 126299
1625187189364 20 126349
1625187201370 20 126399
1625187213579 20 126449
1625187225795 20 126499
1625187237849 20 126549
1625187249916 20 126599
1625187261934 20 126649
1625187273906 20 126699
1625187286053 20 126749
1625187298079 20 126799
1625187310124 20 126849
1625187322174 20 126899
1625187334194 20 126949
1625187346266 20 126999
1625187358359 20 127049
1625187370406 20 127099
1625187382464 20 127149
1625187394533 20 127199
1625187406537 20 127249
1625187418626 20 127299
1625187430843 20 127349
1625187442953 20 127399
1625187455058 20 127449
1625187467080 20 127499
1625187479075 20 127549
1625187491049 20 127599
1625187503228 20 127649
1625187515118 20 127699
1625187527059 20 127749
1625187539103 20 127799
1625187551101 20 127849
1625187563129 20 127899
1625187575128 20 127949
1625187587197 20 127999
1625187599325 20 128049
1625187611482 20 128099
1625187623632 20 128149
1625187635727 20 128199
1625187647949 20 128249
1625187660111 20 128299
1625187672352 20 128349
1625187684522 20 128399
1625187696729 20 128449
1625187708844 20 128499
1625187721037 20 128549
1625187733377 20 128599
1625187745475 20 128649
1625187757725 20 128699
1625187769884 20 128749
1625187782061 20 128799
1625187794283 20 128849
1625187806576 20 128899
1625187818685 20 128949
1625187830841 20 128999
1625187843003 20 129049
1625187855232 20 129099
1625187867261 20 129149
1625187879361 20 129199
1625187891380 20 129249
1625187903437 20 129299
1625187915435 20 129349
1625187927398 20 129399
1625187939313 20 129449
1625187951469 20 129499
1625187963558 20 129549
1625187975572 20 129599
1625187987687 20 129649
1625187999799 20 129699
1625188011770 20 129749
1625188023934 20 129799
1625188036063 20 129849
1625188048020 20 129899
1625188060119 20 129949
1625188072292 20 129999
1625188084428 20 130049
1625188096468 20 130099
1625188108584 20 130149
1625188120519 20 130199
1625188132633 20 130249
1625188144744 20 130299
1625188156631 20 130349
1625188168675 20 130399
1625188180650 20 130449
1625188192717 20 130499
1625188204843 20 130549
1625188216868 20 130599
1625188228896 20 130649
1625188241066 20 130699
1625188253084 20 130749
1625188265108 20 130799
1625188277401 20 130849
1625188289549 20 130899
1625188301797 20 130949
1625188313965 20 130999
1625188326176 20 131049
1625188338310 20 131099
1625188350426 20 131149
1625188362840 20 131199
1625188377083 20 131249
1625188378198 20 131249
1625188592758 20 131249
1625188615250 21 131299
1625188627070 21 131349
1625188638812 21 131399
1625188650620 21 131449
1625188662365 21 131499
1625188674108 21 131549
1625188685944 21 131599
1625188697709 21 131649
1625188709515 21 131699
1625188721323 21 131749
1625188733124 21 131799
1625188744831 21 131849
1625188756588 21 131899
1625188768238 21 131949
1625188780014 21 131999
1625188791698 21 132049
1625188803482 21 132099
1625188815189 21 132149
1625188826970 21 132199
1625188838870 21 132249
1625188850600 21 132299
1625188862362 21 132349
1625188874110 21 132399
1625188885971 21 132449
1625188897736 21 132499
1625188909497 21 132549
1625188921351 21 132599
1625188933349 21 132649
1625188945474 21 132699
1625188957609 21 132749
1625188969794 21 132799
1625188981781 21 132849
1625188993850 21 132899
1625189005771 21 132949
1625189017898 21 132999
1625189030052 21 133049
1625189042136 21 133099
1625189054284 21 133149
1625189066275 21 133199
1625189078354 21 133249
1625189090359 21 133299
1625189102357 21 133349
1625189114289 21 133399
1625189126418 21 133449
1625189138450 21 133499
1625189150470 21 133549
1625189162608 21 133599
1625189174692 21 133649
1625189186685 21 133699
1625189198695 21 133749
1625189210819 21 133799
1625189223054 21 133849
1625189235055 21 133899
1625189247147 21 133949
1625189259182 21 133999
1625189271388 21 134049
1625189283672 21 134099
1625189295798 21 134149
1625189307842 21 134199
1625189319924 21 134249
1625189332143 21 134299
1625189344230 21 134349
1625189356416 21 134399
1625189368605 21 134449
1625189380692 21 134499
1625189392838 21 134549
1625189405010 21 134599
1625189417204 21 134649
1625189429407 21 134699
1625189441583 21 134749
1625189453864 21 134799
1625189465997 21 134849
1625189478131 21 134899
1625189490242 21 134949
1625189502396 21 134999
1625189514483 21 135049
1625189526503 21 135099
1625189538457 21 135149
1625189550698 21 135199
1625189562798 21 135249
1625189575101 21 135299
1625189587091 21 135349
1625189599208 21 135399
1625189611394 21 135449
1625189623444 21 135499
1625189635319 21 135549
1625189647425 21 135599
1625189659342 21 135649
1625189671511 21 135699
1625189683661 21 135749
1625189695771 21 135799
1625189708024 21 135849
1625189719981 21 135899
1625189732061 21 135949
1625189744046 21 135999
1625189756160 21 136049
1625189768228 21 136099
1625189780259 21 136149
1625189792429 21 136199
1625189804642 21 136249
1625189816725 21 136299
1625189828768 21 136349
1625189840717 21 136399
1625189852814 21 136449
1625189864788 21 136499
1625189877075 21 136549
1625189889244 21 136599
1625189901483 21 136649
1625189913584 21 136699
1625189925706 21 136749
1625189938001 21 136799
1625189950139 21 136849
1625189962331 21 136899
1625189974489 21 136949
1625189986585 21 136999
1625189998615 21 137049
1625190010801 21 137099
1625190022769 21 137149
1625190035019 21 137199
1625190047001 21 137249
1625190059220 21 137299
1625190071337 21 137349
1625190083411 21 137399
1625190095982 21 137449
1625190110165 21 137499
1625190111894 21 137499
1625190331939 21 137499
1625190353850 22 137549
1625190365630 22 137599
1625190377336 22 137649
1625190389063 22 137699
1625190400790 22 137749
1625190412501 22 137799
1625190424192 22 137849
1625190435893 22 137899
1625190447586 22 137949
1625190459302 22 137999
1625190471010 22 138049
1625190482759 22 138099
1625190494452 22 138149
1625190506245 22 138199
1625190517894 22 138249
1625190529602 22 138299
1625190541509 22 138349
1625190553289 22 138399
1625190565063 22 138449
1625190576845 22 138499
1625190588517 22 138549
1625190600333 22 138599
1625190612158 22 138649
1625190623915 22 138699
1625190635607 22 138749
1625190647387 22 138799
1625190659123 22 138849
1625190671030 22 138899
1625190683067 22 138949
1625190695266 22 138999
1625190707393 22 139049
1625190719451 22 139099
1625190731520 22 139149
1625190743693 22 139199
1625190755714 22 139249
1625190767853 22 139299
1625190779841 22 139349
1625190791958 22 139399
1625190804025 22 139449
1625190815963 22 139499
1625190827970 22 139549
1625190840105 22 139599
1625190852094 22 139649
1625190864169 22 139699
1625190876247 22 139749
1625190888393 22 139799
1625190900308 22 139849
1625190912472 22 139899
1625190924528 22 139949
1625190936512 22 139999
1625190948557 22 140049
1625190960535 22 140099
1625190972711 22 140149
1625190984990 22 140199
1625190997071 22 140249
1625191009285 22 140299
1625191021469 22 140349
1625191033667 22 140399
1625191045891 22 140449
1625191058064 22 140499
1625191070214 22 140549
1625191082449 22 140599
1625191094718 22 140649
1625191106949 22 140699
1625191119050 22 140749
1625191131225 22 140799
1625191143457 22 140849
1625191155666 22 140899
1625191167839 22 140949
1625191180036 22 140999
1625191192129 22 141049
1625191204302 22 141099
1625191216421 22 141149
1625191228525 22 141199
1625191240545 22 141249
1625191252648 22 141299
1625191264609 22 141349
1625191276526 22 141399
1625191288513 22 141449
1625191300483 22 141499
1625191312603 22 141549
1625191324622 22 141599
1625191336618 22 141649
1625191348795 22 141699
1625191360813 22 141749
1625191372919 22 141799
1625191385161 22 141849
1625191397244 22 141899
1625191409504 22 141949
1625191421470 22 141999
1625191433609 22 142049
1625191445681 22 142099
1625191457779 22 142149
1625191470035 22 142199
1625191482214 22 142249
1625191494376 22 142299
1625191506543 22 142349
1625191518719 22 142399
1625191530874 22 142449
1625191543051 22 142499
1625191555169 22 142549
1625191567241 22 142599
1625191579372 22 142649
1625191591592 22 142699
1625191603722 22 142749
1625191616004 22 142799
1625191628168 22 142849
1625191640391 22 142899
1625191652394 22 142949
1625191664420 22 142999
1625191676505 22 143049
1625191688774 22 143099
1625191700864 22 143149
1625191714261 22 143199
1625191726333 22 143249
1625191738491 22 143299
1625191750517 22 143349
1625191762655 22 143399
1625191774906 22 143449
1625191787022 22 143499
1625191799179 22 143549
1625191811364 22 143599
1625191823540 22 143649
1625191835877 22 143699
1625191850035 22 143749
1625191851136 22 143749
1625192071297 22 143749
1625192093438 23 143799
1625192105283 23 143849
1625192117214 23 143899
1625192129018 23 143949
1625192140749 23 143999
1625192152489 23 144049
1625192164187 23 144099
1625192175937 23 144149
1625192187663 23 144199
1625192199339 23 144249
1625192211113 23 144299
1625192222926 23 144349
1625192234810 23 144399
1625192246653 23 144449
1625192258526 23 144499
1625192270261 23 144549
1625192282077 23 144599
1625192293889 23 144649
1625192305650 23 144699
1625192317491 23 144749
1625192329297 23 144799
1625192341102 23 144849
1625192352935 23 144899
1625192364687 23 144949
1625192376406 23 144999
1625192389194 23 145049
1625192400961 23 145099
1625192412939 23 145149
1625192424829 23 145199
1625192436975 23 145249
1625192448878 23 145299
1625192460960 23 145349
1625192472899 23 145399
1625192484856 23 145449
1625192496833 23 145499
1625192508952 23 145549
1625192520840 23 145599
1625192532986 23 145649
1625192545049 23 145699
1625192557244 23 145749
1625192569357 23 145799
1625192581455 23 145849
1625192593556 23 145899
1625192605609 23 145949
1625192617620 23 145999
1625192629755 23 146049
1625192641906 23 146099
1625192654135 23 146149
1625192666356 23 146199
1625192678501 23 146249
1625192690667 23 146299
1625192702798 23 146349
1625192714882 23 146399
1625192727082 23 146449
1625192739218 23 146499
1625192751426 23 146549
1625192763507 23 146599
1625192775816 23 146649
1625192788083 23 146699
1625192800186 23 146749
1625192812237 23 146799
1625192824342 23 146849
1625192836484 23 146899
1625192848685 23 146949
1625192860741 23 146999
1625192872996 23 147049
1625192885121 23 147099
1625192897176 23 147149
1625192909240 23 147199
1625192921323 23 147249
1625192933528 23 147299
1625192945504 23 147349
1625192957602 23 147399
1625192969672 23 147449
1625192981841 23 147499
1625192993793 23 147549
1625193005934 23 147599
1625193018002 23 147649
1625193030121 23 147699
1625193042019 23 147749
1625193054033 23 147799
1625193066044 23 147849
1625193078239 23 147899
1625193090334 23 147949
1625193102462 23 147999
1625193114617 23 148049
1625193126817 23 148099
1625193138878 23 148149
1625193151128 23 148199
1625193163201 23 148249
1625193175370 23 148299
1625193187431 23 148349
1625193199579 23 148399
1625193211917 23 148449
1625193223983 23 148499
1625193236085 23 148549
1625193248191 23 148599
1625193260197 23 148649
1625193272412 23 148699
1625193284394 23 148749
1625193296577 23 148799
1625193308783 23 148849
1625193320817 23 148899
1625193333062 23 148949
1625193345225 23 148999
1625193357357 23 149049
1625193369432 23 149099
1625193381471 23 149149
1625193393708 23 149199
1625193405951 23 149249
1625193418127 23 149299
1625193430441 23 149349
1625193442580 23 149399
1625193454781 23 149449
1625193466892 23 149499
1625193479113 23 149549
1625193491259 23 149599
1625193503423 23 149649
1625193515547 23 149699
1625193527659 23 149749
1625193539627 23 149799
1625193551649 23 149849
1625193563934 23 149899
1625193576119 23 149949
1625193590282 23 149999
1625193591359 23 149999
1625193798120 23 149999
1625193820723 24 150049
1625193832590 24 150099
1625193844405 24 150149
1625193856120 24 150199
1625193867916 24 150249
1625193879695 24 150299
1625193891451 24 150349
1625193903111 24 150399
1625193914851 24 150449
1625193926602 24 150499
1625193938317 24 150549
1625193950116 24 150599
1625193961884 24 150649
1625193973605 24 150699
1625193985343 24 150749
1625193997091 24 150799
1625194008840 24 150849
1625194020763 24 150899
1625194032615 24 150949
1625194044347 24 150999
1625194056065 24 151049
1625194067886 24 151099
1625194079751 24 151149
1625194091524 24 151199
1625194103389 24 151249
1625194115184 24 151299
1625194126925 24 151349
1625194138853 24 151399
1625194150859 24 151449
1625194162937 24 151499
1625194174973 24 151549
1625194186984 24 151599
1625194199168 24 151649
1625194211358 24 151699
1625194223316 24 151749
1625194235474 24 151799
1625194247530 24 151849
1625194259610 24 151899
1625194271736 24 151949
1625194283851 24 151999
1625194296023 24 152049
1625194308212 24 152099
1625194320383 24 152149
1625194332422 24 152199
1625194344634 24 152249
1625194356780 24 152299
1625194368747 24 152349
1625194380898 24 152399
1625194393107 24 152449
1625194405362 24 152499
1625194417598 24 152549
1625194429535 24 152599
1625194441795 24 152649
1625194453901 24 152699
1625194466077 24 152749
1625194478315 24 152799
1625194490376 24 152849
1625194502519 24 152899
1625194514678 24 152949
1625194526800 24 152999
1625194539115 24 153049
1625194551295 24 153099
1625194563428 24 153149
1625194575573 24 153199
1625194587721 24 153249
1625194599859 24 153299
1625194611996 24 153349
1625194624137 24 153399
1625194636281 24 153449
1625194648337 24 153499
1625194660293 24 153549
1625194672417 24 153599
1625194684444 24 153649
1625194696597 24 153699
1625194708795 24 153749
1625194720861 24 153799
1625194732903 24 153849
1625194745129 24 153899
1625194757390 24 153949
1625194769679 24 153999
1625194781821 24 154049
1625194794000 24 154099
1625194806285 24 154149
1625194818459 24 154199
1625194830654 24 154249
1625194842724 24 154299
1625194854972 24 154349
1625194867116 24 154399
1625194879275 24 154449
1625194891513 24 154499
1625194903543 24 154549
1625194915892 24 154599
1625194928080 24 154649
1625194940253 24 154699
1625194952200 24 154749
1625194964391 24 154799
1625194976618 24 154849
1625194988727 24 154899
1625195000875 24 154949
1625195012981 24 154999
1625195025135 24 155049
1625195037369 24 155099
1625195049488 24 155149
1625195061742 24 155199
1625195073941 24 155249
1625195086116 24 155299
1625195098148 24 155349
1625195110215 24 155399
1625195122266 24 155449
1625195134321 24 155499
1625195146473 24 155549
1625195158720 24 155599
1625195170746 24 155649
1625195182800 24 155699
1625195194755 24 155749
1625195206870 24 155799
1625195218953 24 155849
1625195230961 24 155899
1625195243011 24 155949
1625195254976 24 155999
1625195267016 24 156049
1625195279071 24 156099
1625195291118 24 156149
1625195303417 24 156199
1625195317602 24 156249
1625195319226 24 156249
1625195516663 24 156249
1625195539243 25 156299
1625195551038 25 156349
1625195562863 25 156399
1625195574748 25 156449
1625195586570 25 156499
1625195598235 25 156549
1625195609925 25 156599
1625195621750 25 156649
1625195633410 25 156699
1625195645154 25 156749
1625195656903 25 156799
1625195668641 25 156849
1625195680382 25 156899
1625195692095 25 156949
1625195703843 25 156999
1625195715701 25 157049
1625195727511 25 157099
1625195739384 25 157149
1625195751151 25 157199
1625195762913 25 157249
1625195774701 25 157299
1625195786565 25 157349
1625195798358 25 157399
1625195810258 25 157449
1625195822067 25 157499
1625195833795 25 157549
1625195845767 25 157599
1625195857607 25 157649
1625195869616 25 157699
1625195881612 25 157749
1625195893544 25 157799
1625195905758 25 157849
1625195917906 25 157899
1625195930011 25 157949
1625195942051 25 157999
1625195954144 25 158049
1625195966245 25 158099
1625195978515 25 158149
1625195990589 25 158199
1625196002751 25 158249
1625196015024 25 158299
1625196027158 25 158349
1625196039307 25 158399
1625196051491 25 158449
1625196063422 25 158499
1625196075584 25 158549
1625196087702 25 158599
1625196099852 25 158649
1625196111955 25 158699
1625196124064 25 158749
1625196136123 25 158799
1625196148036 25 158849
1625196160302 25 158899
1625196172397 25 158949
1625196184539 25 158999
1625196196766 25 159049
1625196209102 25 159099
1625196221060 25 159149
1625196233266 25 159199
1625196245388 25 159249
1625196257575 25 159299
1625196269655 25 159349
1625196281793 25 159399
1625196294052 25 159449
1625196306213 25 159499
1625196318213 25 159549
1625196330354 25 159599
1625196342395 25 159649
1625196354421 25 159699
1625196366610 25 159749
1625196378932 25 159799
1625196391074 25 159849
1625196403152 25 159899
1625196415415 25 159949
1625196427671 25 159999
1625196439923 25 160049
1625196452067 25 160099
1625196464193 25 160149
1625196476366 25 160199
1625196488508 25 160249
1625196500669 25 160299
1625196512874 25 160349
1625196524906 25 160399
1625196537198 25 160449
1625196549197 25 160499
1625196561297 25 160549
1625196573387 25 160599
1625196585643 25 160649
1625196597795 25 160699
1625196610003 25 160749
1625196622366 25 160799
1625196634550 25 160849
1625196646720 25 160899
1625196659026 25 160949
1625196671220 25 160999
1625196683404 25 161049
1625196695758 25 161099
1625196707763 25 161149
1625196719934 25 161199
1625196732194 25 161249
1625196744148 25 161299
1625196756338 25 161349
1625196768450 25 161399
1625196780616 25 161449
1625196792647 25 161499
1625196804587 25 161549
1625196816662 25 161599
1625196828670 25 161649
1625196840845 25 161699
1625196852864 25 161749
1625196864966 25 161799
1625196876932 25 161849
1625196888779 25 161899
1625196900857 25 161949
1625196912984 25 161999
1625196924963 25 162049
1625196937001 25 162099
1625196948885 25 162149
1625196961033 25 162199
1625196973091 25 162249
1625196985034 25 162299
1625196997123 25 162349
1625197009160 25 162399
1625197021402 25 162449
1625197035548 25 162499
1625197036731 25 162499
1625197235189 25 162499
1625197257152 26 162549
1625197269016 26 162599
1625197280864 26 162649
1625197292681 26 162699
1625197304419 26 162749
1625197316324 26 162799
1625197328067 26 162849
1625197339733 26 162899
1625197351554 26 162949
1625197363303 26 162999
1625197375037 26 163049
1625197386729 26 163099
1625197398561 26 163149
1625197410231 26 163199
1625197422069 26 163249
1625197433800 26 163299
1625197445485 26 163349
1625197457230 26 163399
1625197469082 26 163449
1625197480889 26 163499
1625197492661 26 163549
1625197504440 26 163599
1625197516132 26 163649
1625197528088 26 163699
1625197539913 26 163749
1625197551818 26 163799
1625197563779 26 163849
1625197575792 26 163899
1625197587870 26 163949
1625197600056 26 163999
1625197612234 26 164049
1625197624266 26 164099
1625197636278 26 164149
1625197648480 26 164199
1625197660696 26 164249
1625197672926 26 164299
1625197685025 26 164349
1625197697120 26 164399
1625197709171 26 164449
1625197721190 26 164499
1625197733188 26 164549
1625197745368 26 164599
1625197757483 26 164649
1625197769432 26 164699
1625197781451 26 164749
1625197793637 26 164799
1625197805681 26 164849
1625197817783 26 164899
1625197829867 26 164949
1625197841928 26 164999
1625197854006 26 165049
1625197866306 26 165099
1625197878466 26 165149
1625197890581 26 165199
1625197902575 26 165249
1625197914655 26 165299
1625197926746 26 165349
1625197938741 26 165399
1625197950884 26 165449
1625197963091 26 165499
1625197975261 26 165549
1625197987442 26 165599
1625197999554 26 165649
1625198011562 26 165699
1625198023518 26 165749
1625198035791 26 165799
1625198047982 26 165849
1625198060077 26 165899
1625198072199 26 165949
1625198084456 26 165999
1625198096678 26 166049
1625198108785 26 166099
1625198121058 26 166149
1625198133238 26 166199
1625198145238 26 166249
1625198157303 26 166299
1625198169570 26 166349
1625198181641 26 166399
1625198193805 26 166449
1625198205877 26 166499
1625198217986 26 166549
1625198230207 26 166599
1625198242204 26 166649
1625198254416 26 166699
1625198266521 26 166749
1625198278539 26 166799
1625198290595 26 166849
1625198303891 26 166899
1625198315625 26 166949
1625198327863 26 166999
1625198339860 26 167049
1625198351884 26 167099
1625198363875 26 167149
1625198375928 26 167199
1625198387904 26 167249
1625198399940 26 167299
1625198411935 26 167349
1625198423919 26 167399
1625198436014 26 167449
1625198447882 26 167499
1625198459952 26 167549
1625198471948 26 167599
1625198483867 26 167649
1625198495966 26 167699
1625198507913 26 167749
1625198520153 26 167799
1625198532393 26 167849
1625198544343 26 167899
1625198556545 26 167949
1625198568582 26 167999
1625198580667 26 168049
1625198592615 26 168099
1625198604628 26 168149
1625198616606 26 168199
1625198628595 26 168249
1625198640596 26 168299
1625198652588 26 168349
1625198664635 26 168399
1625198676733 26 168449
1625198688702 26 168499
1625198700649 26 168549
1625198712550 26 168599
1625198724603 26 168649
1625198736773 26 168699
1625198750897 26 168749
1625198751995 26 168749
1625198929560 26 168749
1625198952071 27 168799
1625198963866 27 168849
1625198975749 27 168899
1625198987556 27 168949
1625198999338 27 168999
1625199011089 27 169049
1625199022791 27 169099
1625199034601 27 169149
1625199046316 27 169199
1625199057991 27 169249
1625199069578 27 169299
1625199081325 27 169349
1625199093010 27 169399
1625199104674 27 169449
1625199116415 27 169499
1625199128143 27 169549
1625199140144 27 169599
1625199152094 27 169649
1625199163831 27 169699
1625199175629 27 169749
1625199187331 27 169799
1625199199323 27 169849
1625199211119 27 169899
1625199222880 27 169949
1625199234608 27 169999
1625199246317 27 170049
1625199258177 27 170099
1625199270103 27 170149
1625199282255 27 170199
1625199294181 27 170249
1625199306301 27 170299
1625199318303 27 170349
1625199330275 27 170399
1625199342181 27 170449
1625199354282 27 170499
1625199366224 27 170549
1625199378384 27 170599
1625199390462 27 170649
1625199402444 27 170699
1625199414378 27 170749
1625199426329 27 170799
1625199438273 27 170849
1625199450323 27 170899
1625199462293 27 170949
1625199474406 27 170999
1625199486455 27 171049
1625199498532 27 171099
1625199510560 27 171149
1625199522598 27 171199
1625199534494 27 171249
1625199546482 27 171299
1625199558663 27 171349
1625199570862 27 171399
1625199582972 27 171449
1625199595008 27 171499
1625199607163 27 171549
1625199619194 27 171599
1625199631370 27 171649
1625199643695 27 171699
1625199655901 27 171749
1625199668131 27 171799
1625199680177 27 171849
1625199692446 27 171899
1625199704647 27 171949
1625199716774 27 171999
1625199728951 27 172049
1625199741104 27 172099
1625199753276 27 172149
1625199765571 27 172199
1625199777692 27 172249
1625199789798 27 172299
1625199801843 27 172349
1625199813934 27 172399
1625199826079 27 172449
1625199838128 27 172499
1625199850216 27 172549
1625199862408 27 172599
1625199874596 27 172649
1625199886790 27 172699
1625199898887 27 172749
1625199911058 27 172799
1625199923005 27 172849
1625199935098 27 172899
1625199947094 27 172949
1625199959135 27 172999
1625199971067 27 173049
1625199983037 27 173099
1625199995039 27 173149
1625200007029 27 173199
1625200019152 27 173249
1625200031198 27 173299
1625200043296 27 173349
1625200055286 27 173399
1625200067325 27 173449
1625200079424 27 173499
1625200091409 27 173549
1625200103276 27 173599
1625200115273 27 173649
1625200127274 27 173699
1625200139146 27 173749
1625200151155 27 173799
1625200163160 27 173849
1625200175191 27 173899
1625200187132 27 173949
1625200199126 27 173999
1625200211125 27 174049
1625200223072 27 174099
1625200235013 27 174149
1625200247080 27 174199
1625200259009 27 174249
1625200270902 27 174299
1625200282921 27 174349
1625200294803 27 174399
1625200309097 27 174449
1625200321120 27 174499
1625200333148 27 174549
1625200345098 27 174599
1625200357065 27 174649
1625200369060 27 174699
1625200381133 27 174749
1625200393025 27 174799
1625200405046 27 174849
1625200417063 27 174899
1625200429224 27 174949
1625200443476 27 174999
1625200444560 27 174999
1625200623833 27 174999
1625200645352 28 175049
1625200657245 28 175099
1625200669042 28 175149
1625200680850 28 175199
1625200692578 28 175249
1625200704286 28 175299
1625200716025 28 175349
1625200727777 28 175399
1625200739454 28 175449
1625200751206 28 175499
1625200762968 28 175549
1625200774740 28 175599
1625200786519 28 175649
1625200798331 28 175699
1625200810129 28 175749
1625200821887 28 175799
1625200833830 28 175849
1625200845660 28 175899
1625200857439 28 175949
1625200869275 28 175999
1625200881082 28 176049
1625200892869 28 176099
1625200904628 28 176149
1625200916420 28 176199
1625200928133 28 176249
1625200939811 28 176299
1625200951612 28 176349
1625200963526 28 176399
1625200975472 28 176449
1625200987433 28 176499
1625200999374 28 176549
1625201011324 28 176599
1625201023362 28 176649
1625201035298 28 176699
1625201047317 28 176749
1625201059281 28 176799
1625201071140 28 176849
1625201083140 28 176899
1625201095147 28 176949
1625201107483 28 176999
1625201119740 28 177049
1625201131704 28 177099
1625201143778 28 177149
1625201155988 28 177199
1625201167970 28 177249
1625201179981 28 177299
1625201192030 28 177349
1625201203995 28 177399
1625201215996 28 177449
1625201228042 28 177499
1625201240383 28 177549
1625201252525 28 177599
1625201264616 28 177649
1625201276725 28 177699
1625201288882 28 177749
1625201301121 28 177799
1625201313271 28 177849
1625201325423 28 177899
1625201337628 28 177949
1625201349725 28 177999
1625201362014 28 178049
1625201374101 28 178099
1625201386421 28 178149
1625201398644 28 178199
1625201410870 28 178249
1625201423008 28 178299
1625201435378 28 178349
1625201447554 28 178399
1625201459756 28 178449
1625201471808 28 178499
1625201483891 28 178549
1625201496111 28 178599
1625201508147 28 178649
1625201520352 28 178699
1625201532353 28 178749
1625201544390 28 178799
1625201556391 28 178849
1625201568289 28 178899
1625201580212 28 178949
1625201592191 28 178999
1625201604194 28 179049
1625201616119 28 179099
1625201628095 28 179149
1625201640105 28 179199
1625201652025 28 179249
1625201663826 28 179299
1625201675814 28 179349
1625201687694 28 179399
1625201699639 28 179449
1625201711569 28 179499
1625201723550 28 179549
1625201735466 28 179599
1625201747405 28 179649
1625201759333 28 179699
1625201771338 28 179749
1625201783270 28 179799
1625201795333 28 179849
1625201807303 28 179899
1625201819319 28 179949
1625201831214 28 179999
1625201843176 28 180049
1625201855220 28 180099
1625201867151 28 180149
1625201878987 28 180199
1625201891093 28 180249
1625201902993 28 180299
1625201914987 28 180349
1625201926854 28 180399
1625201938714 28 180449
1625201950659 28 180499
1625201962592 28 180549
1625201974659 28 180599
1625201986656 28 180649
1625201998574 28 180699
1625202010407 28 180749
1625202022217 28 180799
1625202034203 28 180849
1625202046022 28 180899
1625202058035 28 180949
1625202070056 28 180999
1625202082036 28 181049
1625202094010 28 181099
1625202105818 28 181149
1625202118102 28 181199
1625202132330 28 181249
1625202133403 28 181249
1625202306862 28 181249
1625202328238 29 181299
1625202339999 29 181349
1625202351744 29 181399
1625202363579 29 181449
1625202375356 29 181499
1625202387079 29 181549
1625202398867 29 181599
1625202410627 29 181649
1625202422369 29 181699
1625202434142 29 181749
1625202445957 29 181799
1625202457619 29 181849
1625202469405 29 181899
1625202481210 29 181949
1625202492981 29 181999
1625202504574 29 182049
1625202516320 29 182099
1625202527960 29 182149
1625202539531 29 182199
1625202551153 29 182249
1625202562762 29 182299
1625202574414 29 182349
1625202586123 29 182399
1625202597790 29 182449
1625202609417 29 182499
1625202621076 29 182549
1625202632759 29 182599
1625202644592 29 182649
1625202656603 29 182699
1625202668533 29 182749
1625202680424 29 182799
1625202692400 29 182849
1625202704501 29 182899
1625202716466 29 182949
1625202728337 29 182999
1625202740369 29 183049
1625202752329 29 183099
1625202764385 29 183149
1625202776399 29 183199
1625202788258 29 183249
1625202800172 29 183299
1625202812209 29 183349
1625202824126 29 183399
1625202836122 29 183449
1625202848046 29 183499
1625202860006 29 183549
1625202871920 29 183599
1625202883828 29 183649
1625202895819 29 183699
1625202907709 29 183749
1625202919661 29 183799
1625202931564 29 183849
1625202943344 29 183899
1625202955395 29 183949
1625202967343 29 183999
1625202979397 29 184049
1625202991653 29 184099
1625203003781 29 184149
1625203015887 29 184199
1625203027962 29 184249
1625203040057 29 184299
1625203052174 29 184349
1625203064239 29 184399
1625203076469 29 184449
1625203088519 29 184499
1625203100589 29 184549
1625203112638 29 184599
1625203124495 29 184649
1625203136394 29 184699
1625203148376 29 184749
1625203160223 29 184799
1625203172231 29 184849
1625203184122 29 184899
1625203196016 29 184949
1625203207953 29 184999
1625203219787 29 185049
1625203231683 29 185099
1625203243656 29 185149
1625203255664 29 185199
1625203267518 29 185249
1625203279510 29 185299
1625203291566 29 185349
1625203303383 29 185399
1625203315418 29 185449
1625203327469 29 185499
1625203339337 29 185549
1625203351283 29 185599
1625203363194 29 185649
1625203375109 29 185699
1625203386981 29 185749
1625203398932 29 185799
1625203410970 29 185849
1625203422799 29 185899
1625203434775 29 185949
1625203446778 29 185999
1625203458684 29 186049
1625203470611 29 186099
1625203482494 29 186149
1625203494576 29 186199
1625203506451 29 186249
1625203518339 29 186299
1625203530335 29 186349
1625203542247 29 186399
1625203554276 29 186449
1625203566224 29 186499
1625203578052 29 186549
1625203590023 29 186599
1625203601884 29 186649
1625203613844 29 186699
1625203625712 29 186749
1625203637568 29 186799
1625203649428 29 186849
1625203661354 29 186899
1625203673274 29 186949
1625203685152 29 186999
1625203697146 29 187049
1625203709108 29 187099
1625203720928 29 187149
1625203732889 29 187199
1625203744841 29 187249
1625203756887 29 187299
1625203768882 29 187349
1625203780808 29 187399
1625203792990 29 187449
1625203807162 29 187499
1625203808757 29 187499
1625203976731 29 187499
