1625152643994 0.001 0
1625154355158 0.0009972609476841367 6250
1625156051748 0.0009890738003669028 12500
1625157760624 0.0009755282581475768 18750
1625159470181 0.0009567727288213003 25000
1625161166610 0.0009330127018922195 31250
1625162861605 0.0009045084971874739 37500
1625164555846 0.0008715724127386972 43750
1625166251979 0.0008345653031794292 50000
1625167945877 0.0007938926261462366 56250
1625169640042 0.00075 62500
1625171353254 0.0007033683215379003 68750
1625173073640 0.0006545084971874739 75000
1625174809963 0.0006039558454088797 81250
1625176516513 0.0005522642316338269 87500
1625178240561 0.0005000000000000002 93750
1625179953969 0.0004477357683661734 100000
1625181670405 0.00039604415459112036 106250
1625183393203 0.0003454915028125264 112500
1625185130935 0.00029663167846210003 118750
1625186861251 0.00025000000000000017 125000
1625188592770 0.00020610737385376354 131250
1625190331945 0.00016543469682057108 137500
1625192071321 0.00012842758726130303 143750
1625193798146 9.549150281252637e-05 150000
1625195516670 6.698729810778068e-05 156250
1625197235196 4.322727117869953e-05 162500
1625198929576 2.447174185242324e-05 168750
1625200623853 1.092619963309716e-05 175000
1625202306874 2.7390523158633003e-06 181250
