1625154354962 16.911865234375 0
1625156051704 16.339616775512695 1
1625157760208 15.140583992004395 2
1625159469796 15.291593551635742 3
1625161166334 14.72220230102539 4
1625162861535 14.996557235717773 5
1625164555756 14.563661575317383 6
1625166251870 14.951693534851074 7
1625167945820 14.249391555786133 8
1625169639725 15.064517974853516 9
1625171352796 14.478553771972656 10
1625173073300 14.084615707397461 11
1625174809539 14.093694686889648 12
1625176516432 13.91498851776123 13
1625178240213 14.592985153198242 14
1625179953861 13.820850372314453 15
1625181670305 14.041889190673828 16
1625183393113 13.729135513305664 17
1625185130826 14.130529403686523 18
1625186860933 13.99937629699707 19
1625188592667 13.628986358642578 20
1625190331871 14.064590454101562 21
1625192071214 13.771284103393555 22
1625193798025 13.613523483276367 23
1625195516318 13.488626480102539 24
1625197235077 13.308857917785645 25
1625198929499 13.663665771484375 26
1625200623719 13.654705047607422 27
1625202306751 13.471323013305664 28
1625203976464 13.459104537963867 29
