1625154150743 19.692710876464844 6249
1625154354962 19.692710876464844 0
1625155866758 16.528594970703125 12499
1625156051704 16.528594970703125 1
1625157565877 15.799534797668457 18749
1625157760208 15.799534797668457 2
1625159277823 15.4616060256958 24999
1625159469796 15.4616060256958 3
1625160985322 15.185911178588867 31249
1625161166334 15.185911178588867 4
1625162679256 14.99589729309082 37499
1625162861535 14.99589729309082 5
1625164373769 14.837445259094238 43749
1625164555756 14.837445259094238 6
1625166070441 14.698710441589355 49999
1625166251870 14.698710441589355 7
1625167764655 14.541720390319824 56249
1625167945820 14.541720390319824 8
1625169460108 14.438084602355957 62499
1625169639725 14.438084602355957 9
1625171160189 14.35043716430664 68749
1625171352796 14.35043716430664 10
1625172879972 14.277710914611816 74999
1625173073300 14.277710914611816 11
1625174601720 14.208269119262695 81249
1625174809539 14.208269119262695 12
1625176319601 14.14063835144043 87499
1625176516432 14.14063835144043 13
1625178029951 14.074189186096191 93749
1625178240213 14.074189186096191 14
1625179755836 14.02421760559082 99999
1625179953861 14.02421760559082 15
1625181470257 13.97093391418457 106249
1625181670305 13.97093391418457 16
1625183185867 13.919010162353516 112499
1625183393113 13.919010162353516 17
1625184909759 13.866744041442871 118749
1625185130826 13.866744041442871 18
1625186647291 13.82241153717041 124999
1625186860933 13.82241153717041 19
1625188378198 13.774950981140137 131249
1625188592667 13.774950981140137 20
1625190111894 13.733661651611328 137499
1625190331871 13.733661651611328 21
1625191851136 13.699063301086426 143749
1625192071214 13.699063301086426 22
1625193591359 13.663156509399414 149999
1625193798025 13.663156509399414 23
1625195319226 13.634079933166504 156249
1625195516318 13.634079933166504 24
1625197036731 13.605132102966309 162499
1625197235077 13.605132102966309 25
1625198751995 13.587916374206543 168749
1625198929499 13.587916374206543 26
1625200444560 13.56591796875 174999
1625200623719 13.56591796875 27
1625202133403 13.55654525756836 181249
1625202306751 13.55654525756836 28
1625203808757 13.550281524658203 187499
1625203976464 13.550281524658203 29
