1627303281523 0 49
1627303309405 0 99
1627303337242 0 149
1627303365049 0 199
1627303392898 0 249
1627303420782 0 299
1627303448717 0 349
1627303476684 0 399
1627303504460 0 449
1627303532409 0 499
1627303560791 0 549
1627303588737 0 599
1627303617163 0 649
1627303645368 0 699
1627303673440 0 749
1627303701479 0 799
1627303729538 0 849
1627303757483 0 899
1627303785517 0 949
1627303813648 0 999
1627303841582 0 1049
1627303869452 0 1099
1627303897453 0 1149
1627303925457 0 1199
1627303953433 0 1249
1627303981633 0 1299
1627304009592 0 1349
1627304037485 0 1399
1627304065532 0 1449
1627304093424 0 1499
1627304121421 0 1549
1627304149455 0 1599
1627304177275 0 1649
1627304205414 0 1699
1627304233426 0 1749
1627304261354 0 1799
1627304289288 0 1849
1627304317221 0 1899
1627304345172 0 1949
1627304373175 0 1999
1627304401185 0 2049
1627304429141 0 2099
1627304457035 0 2149
1627304485158 0 2199
1627304513382 0 2249
1627304541189 0 2299
1627304569066 0 2349
1627304596964 0 2399
1627304625093 0 2449
1627304652998 0 2499
1627304680867 0 2549
1627304708824 0 2599
1627304736835 0 2649
1627304764802 0 2699
1627304792698 0 2749
1627304820612 0 2799
1627304848540 0 2849
1627304876470 0 2899
1627304904451 0 2949
1627304932512 0 2999
1627304960387 0 3049
1627304988760 0 3099
1627305005302 0 3124
1627305260138 0 3124
1627305281766 1 3149
1627305309550 1 3199
1627305337381 1 3249
1627305365304 1 3299
1627305393157 1 3349
1627305420960 1 3399
1627305448708 1 3449
1627305476529 1 3499
1627305504326 1 3549
1627305532279 1 3599
1627305560069 1 3649
1627305587880 1 3699
1627305615704 1 3749
1627305643672 1 3799
1627305671489 1 3849
1627305699809 1 3899
1627305728029 1 3949
1627305755942 1 3999
1627305783983 1 4049
1627305811986 1 4099
1627305839875 1 4149
1627305867980 1 4199
1627305895959 1 4249
1627305924076 1 4299
1627305952221 1 4349
1627305980612 1 4399
1627306008608 1 4449
1627306036553 1 4499
1627306064568 1 4549
1627306092748 1 4599
1627306120768 1 4649
1627306148879 1 4699
1627306176918 1 4749
1627306204869 1 4799
1627306232971 1 4849
1627306261032 1 4899
1627306289093 1 4949
1627306317249 1 4999
1627306345209 1 5049
1627306373267 1 5099
1627306401181 1 5149
1627306429098 1 5199
1627306457232 1 5249
1627306485364 1 5299
1627306513529 1 5349
1627306541603 1 5399
1627306569503 1 5449
1627306597462 1 5499
1627306625511 1 5549
1627306653495 1 5599
1627306681657 1 5649
1627306709741 1 5699
1627306737973 1 5749
1627306765973 1 5799
1627306793799 1 5849
1627306821804 1 5899
1627306849834 1 5949
1627306877790 1 5999
1627306905744 1 6049
1627306933610 1 6099
1627306961492 1 6149
1627306989359 1 6199
1627307019738 1 6249
1627307020414 1 6249
1627307272875 1 6249
1627307308542 2 6299
1627307336356 2 6349
1627307364205 2 6399
1627307392071 2 6449
1627307419872 2 6499
1627307447833 2 6549
1627307475614 2 6599
1627307503451 2 6649
1627307531295 2 6699
1627307559112 2 6749
1627307586942 2 6799
1627307614835 2 6849
1627307642728 2 6899
1627307670662 2 6949
1627307698716 2 6999
1627307726842 2 7049
1627307754913 2 7099
1627307782977 2 7149
1627307811003 2 7199
1627307839103 2 7249
1627307867332 2 7299
1627307895183 2 7349
1627307923240 2 7399
1627307951153 2 7449
1627307979132 2 7499
1627308007213 2 7549
1627308035178 2 7599
1627308063338 2 7649
1627308091406 2 7699
1627308119396 2 7749
1627308147527 2 7799
1627308175508 2 7849
1627308203377 2 7899
1627308231508 2 7949
1627308259577 2 7999
1627308287496 2 8049
1627308315609 2 8099
1627308343553 2 8149
1627308371484 2 8199
1627308399540 2 8249
1627308427591 2 8299
1627308455571 2 8349
1627308483707 2 8399
1627308511688 2 8449
1627308539631 2 8499
1627308567521 2 8549
1627308595601 2 8599
1627308623634 2 8649
1627308651655 2 8699
1627308679716 2 8749
1627308707690 2 8799
1627308735741 2 8849
1627308763927 2 8899
1627308792013 2 8949
1627308819962 2 8999
1627308847851 2 9049
1627308875821 2 9099
1627308903686 2 9149
1627308931789 2 9199
1627308959890 2 9249
1627308988038 2 9299
1627309016403 2 9349
1627309033376 2 9374
1627309283798 2 9374
1627309306186 3 9399
1627309334125 3 9449
1627309361985 3 9499
1627309389906 3 9549
1627309417844 3 9599
1627309445815 3 9649
1627309473742 3 9699
1627309501610 3 9749
1627309529606 3 9799
1627309557491 3 9849
1627309585294 3 9899
1627309613223 3 9949
1627309641162 3 9999
1627309669059 3 10049
1627309696939 3 10099
1627309725060 3 10149
1627309752991 3 10199
1627309781001 3 10249
1627309808947 3 10299
1627309837014 3 10349
1627309865087 3 10399
1627309893028 3 10449
1627309920989 3 10499
1627309949026 3 10549
1627309977017 3 10599
1627310005078 3 10649
1627310033094 3 10699
1627310061096 3 10749
1627310089060 3 10799
1627310116935 3 10849
1627310145055 3 10899
1627310173045 3 10949
1627310201096 3 10999
1627310229054 3 11049
1627310257030 3 11099
1627310285034 3 11149
1627310313108 3 11199
1627310341248 3 11249
1627310369148 3 11299
1627310397221 3 11349
1627310425159 3 11399
1627310453068 3 11449
1627310481058 3 11499
1627310508846 3 11549
1627310537003 3 11599
1627310565164 3 11649
1627310593249 3 11699
1627310621443 3 11749
1627310649397 3 11799
1627310677518 3 11849
1627310705568 3 11899
1627310733541 3 11949
1627310761432 3 11999
1627310789540 3 12049
1627310817508 3 12099
1627310845418 3 12149
1627310873390 3 12199
1627310901341 3 12249
1627310929367 3 12299
1627310957445 3 12349
1627310985487 3 12399
1627311013631 3 12449
1627311044230 3 12499
1627311044989 3 12499
1627311297486 3 12499
1627311334001 4 12549
1627311361757 4 12599
1627311389599 4 12649
1627311417367 4 12699
1627311445362 4 12749
1627311473293 4 12799
1627311501203 4 12849
1627311529127 4 12899
1627311557030 4 12949
1627311584932 4 12999
1627311612655 4 13049
1627311640499 4 13099
1627311668534 4 13149
1627311696622 4 13199
1627311724727 4 13249
1627311752805 4 13299
1627311780851 4 13349
1627311808997 4 13399
1627311837045 4 13449
1627311865034 4 13499
1627311892986 4 13549
1627311920942 4 13599
1627311948933 4 13649
1627311977108 4 13699
1627312005230 4 13749
1627312033417 4 13799
1627312061438 4 13849
1627312089621 4 13899
1627312117555 4 13949
1627312145589 4 13999
1627312173511 4 14049
1627312201363 4 14099
1627312229424 4 14149
1627312257491 4 14199
1627312286500 4 14249
1627312314441 4 14299
1627312342413 4 14349
1627312370463 4 14399
1627312399921 4 14449
1627312427967 4 14499
1627312455977 4 14549
1627312483888 4 14599
1627312511898 4 14649
1627312539988 4 14699
1627312567947 4 14749
1627312596002 4 14799
1627312623896 4 14849
1627312651901 4 14899
1627312680010 4 14949
1627312708005 4 14999
1627312735956 4 15049
1627312764406 4 15099
1627312792457 4 15149
1627312820520 4 15199
1627312848646 4 15249
1627312876656 4 15299
1627312904749 4 15349
1627312932534 4 15399
1627312960665 4 15449
1627312988524 4 15499
1627313016482 4 15549
1627313044831 4 15599
1627313061765 4 15624
1627313317160 4 15624
1627313339512 5 15649
1627313367434 5 15699
1627313395292 5 15749
1627313423267 5 15799
1627313451146 5 15849
1627313480747 5 15899
1627313508679 5 15949
1627313536579 5 15999
1627313564512 5 16049
1627313592461 5 16099
1627313620358 5 16149
1627313648240 5 16199
1627313676210 5 16249
1627313704083 5 16299
1627313732108 5 16349
1627313760048 5 16399
1627313788045 5 16449
1627313816095 5 16499
1627313844229 5 16549
1627313872162 5 16599
1627313900372 5 16649
1627313928312 5 16699
1627313956382 5 16749
1627313984411 5 16799
1627314012490 5 16849
1627314040441 5 16899
1627314068502 5 16949
1627314096626 5 16999
1627314124634 5 17049
1627314152701 5 17099
1627314180761 5 17149
1627314209004 5 17199
1627314237194 5 17249
1627314265550 5 17299
1627314293721 5 17349
1627314321996 5 17399
1627314350202 5 17449
1627314378439 5 17499
1627314406633 5 17549
1627314434888 5 17599
1627314463172 5 17649
1627314491375 5 17699
1627314519547 5 17749
1627314547506 5 17799
1627314575489 5 17849
1627314603554 5 17899
1627314631803 5 17949
1627314660017 5 17999
1627314688161 5 18049
1627314716395 5 18099
1627314744325 5 18149
1627314772564 5 18199
1627314800417 5 18249
1627314828775 5 18299
1627314857001 5 18349
1627314885262 5 18399
1627314913574 5 18449
1627314941843 5 18499
1627314970046 5 18549
1627314998132 5 18599
1627315026129 5 18649
1627315054473 5 18699
1627315084951 5 18749
1627315085381 5 18749
1627315333643 5 18749
1627315369341 6 18799
1627315397316 6 18849
1627315425280 6 18899
1627315453067 6 18949
1627315480858 6 18999
1627315508934 6 19049
1627315536852 6 19099
1627315564841 6 19149
1627315592725 6 19199
1627315620651 6 19249
1627315648561 6 19299
1627315676528 6 19349
1627315704546 6 19399
1627315732560 6 19449
1627315760894 6 19499
1627315789034 6 19549
1627315817134 6 19599
1627315845434 6 19649
1627315873540 6 19699
1627315901885 6 19749
1627315930038 6 19799
1627315958546 6 19849
1627315986813 6 19899
1627316014952 6 19949
1627316043191 6 19999
1627316071283 6 20049
1627316099512 6 20099
1627316127776 6 20149
1627316155949 6 20199
1627316184312 6 20249
1627316212432 6 20299
1627316240727 6 20349
1627316268994 6 20399
1627316297218 6 20449
1627316325209 6 20499
1627316353502 6 20549
1627316381527 6 20599
1627316409507 6 20649
1627316437890 6 20699
1627316465965 6 20749
1627316494193 6 20799
1627316522443 6 20849
1627316550718 6 20899
1627316578804 6 20949
1627316607021 6 20999
1627316635031 6 21049
1627316663444 6 21099
1627316691662 6 21149
1627316719822 6 21199
1627316747988 6 21249
1627316776301 6 21299
1627316804482 6 21349
1627316832405 6 21399
1627316860659 6 21449
1627316889009 6 21499
1627316917100 6 21549
1627316945363 6 21599
1627316973646 6 21649
1627317001930 6 21699
1627317029904 6 21749
1627317057785 6 21799
1627317086219 6 21849
1627317102963 6 21874
1627317346994 6 21874
1627317368861 7 21899
1627317397141 7 21949
1627317426391 7 21999
1627317454339 7 22049
1627317482234 7 22099
1627317510172 7 22149
1627317537972 7 22199
1627317565939 7 22249
1627317593804 7 22299
1627317621825 7 22349
1627317649728 7 22399
1627317677841 7 22449
1627317705901 7 22499
1627317734019 7 22549
1627317762051 7 22599
1627317790287 7 22649
1627317818539 7 22699
1627317846687 7 22749
1627317875063 7 22799
1627317903364 7 22849
1627317931672 7 22899
1627317960019 7 22949
1627317988339 7 22999
1627318016566 7 23049
1627318044686 7 23099
1627318072879 7 23149
1627318101009 7 23199
1627318129256 7 23249
1627318157361 7 23299
1627318185612 7 23349
1627318213854 7 23399
1627318242261 7 23449
1627318270717 7 23499
1627318298957 7 23549
1627318327244 7 23599
1627318355497 7 23649
1627318383817 7 23699
1627318412220 7 23749
1627318440601 7 23799
1627318468960 7 23849
1627318497108 7 23899
1627318525395 7 23949
1627318553672 7 23999
1627318581933 7 24049
1627318610245 7 24099
1627318638557 7 24149
1627318666635 7 24199
1627318694814 7 24249
1627318723012 7 24299
1627318751344 7 24349
1627318779504 7 24399
1627318807553 7 24449
1627318835674 7 24499
1627318863883 7 24549
1627318892228 7 24599
1627318920370 7 24649
1627318948601 7 24699
1627318976890 7 24749
1627319004739 7 24799
1627319032875 7 24849
1627319060940 7 24899
1627319089216 7 24949
1627319119856 7 24999
1627319120300 7 24999
1627319365479 7 24999
1627319400875 8 25049
1627319428916 8 25099
1627319456887 8 25149
1627319484778 8 25199
1627319512592 8 25249
1627319540482 8 25299
1627319568312 8 25349
1627319596145 8 25399
1627319624021 8 25449
1627319651822 8 25499
1627319679724 8 25549
1627319707565 8 25599
1627319735511 8 25649
1627319763459 8 25699
1627319791570 8 25749
1627319819702 8 25799
1627319847993 8 25849
1627319876234 8 25899
1627319904486 8 25949
1627319932720 8 25999
1627319960920 8 26049
1627319989204 8 26099
1627320017491 8 26149
1627320045710 8 26199
1627320073835 8 26249
1627320102016 8 26299
1627320130172 8 26349
1627320158270 8 26399
1627320186583 8 26449
1627320214717 8 26499
1627320242999 8 26549
1627320271179 8 26599
1627320299499 8 26649
1627320327824 8 26699
1627320356165 8 26749
1627320384582 8 26799
1627320412807 8 26849
1627320440950 8 26899
1627320469242 8 26949
1627320497462 8 26999
1627320525755 8 27049
1627320554076 8 27099
1627320582476 8 27149
1627320610641 8 27199
1627320638898 8 27249
1627320667131 8 27299
1627320695286 8 27349
1627320723478 8 27399
1627320751872 8 27449
1627320780036 8 27499
1627320808376 8 27549
1627320836740 8 27599
1627320864963 8 27649
1627320893158 8 27699
1627320921387 8 27749
1627320949499 8 27799
1627320977726 8 27849
1627321005740 8 27899
1627321033857 8 27949
1627321062084 8 27999
1627321090347 8 28049
1627321118939 8 28099
1627321135727 8 28124
1627321378444 8 28124
1627321400248 9 28149
1627321428191 9 28199
1627321457546 9 28249
1627321485582 9 28299
1627321513637 9 28349
1627321541543 9 28399
1627321570051 9 28449
1627321598064 9 28499
1627321626069 9 28549
1627321653993 9 28599
1627321682124 9 28649
1627321710185 9 28699
1627321738208 9 28749
1627321766393 9 28799
1627321794631 9 28849
1627321822947 9 28899
1627321851243 9 28949
1627321879425 9 28999
1627321907533 9 29049
1627321935699 9 29099
1627321964109 9 29149
1627321992345 9 29199
1627322020760 9 29249
1627322049084 9 29299
1627322077275 9 29349
1627322105599 9 29399
1627322133881 9 29449
1627322162150 9 29499
1627322190404 9 29549
1627322218653 9 29599
1627322247011 9 29649
1627322275282 9 29699
1627322303579 9 29749
1627322331977 9 29799
1627322360218 9 29849
1627322388481 9 29899
1627322416743 9 29949
1627322445220 9 29999
1627322473700 9 30049
1627322501951 9 30099
1627322530357 9 30149
1627322558692 9 30199
1627322587013 9 30249
1627322615339 9 30299
1627322643550 9 30349
1627322671902 9 30399
1627322700107 9 30449
1627322728505 9 30499
1627322757015 9 30549
1627322785369 9 30599
1627322813725 9 30649
1627322841990 9 30699
1627322870364 9 30749
1627322898577 9 30799
1627322926851 9 30849
1627322955067 9 30899
1627322983365 9 30949
1627323011805 9 30999
1627323040070 9 31049
1627323068482 9 31099
1627323096930 9 31149
1627323124989 9 31199
1627323155645 9 31249
1627323156356 9 31249
1627323389352 9 31249
1627323424954 10 31299
1627323453109 10 31349
1627323481053 10 31399
1627323509046 10 31449
1627323537057 10 31499
1627323565024 10 31549
1627323593137 10 31599
1627323621054 10 31649
1627323649168 10 31699
1627323677103 10 31749
1627323705108 10 31799
1627323733145 10 31849
1627323761139 10 31899
1627323789290 10 31949
1627323817432 10 31999
1627323845639 10 32049
1627323873931 10 32099
1627323902065 10 32149
1627323930161 10 32199
1627323958331 10 32249
1627323986745 10 32299
1627324015163 10 32349
1627324043438 10 32399
1627324071610 10 32449
1627324099763 10 32499
1627324128087 10 32549
1627324156384 10 32599
1627324184559 10 32649
1627324212801 10 32699
1627324241041 10 32749
1627324269338 10 32799
1627324297566 10 32849
1627324325653 10 32899
1627324353833 10 32949
1627324382065 10 32999
1627324410460 10 33049
1627324438619 10 33099
1627324467046 10 33149
1627324495485 10 33199
1627324523824 10 33249
1627324552101 10 33299
1627324580207 10 33349
1627324608437 10 33399
1627324636740 10 33449
1627324664981 10 33499
1627324693150 10 33549
1627324721414 10 33599
1627324749960 10 33649
1627324777977 10 33699
1627324806148 10 33749
1627324834501 10 33799
1627324862544 10 33849
1627324890862 10 33899
1627324919123 10 33949
1627324947302 10 33999
1627324975513 10 34049
1627325003912 10 34099
1627325032136 10 34149
1627325060430 10 34199
1627325088627 10 34249
1627325116930 10 34299
1627325145451 10 34349
1627325162308 10 34374
1627325395195 10 34374
1627325416622 11 34399
1627325444660 11 34449
1627325472758 11 34499
1627325500867 11 34549
1627325529013 11 34599
1627325557102 11 34649
1627325585416 11 34699
1627325613516 11 34749
1627325641583 11 34799
1627325669576 11 34849
1627325697674 11 34899
1627325725831 11 34949
1627325753917 11 34999
1627325782101 11 35049
1627325810439 11 35099
1627325838734 11 35149
1627325866897 11 35199
1627325895096 11 35249
1627325923233 11 35299
1627325951398 11 35349
1627325979502 11 35399
1627326007632 11 35449
1627326035614 11 35499
1627326063567 11 35549
1627326091600 11 35599
1627326119711 11 35649
1627326148058 11 35699
1627326176168 11 35749
1627326204465 11 35799
1627326232845 11 35849
1627326261057 11 35899
1627326289329 11 35949
1627326317527 11 35999
1627326345710 11 36049
1627326373851 11 36099
1627326402189 11 36149
1627326430582 11 36199
1627326458786 11 36249
1627326486939 11 36299
1627326515196 11 36349
1627326543576 11 36399
1627326571862 11 36449
1627326600028 11 36499
1627326628319 11 36549
1627326656531 11 36599
1627326685035 11 36649
1627326713293 11 36699
1627326741578 11 36749
1627326769842 11 36799
1627326798246 11 36849
1627326826512 11 36899
1627326854785 11 36949
1627326883146 11 36999
1627326911597 11 37049
1627326939690 11 37099
1627326967933 11 37149
1627326996135 11 37199
1627327024386 11 37249
1627327052710 11 37299
1627327080915 11 37349
1627327109353 11 37399
1627327137546 11 37449
1627327168175 11 37499
1627327168900 11 37499
1627327401685 11 37499
1627327436994 12 37549
1627327465010 12 37599
1627327493054 12 37649
1627327521055 12 37699
1627327549020 12 37749
1627327577076 12 37799
1627327605232 12 37849
1627327633244 12 37899
1627327661345 12 37949
1627327689343 12 37999
1627327717437 12 38049
1627327745389 12 38099
1627327773352 12 38149
1627327801471 12 38199
1627327829663 12 38249
1627327857865 12 38299
1627327886235 12 38349
1627327914341 12 38399
1627327942650 12 38449
1627327970855 12 38499
1627327999265 12 38549
1627328027535 12 38599
1627328055850 12 38649
1627328084229 12 38699
1627328112577 12 38749
1627328140750 12 38799
1627328168881 12 38849
1627328197010 12 38899
1627328225084 12 38949
1627328253285 12 38999
1627328281521 12 39049
1627328309737 12 39099
1627328337950 12 39149
1627328366325 12 39199
1627328394508 12 39249
1627328422955 12 39299
1627328451110 12 39349
1627328479123 12 39399
1627328507409 12 39449
1627328535657 12 39499
1627328564055 12 39549
1627328592468 12 39599
1627328620750 12 39649
1627328648920 12 39699
1627328677166 12 39749
1627328705484 12 39799
1627328733717 12 39849
1627328761999 12 39899
1627328790245 12 39949
1627328818578 12 39999
1627328846939 12 40049
1627328875382 12 40099
1627328903731 12 40149
1627328931918 12 40199
1627328960101 12 40249
1627328988397 12 40299
1627329016651 12 40349
1627329045055 12 40399
1627329073207 12 40449
1627329101468 12 40499
1627329129641 12 40549
1627329158035 12 40599
1627329174902 12 40624
1627329407671 12 40624
1627329428759 13 40649
1627329456869 13 40699
1627329484946 13 40749
1627329512879 13 40799
1627329541003 13 40849
1627329569592 13 40899
1627329597676 13 40949
1627329625661 13 40999
1627329653723 13 41049
1627329681730 13 41099
1627329709758 13 41149
1627329737917 13 41199
1627329765990 13 41249
1627329794069 13 41299
1627329822259 13 41349
1627329850589 13 41399
1627329878848 13 41449
1627329907214 13 41499
1627329935471 13 41549
1627329963656 13 41599
1627329991781 13 41649
1627330019991 13 41699
1627330048238 13 41749
1627330076583 13 41799
1627330104686 13 41849
1627330132777 13 41899
1627330160847 13 41949
1627330189197 13 41999
1627330217480 13 42049
1627330245629 13 42099
1627330273873 13 42149
1627330302091 13 42199
1627330330400 13 42249
1627330358719 13 42299
1627330387006 13 42349
1627330415270 13 42399
1627330443812 13 42449
1627330472092 13 42499
1627330500365 13 42549
1627330529962 13 42599
1627330559825 13 42649
1627330588173 13 42699
1627330616474 13 42749
1627330645221 13 42799
1627330673417 13 42849
1627330701710 13 42899
1627330729962 13 42949
1627330758084 13 42999
1627330786426 13 43049
1627330814738 13 43099
1627330842948 13 43149
1627330871412 13 43199
1627330899719 13 43249
1627330928189 13 43299
1627330956401 13 43349
1627330984811 13 43399
1627331013124 13 43449
1627331041258 13 43499
1627331069411 13 43549
1627331097896 13 43599
1627331126291 13 43649
1627331154456 13 43699
1627331184984 13 43749
1627331185830 13 43749
1627331418177 13 43749
1627331453802 14 43799
1627331481933 14 43849
1627331510020 14 43899
1627331538027 14 43949
1627331566023 14 43999
1627331594161 14 44049
1627331622215 14 44099
1627331650208 14 44149
1627331678286 14 44199
1627331706277 14 44249
1627331734281 14 44299
1627331762314 14 44349
1627331790535 14 44399
1627331818817 14 44449
1627331847113 14 44499
1627331875427 14 44549
1627331903819 14 44599
1627331931803 14 44649
1627331960109 14 44699
1627331988299 14 44749
1627332016610 14 44799
1627332044762 14 44849
1627332073162 14 44899
1627332101442 14 44949
1627332129808 14 44999
1627332158204 14 45049
1627332186579 14 45099
1627332215109 14 45149
1627332243217 14 45199
1627332271351 14 45249
1627332299507 14 45299
1627332327851 14 45349
1627332356140 14 45399
1627332384499 14 45449
1627332412813 14 45499
1627332441111 14 45549
1627332469278 14 45599
1627332497661 14 45649
1627332525897 14 45699
1627332554226 14 45749
1627332582338 14 45799
1627332610620 14 45849
1627332638995 14 45899
1627332667355 14 45949
1627332695604 14 45999
1627332723949 14 46049
1627332752288 14 46099
1627332780461 14 46149
1627332808668 14 46199
1627332837199 14 46249
1627332865402 14 46299
1627332893694 14 46349
1627332921891 14 46399
1627332950196 14 46449
1627332978626 14 46499
1627333006874 14 46549
1627333035041 14 46599
1627333063093 14 46649
1627333091290 14 46699
1627333119334 14 46749
1627333147464 14 46799
1627333175993 14 46849
1627333192937 14 46874
1627333428660 14 46874
