1627303241678 0.001 0
1627305260144 0.0009890738003669028 3125
1627307272880 0.0009567727288213003 6250
1627309283804 0.0009045084971874737 9375
1627311297506 0.0008345653031794292 12500
1627313317166 0.00075 15625
1627315333668 0.0006545084971874737 18750
1627317347005 0.0005522642316338268 21875
1627319365499 0.0004477357683661734 25000
1627321378469 0.0003454915028125264 28125
1627323389365 0.0002500000000000001 31250
1627325395200 0.00016543469682057103 34375
1627327401691 9.549150281252631e-05 37500
1627329407676 4.322727117869951e-05 40625
1627331418202 1.0926199633097156e-05 43750
