1627303281523 28.546062469482422 49
1627303309405 25.829444885253906 99
1627303337242 24.10500144958496 149
1627303365049 23.56500816345215 199
1627303392898 22.588027954101562 249
1627303420782 22.360307693481445 299
1627303448717 22.615434646606445 349
1627303476684 21.912109375 399
1627303504460 21.56134033203125 449
1627303532409 21.34688949584961 499
1627303560791 21.45456886291504 549
1627303588737 21.461091995239258 599
1627303617163 21.592090606689453 649
1627303645368 21.875993728637695 699
1627303673440 21.21980094909668 749
1627303701479 20.579463958740234 799
1627303729538 20.57708740234375 849
1627303757483 20.269428253173828 899
1627303785517 20.750320434570312 949
1627303813648 20.508121490478516 999
1627303841582 20.631175994873047 1049
1627303869452 20.065513610839844 1099
1627303897453 20.1627197265625 1149
1627303925457 20.077754974365234 1199
1627303953433 20.140361785888672 1249
1627303981633 20.775754928588867 1299
1627304009592 19.662569046020508 1349
1627304037485 19.876188278198242 1399
1627304065532 19.435161590576172 1449
1627304093424 19.542236328125 1499
1627304121421 19.409320831298828 1549
1627304149455 19.351097106933594 1599
1627304177275 19.600479125976562 1649
1627304205414 19.59170150756836 1699
1627304233426 20.82632064819336 1749
1627304261354 20.05128288269043 1799
1627304289288 19.317909240722656 1849
1627304317221 19.491008758544922 1899
1627304345172 19.43045997619629 1949
1627304373175 19.575206756591797 1999
1627304401185 19.692378997802734 2049
1627304429141 20.067955017089844 2099
1627304457035 19.208965301513672 2149
1627304485158 19.424339294433594 2199
1627304513382 19.560148239135742 2249
1627304541189 18.97193717956543 2299
1627304569066 19.385147094726562 2349
1627304596964 19.717016220092773 2399
1627304625093 19.0379581451416 2449
1627304652998 19.47635269165039 2499
1627304680867 18.76589584350586 2549
1627304708824 18.956144332885742 2599
1627304736835 19.09441566467285 2649
1627304764802 18.94856071472168 2699
1627304792698 19.310657501220703 2749
1627304820612 18.84774398803711 2799
1627304848540 18.497276306152344 2849
1627304876470 18.517738342285156 2899
1627304904451 19.130992889404297 2949
1627304932512 18.552078247070312 2999
1627304960387 19.089622497558594 3049
1627304988760 18.986984252929688 3099
1627305260107 18.804906845092773 0
1627305281766 18.82222557067871 3149
1627305309550 18.526714324951172 3199
1627305337381 18.6968994140625 3249
1627305365304 18.195768356323242 3299
1627305393157 18.106075286865234 3349
1627305420960 18.757753372192383 3399
1627305448708 18.986053466796875 3449
1627305476529 18.832656860351562 3499
1627305504326 18.256685256958008 3549
1627305532279 18.35772705078125 3599
1627305560069 18.472217559814453 3649
1627305587880 18.203792572021484 3699
1627305615704 18.00052261352539 3749
1627305643672 17.716882705688477 3799
1627305671489 18.633310317993164 3849
1627305699809 18.344192504882812 3899
1627305728029 17.978404998779297 3949
1627305755942 17.98956298828125 3999
1627305783983 17.876989364624023 4049
1627305811986 17.70319366455078 4099
1627305839875 18.466100692749023 4149
1627305867980 18.65443992614746 4199
1627305895959 17.756772994995117 4249
1627305924076 18.225133895874023 4299
1627305952221 17.775304794311523 4349
1627305980612 17.999784469604492 4399
1627306008608 17.702899932861328 4449
1627306036553 17.825889587402344 4499
1627306064568 17.598939895629883 4549
1627306092748 17.76116180419922 4599
1627306120768 18.1180419921875 4649
1627306148879 17.39751434326172 4699
1627306176918 17.897380828857422 4749
1627306204869 17.59354019165039 4799
1627306232971 18.25226593017578 4849
1627306261032 18.28143310546875 4899
1627306289093 17.97200584411621 4949
1627306317249 17.72205352783203 4999
1627306345209 17.98310089111328 5049
1627306373267 18.097835540771484 5099
1627306401181 17.491804122924805 5149
1627306429098 18.075197219848633 5199
1627306457232 18.409912109375 5249
1627306485364 17.605655670166016 5299
1627306513529 17.722620010375977 5349
1627306541603 17.833614349365234 5399
1627306569503 17.5797061920166 5449
1627306597462 17.114444732666016 5499
1627306625511 17.657941818237305 5549
1627306653495 17.898273468017578 5599
1627306681657 17.39687728881836 5649
1627306709741 17.78961181640625 5699
1627306737973 17.790889739990234 5749
1627306765973 17.365882873535156 5799
1627306793799 17.470905303955078 5849
1627306821804 17.278980255126953 5899
1627306849834 17.39194679260254 5949
1627306877790 17.366046905517578 5999
1627306905744 17.64435577392578 6049
1627306933610 17.688678741455078 6099
1627306961492 17.958436965942383 6149
1627306989359 17.007631301879883 6199
1627307019738 17.837635040283203 6249
1627307272819 17.837635040283203 1
1627307308542 17.440692901611328 6299
1627307336356 17.369556427001953 6349
1627307364205 17.072601318359375 6399
1627307392071 17.121009826660156 6449
1627307419872 17.583171844482422 6499
1627307447833 17.173572540283203 6549
1627307475614 17.182472229003906 6599
1627307503451 17.462631225585938 6649
1627307531295 17.562713623046875 6699
1627307559112 17.235164642333984 6749
1627307586942 17.427907943725586 6799
1627307614835 17.170196533203125 6849
1627307642728 17.3254337310791 6899
1627307670662 17.55419921875 6949
1627307698716 17.389694213867188 6999
1627307726842 17.531085968017578 7049
1627307754913 17.26608657836914 7099
1627307782977 17.672365188598633 7149
1627307811003 16.982288360595703 7199
1627307839103 17.48736572265625 7249
1627307867332 17.330284118652344 7299
1627307895183 17.34613800048828 7349
1627307923240 17.302776336669922 7399
1627307951153 17.110214233398438 7449
1627307979132 17.167600631713867 7499
1627308007213 17.030315399169922 7549
1627308035178 16.861896514892578 7599
1627308063338 16.941539764404297 7649
1627308091406 16.978580474853516 7699
1627308119396 17.645864486694336 7749
1627308147527 16.676084518432617 7799
1627308175508 17.861665725708008 7849
1627308203377 17.32489776611328 7899
1627308231508 17.194164276123047 7949
1627308259577 16.87949562072754 7999
1627308287496 17.177440643310547 8049
1627308315609 17.15442657470703 8099
1627308343553 17.080717086791992 8149
1627308371484 17.209243774414062 8199
1627308399540 17.070995330810547 8249
1627308427591 17.829444885253906 8299
1627308455571 16.824527740478516 8349
1627308483707 17.028060913085938 8399
1627308511688 16.972946166992188 8449
1627308539631 17.50320816040039 8499
1627308567521 16.886259078979492 8549
1627308595601 17.048648834228516 8599
1627308623634 16.979507446289062 8649
1627308651655 17.278762817382812 8699
1627308679716 17.144031524658203 8749
1627308707690 17.396451950073242 8799
1627308735741 17.168140411376953 8849
1627308763927 16.776382446289062 8899
1627308792013 17.310951232910156 8949
1627308819962 16.873111724853516 8999
1627308847851 17.04380989074707 9049
1627308875821 17.119823455810547 9099
1627308903686 16.66535758972168 9149
1627308931789 16.669818878173828 9199
1627308959890 16.898170471191406 9249
1627308988038 17.48093605041504 9299
1627309016403 16.839366912841797 9349
1627309283761 17.116634368896484 2
1627309306186 16.900341033935547 9399
1627309334125 16.893932342529297 9449
1627309361985 16.726947784423828 9499
1627309389906 16.933561325073242 9549
1627309417844 16.732492446899414 9599
1627309445815 16.963836669921875 9649
1627309473742 16.871973037719727 9699
1627309501610 16.651596069335938 9749
1627309529606 16.673534393310547 9799
1627309557491 16.65998077392578 9849
1627309585294 16.605138778686523 9899
1627309613223 17.603479385375977 9949
1627309641162 17.253122329711914 9999
1627309669059 16.374242782592773 10049
1627309696939 16.81920623779297 10099
1627309725060 16.898637771606445 10149
1627309752991 16.846473693847656 10199
1627309781001 16.72456169128418 10249
1627309808947 17.165740966796875 10299
1627309837014 17.060009002685547 10349
1627309865087 16.559223175048828 10399
1627309893028 16.638389587402344 10449
1627309920989 16.663114547729492 10499
1627309949026 17.14472198486328 10549
1627309977017 16.64998435974121 10599
1627310005078 16.618770599365234 10649
1627310033094 16.88619041442871 10699
1627310061096 16.861358642578125 10749
1627310089060 17.089004516601562 10799
1627310116935 16.883085250854492 10849
1627310145055 16.988229751586914 10899
1627310173045 16.831167221069336 10949
1627310201096 16.59902572631836 10999
1627310229054 16.570953369140625 11049
1627310257030 17.077571868896484 11099
1627310285034 16.91122055053711 11149
1627310313108 16.995750427246094 11199
1627310341248 16.564167022705078 11249
1627310369148 16.79480743408203 11299
1627310397221 16.806621551513672 11349
1627310425159 16.679950714111328 11399
1627310453068 17.094112396240234 11449
1627310481058 17.05187225341797 11499
1627310508846 17.192642211914062 11549
1627310537003 17.26844024658203 11599
1627310565164 16.738784790039062 11649
1627310593249 16.814022064208984 11699
1627310621443 16.92162322998047 11749
1627310649397 17.205608367919922 11799
1627310677518 16.40888023376465 11849
1627310705568 17.081348419189453 11899
1627310733541 16.62584686279297 11949
1627310761432 16.681930541992188 11999
1627310789540 16.629318237304688 12049
1627310817508 16.810094833374023 12099
1627310845418 16.529863357543945 12149
1627310873390 16.704692840576172 12199
1627310901341 16.38531494140625 12249
1627310929367 16.84708023071289 12299
1627310957445 16.57044219970703 12349
1627310985487 16.94984245300293 12399
1627311013631 16.919666290283203 12449
1627311044230 16.89212417602539 12499
1627311297447 16.89212417602539 3
1627311334001 16.346193313598633 12549
1627311361757 17.113658905029297 12599
1627311389599 16.4769287109375 12649
1627311417367 16.576570510864258 12699
1627311445362 16.25040626525879 12749
1627311473293 16.476181030273438 12799
1627311501203 16.599590301513672 12849
1627311529127 16.591522216796875 12899
1627311557030 16.26487922668457 12949
1627311584932 16.685962677001953 12999
1627311612655 16.613117218017578 13049
1627311640499 17.023601531982422 13099
1627311668534 16.54739761352539 13149
1627311696622 16.458837509155273 13199
1627311724727 16.45880699157715 13249
1627311752805 16.62799072265625 13299
1627311780851 16.427654266357422 13349
1627311808997 16.448108673095703 13399
1627311837045 16.451519012451172 13449
1627311865034 16.795120239257812 13499
1627311892986 16.399564743041992 13549
1627311920942 16.821754455566406 13599
1627311948933 16.646503448486328 13649
1627311977108 16.486820220947266 13699
1627312005230 16.111106872558594 13749
1627312033417 16.33837890625 13799
1627312061438 16.322120666503906 13849
1627312089621 16.771923065185547 13899
1627312117555 16.64739990234375 13949
1627312145589 16.914827346801758 13999
1627312173511 16.70903968811035 14049
1627312201363 16.508190155029297 14099
1627312229424 16.30693817138672 14149
1627312257491 16.479167938232422 14199
1627312286500 16.331758499145508 14249
1627312314441 16.479503631591797 14299
1627312342413 16.38226318359375 14349
1627312370463 16.42751693725586 14399
1627312399921 16.339946746826172 14449
1627312427967 17.032855987548828 14499
1627312455977 16.793537139892578 14549
1627312483888 16.612720489501953 14599
1627312511898 16.47948455810547 14649
1627312539988 16.488006591796875 14699
1627312567947 16.365947723388672 14749
1627312596002 16.235288619995117 14799
1627312623896 16.456958770751953 14849
1627312651901 16.487327575683594 14899
1627312680010 16.730056762695312 14949
1627312708005 15.957468032836914 14999
1627312735956 17.37412452697754 15049
1627312764406 16.450191497802734 15099
1627312792457 16.531463623046875 15149
1627312820520 16.665386199951172 15199
1627312848646 16.694400787353516 15249
1627312876656 16.429866790771484 15299
1627312904749 16.594961166381836 15349
1627312932534 16.770051956176758 15399
1627312960665 16.305578231811523 15449
1627312988524 16.30723762512207 15499
1627313016482 16.307575225830078 15549
1627313044831 16.493349075317383 15599
1627313316989 16.8424072265625 4
1627313339512 16.288036346435547 15649
1627313367434 16.398014068603516 15699
1627313395292 16.289213180541992 15749
1627313423267 16.492618560791016 15799
1627313451146 16.13459014892578 15849
1627313480747 16.237688064575195 15899
1627313508679 15.997119903564453 15949
1627313536579 16.386180877685547 15999
1627313564512 15.868010520935059 16049
1627313592461 16.291866302490234 16099
1627313620358 16.43720245361328 16149
1627313648240 16.285465240478516 16199
1627313676210 16.162281036376953 16249
1627313704083 16.906524658203125 16299
1627313732108 16.533233642578125 16349
1627313760048 16.428791046142578 16399
1627313788045 15.995426177978516 16449
1627313816095 16.35790252685547 16499
1627313844229 16.09543800354004 16549
1627313872162 16.596927642822266 16599
1627313900372 16.695215225219727 16649
1627313928312 16.251216888427734 16699
1627313956382 16.59628677368164 16749
1627313984411 16.458797454833984 16799
1627314012490 16.791324615478516 16849
1627314040441 16.12903594970703 16899
1627314068502 16.602703094482422 16949
1627314096626 16.50145149230957 16999
1627314124634 17.09793472290039 17049
1627314152701 16.587066650390625 17099
1627314180761 16.414016723632812 17149
1627314209004 16.462692260742188 17199
1627314237194 16.24916648864746 17249
1627314265550 16.1767520904541 17299
1627314293721 16.469223022460938 17349
1627314321996 16.38117027282715 17399
1627314350202 16.40741729736328 17449
1627314378439 16.381906509399414 17499
1627314406633 16.49822998046875 17549
1627314434888 16.294719696044922 17599
1627314463172 16.22783660888672 17649
1627314491375 17.11725616455078 17699
1627314519547 16.251529693603516 17749
1627314547506 16.232465744018555 17799
1627314575489 16.359071731567383 17849
1627314603554 16.399925231933594 17899
1627314631803 16.32967185974121 17949
1627314660017 16.518775939941406 17999
1627314688161 16.57613182067871 18049
1627314716395 16.550373077392578 18099
1627314744325 16.111120223999023 18149
1627314772564 16.548946380615234 18199
1627314800417 16.716590881347656 18249
1627314828775 16.173086166381836 18299
1627314857001 16.144123077392578 18349
1627314885262 15.953585624694824 18399
1627314913574 16.271989822387695 18449
1627314941843 16.344467163085938 18499
1627314970046 16.398651123046875 18549
1627314998132 16.509937286376953 18599
1627315026129 16.206439971923828 18649
1627315054473 16.369598388671875 18699
1627315084951 16.37347412109375 18749
1627315333595 16.37347412109375 5
1627315369341 16.084121704101562 18799
1627315397316 16.365032196044922 18849
1627315425280 16.492656707763672 18899
1627315453067 16.48906898498535 18949
1627315480858 16.22989845275879 18999
1627315508934 16.328418731689453 19049
1627315536852 16.70281982421875 19099
1627315564841 16.313125610351562 19149
1627315592725 16.063095092773438 19199
1627315620651 16.20230484008789 19249
1627315648561 16.191030502319336 19299
1627315676528 16.17302703857422 19349
1627315704546 16.35674285888672 19399
1627315732560 16.170124053955078 19449
1627315760894 16.14749526977539 19499
1627315789034 16.272171020507812 19549
1627315817134 16.075098037719727 19599
1627315845434 16.248985290527344 19649
1627315873540 16.265857696533203 19699
1627315901885 15.998838424682617 19749
1627315930038 16.317161560058594 19799
1627315958546 16.370134353637695 19849
1627315986813 16.122356414794922 19899
1627316014952 16.241653442382812 19949
1627316043191 15.974871635437012 19999
1627316071283 16.186782836914062 20049
1627316099512 16.468551635742188 20099
1627316127776 16.375686645507812 20149
1627316155949 16.195837020874023 20199
1627316184312 16.821308135986328 20249
1627316212432 16.296405792236328 20299
1627316240727 16.560354232788086 20349
1627316268994 16.263050079345703 20399
1627316297218 16.1322021484375 20449
1627316325209 16.22007179260254 20499
1627316353502 16.500286102294922 20549
1627316381527 16.25567626953125 20599
1627316409507 16.041793823242188 20649
1627316437890 16.184398651123047 20699
1627316465965 16.554428100585938 20749
1627316494193 16.34164047241211 20799
1627316522443 16.28437614440918 20849
1627316550718 16.2137451171875 20899
1627316578804 15.887959480285645 20949
1627316607021 16.218984603881836 20999
1627316635031 16.190021514892578 21049
1627316663444 16.039438247680664 21099
1627316691662 16.274972915649414 21149
1627316719822 16.163516998291016 21199
1627316747988 16.366836547851562 21249
1627316776301 15.945310592651367 21299
1627316804482 16.029438018798828 21349
1627316832405 16.445579528808594 21399
1627316860659 15.741270065307617 21449
1627316889009 16.20099639892578 21499
1627316917100 15.909801483154297 21549
1627316945363 16.310840606689453 21599
1627316973646 15.979715347290039 21649
1627317001930 16.773509979248047 21699
1627317029904 16.439098358154297 21749
1627317057785 15.841352462768555 21799
1627317086219 16.222774505615234 21849
1627317346955 16.149049758911133 6
1627317368861 16.511369705200195 21899
1627317397141 15.93004322052002 21949
1627317426391 15.688666343688965 21999
1627317454339 15.926691055297852 22049
1627317482234 16.720300674438477 22099
1627317510172 16.364683151245117 22149
1627317537972 16.13268280029297 22199
1627317565939 16.56308937072754 22249
1627317593804 16.012258529663086 22299
1627317621825 15.982767105102539 22349
1627317649728 16.045852661132812 22399
1627317677841 16.16722869873047 22449
1627317705901 16.00240707397461 22499
1627317734019 15.888669967651367 22549
1627317762051 15.707345962524414 22599
1627317790287 15.88642692565918 22649
1627317818539 15.81466293334961 22699
1627317846687 15.944787979125977 22749
1627317875063 16.102294921875 22799
1627317903364 16.091400146484375 22849
1627317931672 16.13016700744629 22899
1627317960019 15.985345840454102 22949
1627317988339 16.344635009765625 22999
1627318016566 15.947233200073242 23049
1627318044686 16.06395149230957 23099
1627318072879 16.338890075683594 23149
1627318101009 16.160728454589844 23199
1627318129256 16.167991638183594 23249
1627318157361 15.972372055053711 23299
1627318185612 15.984373092651367 23349
1627318213854 15.988268852233887 23399
1627318242261 15.825017929077148 23449
1627318270717 16.03863525390625 23499
1627318298957 16.36986541748047 23549
1627318327244 16.46767234802246 23599
1627318355497 16.1141357421875 23649
1627318383817 15.82166576385498 23699
1627318412220 16.284076690673828 23749
1627318440601 16.206268310546875 23799
1627318468960 16.208209991455078 23849
1627318497108 16.22026252746582 23899
1627318525395 15.731866836547852 23949
1627318553672 16.481847763061523 23999
1627318581933 16.052825927734375 24049
1627318610245 16.061168670654297 24099
1627318638557 15.968204498291016 24149
1627318666635 16.262187957763672 24199
1627318694814 16.19116973876953 24249
1627318723012 16.159318923950195 24299
1627318751344 16.295169830322266 24349
1627318779504 16.24867820739746 24399
1627318807553 16.359907150268555 24449
1627318835674 16.26446533203125 24499
1627318863883 16.329809188842773 24549
1627318892228 16.181407928466797 24599
1627318920370 15.976972579956055 24649
1627318948601 16.06236457824707 24699
1627318976890 16.058361053466797 24749
1627319004739 16.327152252197266 24799
1627319032875 16.455917358398438 24849
1627319060940 16.32135772705078 24899
1627319089216 16.265655517578125 24949
1627319119856 15.8443603515625 24999
1627319365438 15.8443603515625 7
1627319400875 16.304792404174805 25049
1627319428916 16.15690803527832 25099
1627319456887 15.909503936767578 25149
1627319484778 16.265174865722656 25199
1627319512592 15.990543365478516 25249
1627319540482 15.980948448181152 25299
1627319568312 16.305200576782227 25349
1627319596145 15.873117446899414 25399
1627319624021 15.989592552185059 25449
1627319651822 15.916908264160156 25499
1627319679724 15.529459953308105 25549
1627319707565 16.00673484802246 25599
1627319735511 16.177234649658203 25649
1627319763459 16.2276611328125 25699
1627319791570 15.855796813964844 25749
1627319819702 16.0886173248291 25799
1627319847993 15.854615211486816 25849
1627319876234 15.862895011901855 25899
1627319904486 15.77215576171875 25949
1627319932720 16.019046783447266 25999
1627319960920 15.948986053466797 26049
1627319989204 15.741071701049805 26099
1627320017491 16.194469451904297 26149
1627320045710 15.692859649658203 26199
1627320073835 16.243541717529297 26249
1627320102016 15.928986549377441 26299
1627320130172 15.757770538330078 26349
1627320158270 15.918279647827148 26399
1627320186583 15.818605422973633 26449
1627320214717 16.14203643798828 26499
1627320242999 16.081649780273438 26549
1627320271179 15.73341178894043 26599
1627320299499 15.743356704711914 26649
1627320327824 15.883448600769043 26699
1627320356165 15.519566535949707 26749
1627320384582 16.02687644958496 26799
1627320412807 15.723594665527344 26849
1627320440950 16.122554779052734 26899
1627320469242 15.979239463806152 26949
1627320497462 16.09809112548828 26999
1627320525755 15.984596252441406 27049
1627320554076 16.18574333190918 27099
1627320582476 16.014423370361328 27149
1627320610641 16.31375503540039 27199
1627320638898 16.208986282348633 27249
1627320667131 16.029342651367188 27299
1627320695286 16.130474090576172 27349
1627320723478 15.810733795166016 27399
1627320751872 16.072763442993164 27449
1627320780036 16.300331115722656 27499
1627320808376 15.856086730957031 27549
1627320836740 15.831693649291992 27599
1627320864963 16.171850204467773 27649
1627320893158 15.691055297851562 27699
1627320921387 15.773457527160645 27749
1627320949499 15.89594841003418 27799
1627320977726 16.265783309936523 27849
1627321005740 15.953144073486328 27899
1627321033857 15.730196952819824 27949
1627321062084 15.93899154663086 27999
1627321090347 15.722871780395508 28049
1627321118939 15.860495567321777 28099
1627321378398 15.793658256530762 8
1627321400248 15.80055046081543 28149
1627321428191 16.139999389648438 28199
1627321457546 15.962780952453613 28249
1627321485582 16.050270080566406 28299
1627321513637 15.714056968688965 28349
1627321541543 15.759990692138672 28399
1627321570051 15.874752044677734 28449
1627321598064 15.83626651763916 28499
1627321626069 16.129148483276367 28549
1627321653993 16.288471221923828 28599
1627321682124 15.986055374145508 28649
1627321710185 15.769811630249023 28699
1627321738208 16.05180549621582 28749
1627321766393 16.167028427124023 28799
1627321794631 15.822525024414062 28849
1627321822947 16.224369049072266 28899
1627321851243 16.18292808532715 28949
1627321879425 16.085800170898438 28999
1627321907533 15.97811508178711 29049
1627321935699 15.64353084564209 29099
1627321964109 15.723831176757812 29149
1627321992345 15.913493156433105 29199
1627322020760 15.92361068725586 29249
1627322049084 15.892051696777344 29299
1627322077275 15.908126831054688 29349
1627322105599 16.534622192382812 29399
1627322133881 16.151752471923828 29449
1627322162150 16.052701950073242 29499
1627322190404 15.856098175048828 29549
1627322218653 15.974310874938965 29599
1627322247011 15.687071800231934 29649
1627322275282 15.79571533203125 29699
1627322303579 15.97886848449707 29749
1627322331977 15.776272773742676 29799
1627322360218 15.699599266052246 29849
1627322388481 15.544254302978516 29899
1627322416743 16.05707359313965 29949
1627322445220 15.674718856811523 29999
1627322473700 16.022310256958008 30049
1627322501951 15.791461944580078 30099
1627322530357 15.716718673706055 30149
1627322558692 15.682064056396484 30199
1627322587013 15.728630065917969 30249
1627322615339 15.702153205871582 30299
1627322643550 15.860416412353516 30349
1627322671902 15.985723495483398 30399
1627322700107 15.812657356262207 30449
1627322728505 15.740490913391113 30499
1627322757015 15.669944763183594 30549
1627322785369 15.852544784545898 30599
1627322813725 15.830338478088379 30649
1627322841990 16.173358917236328 30699
1627322870364 15.982810974121094 30749
1627322898577 15.821675300598145 30799
1627322926851 15.853399276733398 30849
1627322955067 15.719030380249023 30899
1627322983365 15.926155090332031 30949
1627323011805 15.744283676147461 30999
1627323040070 15.991519927978516 31049
1627323068482 15.92984676361084 31099
1627323096930 15.730228424072266 31149
1627323124989 16.003456115722656 31199
1627323155645 15.792282104492188 31249
1627323389055 15.792282104492188 9
1627323424954 15.798629760742188 31299
1627323453109 15.688576698303223 31349
1627323481053 15.909358978271484 31399
1627323509046 15.74901008605957 31449
1627323537057 15.74850845336914 31499
1627323565024 15.619882583618164 31549
1627323593137 15.689935684204102 31599
1627323621054 16.09823226928711 31649
1627323649168 15.768796920776367 31699
1627323677103 15.558239936828613 31749
1627323705108 15.708999633789062 31799
1627323733145 16.027196884155273 31849
1627323761139 15.69381332397461 31899
1627323789290 16.05452537536621 31949
1627323817432 15.728724479675293 31999
1627323845639 16.08792495727539 32049
1627323873931 16.065460205078125 32099
1627323902065 15.611712455749512 32149
1627323930161 15.68897533416748 32199
1627323958331 15.84855842590332 32249
1627323986745 15.821352005004883 32299
1627324015163 15.469071388244629 32349
1627324043438 15.81053352355957 32399
1627324071610 15.78183364868164 32449
1627324099763 15.73445987701416 32499
1627324128087 15.575958251953125 32549
1627324156384 15.890758514404297 32599
1627324184559 15.709012985229492 32649
1627324212801 15.866311073303223 32699
1627324241041 15.76767635345459 32749
1627324269338 15.883872032165527 32799
1627324297566 15.918869018554688 32849
1627324325653 15.504409790039062 32899
1627324353833 15.866153717041016 32949
1627324382065 15.859811782836914 32999
1627324410460 15.83841323852539 33049
1627324438619 15.89171314239502 33099
1627324467046 15.563419342041016 33149
1627324495485 15.7734375 33199
1627324523824 15.893200874328613 33249
1627324552101 15.600818634033203 33299
1627324580207 15.952653884887695 33349
1627324608437 15.60220718383789 33399
1627324636740 15.627161026000977 33449
1627324664981 15.856396675109863 33499
1627324693150 15.878177642822266 33549
1627324721414 15.903986930847168 33599
1627324749960 15.53310775756836 33649
1627324777977 15.892075538635254 33699
1627324806148 15.507959365844727 33749
1627324834501 16.19289779663086 33799
1627324862544 15.358663558959961 33849
1627324890862 15.467742919921875 33899
1627324919123 15.639063835144043 33949
1627324947302 15.728763580322266 33999
1627324975513 15.517942428588867 34049
1627325003912 15.803747177124023 34099
1627325032136 15.73405647277832 34149
1627325060430 15.696151733398438 34199
1627325088627 15.689409255981445 34249
1627325116930 15.866270065307617 34299
1627325145451 15.969635009765625 34349
1627325395133 15.843360900878906 10
1627325416622 15.470657348632812 34399
1627325444660 15.652759552001953 34449
1627325472758 15.777164459228516 34499
1627325500867 15.551313400268555 34549
1627325529013 16.03347396850586 34599
1627325557102 15.784391403198242 34649
1627325585416 15.469679832458496 34699
1627325613516 15.604658126831055 34749
1627325641583 15.885156631469727 34799
1627325669576 15.99884033203125 34849
1627325697674 15.65064811706543 34899
1627325725831 15.812944412231445 34949
1627325753917 15.632560729980469 34999
1627325782101 15.661417007446289 35049
1627325810439 15.592853546142578 35099
1627325838734 15.713247299194336 35149
1627325866897 15.775991439819336 35199
1627325895096 15.678220748901367 35249
1627325923233 15.584428787231445 35299
1627325951398 15.591886520385742 35349
1627325979502 15.814358711242676 35399
1627326007632 15.796335220336914 35449
1627326035614 15.559333801269531 35499
1627326063567 15.364681243896484 35549
1627326091600 15.738264083862305 35599
1627326119711 15.658792495727539 35649
1627326148058 15.734516143798828 35699
1627326176168 15.555377960205078 35749
1627326204465 15.899678230285645 35799
1627326232845 15.895307540893555 35849
1627326261057 15.70290756225586 35899
1627326289329 15.65306282043457 35949
1627326317527 15.468807220458984 35999
1627326345710 15.681550025939941 36049
1627326373851 15.576543807983398 36099
1627326402189 15.694076538085938 36149
1627326430582 15.99582576751709 36199
1627326458786 15.434231758117676 36249
1627326486939 15.398801803588867 36299
1627326515196 15.251557350158691 36349
1627326543576 15.693819046020508 36399
1627326571862 15.971640586853027 36449
1627326600028 15.49807071685791 36499
1627326628319 15.577577590942383 36549
1627326656531 15.678985595703125 36599
1627326685035 15.452476501464844 36649
1627326713293 15.574884414672852 36699
1627326741578 15.893735885620117 36749
1627326769842 15.623211860656738 36799
1627326798246 15.622962951660156 36849
1627326826512 15.53561782836914 36899
1627326854785 15.67977237701416 36949
1627326883146 15.738341331481934 36999
1627326911597 15.916025161743164 37049
1627326939690 15.800655364990234 37099
1627326967933 15.71235466003418 37149
1627326996135 15.48271369934082 37199
1627327024386 15.597654342651367 37249
1627327052710 15.79544734954834 37299
1627327080915 15.653034210205078 37349
1627327109353 15.79684829711914 37399
1627327137546 15.566320419311523 37449
1627327168175 15.692946434020996 37499
1627327401630 15.692946434020996 11
1627327436994 15.541943550109863 37549
1627327465010 15.516725540161133 37599
1627327493054 15.773796081542969 37649
1627327521055 15.620595932006836 37699
1627327549020 15.623010635375977 37749
1627327577076 15.297639846801758 37799
1627327605232 15.228986740112305 37849
1627327633244 15.873072624206543 37899
1627327661345 15.725624084472656 37949
1627327689343 15.64008903503418 37999
1627327717437 15.707880020141602 38049
1627327745389 15.882856369018555 38099
1627327773352 15.381437301635742 38149
1627327801471 15.650537490844727 38199
1627327829663 15.544392585754395 38249
1627327857865 15.336647033691406 38299
1627327886235 15.59363842010498 38349
1627327914341 15.462739944458008 38399
1627327942650 15.652008056640625 38449
1627327970855 15.472344398498535 38499
1627327999265 15.403589248657227 38549
1627328027535 15.541308403015137 38599
1627328055850 15.69329833984375 38649
1627328084229 15.610502243041992 38699
1627328112577 15.652587890625 38749
1627328140750 15.442034721374512 38799
1627328168881 15.591959953308105 38849
1627328197010 15.704740524291992 38899
1627328225084 15.810232162475586 38949
1627328253285 15.56509017944336 38999
1627328281521 15.81374740600586 39049
1627328309737 15.273262023925781 39099
1627328337950 15.424600601196289 39149
1627328366325 15.574922561645508 39199
1627328394508 15.61319351196289 39249
1627328422955 15.489474296569824 39299
1627328451110 15.573637962341309 39349
1627328479123 15.547142028808594 39399
1627328507409 15.584074020385742 39449
1627328535657 15.681535720825195 39499
1627328564055 15.594053268432617 39549
1627328592468 15.428129196166992 39599
1627328620750 15.396013259887695 39649
1627328648920 15.557690620422363 39699
1627328677166 15.392071723937988 39749
1627328705484 15.408212661743164 39799
1627328733717 15.879583358764648 39849
1627328761999 15.658705711364746 39899
1627328790245 15.539220809936523 39949
1627328818578 15.905326843261719 39999
1627328846939 15.463523864746094 40049
1627328875382 15.784372329711914 40099
1627328903731 15.524230003356934 40149
1627328931918 15.668830871582031 40199
1627328960101 15.427180290222168 40249
1627328988397 15.49915599822998 40299
1627329016651 15.389302253723145 40349
1627329045055 15.505790710449219 40399
1627329073207 15.19166374206543 40449
1627329101468 15.390179634094238 40499
1627329129641 15.769417762756348 40549
1627329158035 15.664132118225098 40599
1627329407499 15.728704452514648 12
1627329428759 15.428596496582031 40649
1627329456869 15.444816589355469 40699
1627329484946 15.36001968383789 40749
1627329512879 15.466619491577148 40799
1627329541003 15.54562759399414 40849
1627329569592 15.519987106323242 40899
1627329597676 15.557353973388672 40949
1627329625661 15.36377239227295 40999
1627329653723 15.432170867919922 41049
1627329681730 15.357218742370605 41099
1627329709758 15.369118690490723 41149
1627329737917 15.548784255981445 41199
1627329765990 15.337594032287598 41249
1627329794069 15.601236343383789 41299
1627329822259 15.487239837646484 41349
1627329850589 15.502325057983398 41399
1627329878848 15.487926483154297 41449
1627329907214 15.694049835205078 41499
1627329935471 15.532987594604492 41549
1627329963656 15.460166931152344 41599
1627329991781 15.517367362976074 41649
1627330019991 15.538105964660645 41699
1627330048238 15.572803497314453 41749
1627330076583 15.513530731201172 41799
1627330104686 15.438994407653809 41849
1627330132777 15.243268966674805 41899
1627330160847 15.065685272216797 41949
1627330189197 15.482931137084961 41999
1627330217480 15.475433349609375 42049
1627330245629 15.638236999511719 42099
1627330273873 15.606668472290039 42149
1627330302091 15.777917861938477 42199
1627330330400 15.497207641601562 42249
1627330358719 15.288473129272461 42299
1627330387006 15.600875854492188 42349
1627330415270 15.618892669677734 42399
1627330443812 15.604433059692383 42449
1627330472092 15.749603271484375 42499
1627330500365 15.564827919006348 42549
1627330529962 15.50010871887207 42599
1627330559825 15.411306381225586 42649
1627330588173 15.44179916381836 42699
1627330616474 15.692632675170898 42749
1627330645221 15.361578941345215 42799
1627330673417 15.637760162353516 42849
1627330701710 15.458093643188477 42899
1627330729962 15.346626281738281 42949
1627330758084 15.359077453613281 42999
1627330786426 15.757500648498535 43049
1627330814738 15.584320068359375 43099
1627330842948 15.477275848388672 43149
1627330871412 15.397790908813477 43199
1627330899719 15.849624633789062 43249
1627330928189 15.505071640014648 43299
1627330956401 15.208169937133789 43349
1627330984811 15.324726104736328 43399
1627331013124 15.581100463867188 43449
1627331041258 15.352723121643066 43499
1627331069411 15.574027061462402 43549
1627331097896 15.809112548828125 43599
1627331126291 15.625557899475098 43649
1627331154456 15.723225593566895 43699
1627331184984 15.370174407958984 43749
1627331417970 15.370174407958984 13
1627331453802 15.665757179260254 43799
1627331481933 15.406842231750488 43849
1627331510020 15.353450775146484 43899
1627331538027 15.342123031616211 43949
1627331566023 15.267284393310547 43999
1627331594161 15.445367813110352 44049
1627331622215 15.375704765319824 44099
1627331650208 15.870275497436523 44149
1627331678286 15.242938041687012 44199
1627331706277 15.717283248901367 44249
1627331734281 15.409696578979492 44299
1627331762314 15.476127624511719 44349
1627331790535 15.634018898010254 44399
1627331818817 15.65463924407959 44449
1627331847113 15.784971237182617 44499
1627331875427 15.454254150390625 44549
1627331903819 15.256591796875 44599
1627331931803 15.19841194152832 44649
1627331960109 15.74024772644043 44699
1627331988299 15.793163299560547 44749
1627332016610 15.4306001663208 44799
1627332044762 15.345771789550781 44849
1627332073162 15.6692533493042 44899
1627332101442 15.477547645568848 44949
1627332129808 15.352014541625977 44999
1627332158204 15.819129943847656 45049
1627332186579 15.576423645019531 45099
1627332215109 15.4486722946167 45149
1627332243217 15.377731323242188 45199
1627332271351 15.220386505126953 45249
1627332299507 15.099996566772461 45299
1627332327851 15.290985107421875 45349
1627332356140 15.650228500366211 45399
1627332384499 15.469629287719727 45449
1627332412813 15.357725143432617 45499
1627332441111 15.529556274414062 45549
1627332469278 15.57895278930664 45599
1627332497661 15.332568168640137 45649
1627332525897 15.708394050598145 45699
1627332554226 15.48554801940918 45749
1627332582338 15.693806648254395 45799
1627332610620 15.492324829101562 45849
1627332638995 15.554845809936523 45899
1627332667355 15.4345064163208 45949
1627332695604 15.410089492797852 45999
1627332723949 15.446427345275879 46049
1627332752288 15.99836540222168 46099
1627332780461 15.589235305786133 46149
1627332808668 15.79481315612793 46199
1627332837199 15.691429138183594 46249
1627332865402 15.513439178466797 46299
1627332893694 15.503973007202148 46349
1627332921891 15.521554946899414 46399
1627332950196 15.477264404296875 46449
1627332978626 15.272917747497559 46499
1627333006874 15.56973934173584 46549
1627333035041 15.609354019165039 46599
1627333063093 15.323427200317383 46649
1627333091290 15.640643119812012 46699
1627333119334 15.225261688232422 46749
1627333147464 15.34292984008789 46799
1627333175993 15.535062789916992 46849
1627333428201 15.456706047058105 14
