1627305260107 18.804906845092773 0
1627307272819 17.837635040283203 1
1627309283761 17.116634368896484 2
1627311297447 16.89212417602539 3
1627313316989 16.8424072265625 4
1627315333595 16.37347412109375 5
1627317346955 16.149049758911133 6
1627319365438 15.8443603515625 7
1627321378398 15.793658256530762 8
1627323389055 15.792282104492188 9
1627325395133 15.843360900878906 10
1627327401630 15.692946434020996 11
1627329407499 15.728704452514648 12
1627331417970 15.370174407958984 13
1627333428201 15.456706047058105 14
