1627305005302 20.536399841308594 3124
1627305260107 20.536399841308594 0
1627307020414 17.913894653320312 6249
1627307272819 17.913894653320312 1
1627309033376 17.1780948638916 9374
1627309283761 17.1780948638916 2
1627311044989 16.840499877929688 12499
1627311297447 16.840499877929688 3
1627313061765 16.601194381713867 15624
1627313316989 16.601194381713867 4
1627315085381 16.418407440185547 18749
1627315333595 16.418407440185547 5
1627317102963 16.25506591796875 21874
1627317346955 16.25506591796875 6
1627319120300 16.1219425201416 24999
1627319365438 16.1219425201416 7
1627321135727 15.997117042541504 28124
1627321378398 15.997117042541504 8
1627323156356 15.875845909118652 31249
1627323389055 15.875845909118652 9
1627325162308 15.769200325012207 34374
1627325395133 15.769200325012207 10
1627327168900 15.671192169189453 37499
1627327401630 15.671192169189453 11
1627329174902 15.596502304077148 40624
1627329407499 15.596502304077148 12
1627331185830 15.538862228393555 43749
1627331417970 15.538862228393555 13
1627333192937 15.506329536437988 46874
1627333428201 15.506329536437988 14
