1627303280868 0 49
1627303308807 0 99
1627303336727 0 149
1627303364618 0 199
1627303392559 0 249
1627303420389 0 299
1627303448207 0 349
1627303476068 0 399
1627303503946 0 449
1627303531823 0 499
1627303560072 0 549
1627303587938 0 599
1627303616305 0 649
1627303644523 0 699
1627303672568 0 749
1627303700620 0 799
1627303728689 0 849
1627303756721 0 899
1627303784722 0 949
1627303812776 0 999
1627303840780 0 1049
1627303868665 0 1099
1627303896787 0 1149
1627303924858 0 1199
1627303952957 0 1249
1627303980884 0 1299
1627304008969 0 1349
1627304037076 0 1399
1627304065031 0 1449
1627304093013 0 1499
1627304121080 0 1549
1627304149295 0 1599
1627304177423 0 1649
1627304205434 0 1699
1627304233469 0 1749
1627304261376 0 1799
1627304289465 0 1849
1627304317421 0 1899
1627304345638 0 1949
1627304373755 0 1999
1627304401952 0 2049
1627304430024 0 2099
1627304457959 0 2149
1627304485931 0 2199
1627304514078 0 2249
1627304542131 0 2299
1627304570164 0 2349
1627304598050 0 2399
1627304626052 0 2449
1627304654187 0 2499
1627304682322 0 2549
1627304710453 0 2599
1627304738656 0 2649
1627304766732 0 2699
1627304794857 0 2749
1627304822713 0 2799
1627304850511 0 2849
1627304878688 0 2899
1627304906674 0 2949
1627304934702 0 2999
1627304962599 0 3049
1627304990810 0 3099
1627305006904 0 3124
1627305263878 0 3124
1627305285220 1 3149
1627305313212 1 3199
1627305341085 1 3249
1627305369087 1 3299
1627305396998 1 3349
1627305424962 1 3399
1627305452860 1 3449
1627305480839 1 3499
1627305508788 1 3549
1627305536805 1 3599
1627305564651 1 3649
1627305592690 1 3699
1627305620490 1 3749
1627305648467 1 3799
1627305676558 1 3849
1627305704603 1 3899
1627305732619 1 3949
1627305760623 1 3999
1627305788667 1 4049
1627305816827 1 4099
1627305844957 1 4149
1627305872973 1 4199
1627305901159 1 4249
1627305929312 1 4299
1627305957352 1 4349
1627305985305 1 4399
1627306013176 1 4449
1627306041201 1 4499
1627306069204 1 4549
1627306097136 1 4599
1627306125291 1 4649
1627306153360 1 4699
1627306181339 1 4749
1627306209552 1 4799
1627306237522 1 4849
1627306265549 1 4899
1627306293558 1 4949
1627306321544 1 4999
1627306349667 1 5049
1627306377684 1 5099
1627306405544 1 5149
1627306433702 1 5199
1627306461640 1 5249
1627306489559 1 5299
1627306517649 1 5349
1627306545836 1 5399
1627306573882 1 5449
1627306601793 1 5499
1627306629912 1 5549
1627306657827 1 5599
1627306686025 1 5649
1627306714056 1 5699
1627306742060 1 5749
1627306770223 1 5799
1627306798357 1 5849
1627306826426 1 5899
1627306854431 1 5949
1627306882437 1 5999
1627306910458 1 6049
1627306938577 1 6099
1627306966717 1 6149
1627306994692 1 6199
1627307024806 1 6249
1627307025235 1 6249
1627307283942 1 6249
1627307319069 2 6299
1627307347006 2 6349
1627307374832 2 6399
1627307402688 2 6449
1627307430578 2 6499
1627307458330 2 6549
1627307486224 2 6599
1627307514155 2 6649
1627307541979 2 6699
1627307569917 2 6749
1627307597819 2 6799
1627307625932 2 6849
1627307653836 2 6899
1627307681951 2 6949
1627307710108 2 6999
1627307738272 2 7049
1627307766372 2 7099
1627307794503 2 7149
1627307822421 2 7199
1627307850529 2 7249
1627307878694 2 7299
1627307906739 2 7349
1627307934762 2 7399
1627307963068 2 7449
1627307991184 2 7499
1627308019271 2 7549
1627308047368 2 7599
1627308075514 2 7649
1627308103549 2 7699
1627308131628 2 7749
1627308159749 2 7799
1627308187635 2 7849
1627308215765 2 7899
1627308243806 2 7949
1627308271877 2 7999
1627308299953 2 8049
1627308327979 2 8099
1627308356017 2 8149
1627308384119 2 8199
1627308412130 2 8249
1627308440106 2 8299
1627308468072 2 8349
1627308495903 2 8399
1627308524197 2 8449
1627308552297 2 8499
1627308580331 2 8549
1627308608366 2 8599
1627308636449 2 8649
1627308664435 2 8699
1627308692481 2 8749
1627308720538 2 8799
1627308748585 2 8849
1627308776821 2 8899
1627308804915 2 8949
1627308832961 2 8999
1627308861208 2 9049
1627308889220 2 9099
1627308917222 2 9149
1627308945338 2 9199
1627308973463 2 9249
1627309001510 2 9299
1627309029989 2 9349
1627309046291 2 9374
1627309301376 2 9374
1627309322632 3 9399
1627309350519 3 9449
1627309378411 3 9499
1627309406382 3 9549
1627309434287 3 9599
1627309462279 3 9649
1627309490287 3 9699
1627309518159 3 9749
1627309546133 3 9799
1627309574124 3 9849
1627309601976 3 9899
1627309629979 3 9949
1627309658045 3 9999
1627309686107 3 10049
1627309714073 3 10099
1627309742028 3 10149
1627309770094 3 10199
1627309798079 3 10249
1627309826297 3 10299
1627309854312 3 10349
1627309882319 3 10399
1627309910255 3 10449
1627309938459 3 10499
1627309966594 3 10549
1627309994639 3 10599
1627310022666 3 10649
1627310050690 3 10699
1627310078735 3 10749
1627310106828 3 10799
1627310135083 3 10849
1627310163174 3 10899
1627310191140 3 10949
1627310219126 3 10999
1627310247234 3 11049
1627310275364 3 11099
1627310303394 3 11149
1627310331481 3 11199
1627310359546 3 11249
1627310387943 3 11299
1627310416036 3 11349
1627310444058 3 11399
1627310472174 3 11449
1627310500162 3 11499
1627310528182 3 11549
1627310556287 3 11599
1627310584472 3 11649
1627310612488 3 11699
1627310640607 3 11749
1627310668678 3 11799
1627310696867 3 11849
1627310724818 3 11899
1627310753075 3 11949
1627310781184 3 11999
1627310809296 3 12049
1627310837393 3 12099
1627310865454 3 12149
1627310893564 3 12199
1627310921524 3 12249
1627310949543 3 12299
1627310977567 3 12349
1627311005632 3 12399
1627311033721 3 12449
1627311064109 3 12499
1627311064549 3 12499
1627311320394 3 12499
1627311355890 4 12549
1627311383765 4 12599
1627311411663 4 12649
1627311439508 4 12699
1627311467419 4 12749
1627311495358 4 12799
1627311523287 4 12849
1627311551088 4 12899
1627311579003 4 12949
1627311606960 4 12999
1627311634930 4 13049
1627311662875 4 13099
1627311690764 4 13149
1627311718708 4 13199
1627311746869 4 13249
1627311774873 4 13299
1627311802854 4 13349
1627311830953 4 13399
1627311859008 4 13449
1627311887169 4 13499
1627311915337 4 13549
1627311943511 4 13599
1627311971476 4 13649
1627311999607 4 13699
1627312027595 4 13749
1627312055662 4 13799
1627312083756 4 13849
1627312111840 4 13899
1627312139944 4 13949
1627312167960 4 13999
1627312196098 4 14049
1627312224318 4 14099
1627312252457 4 14149
1627312280494 4 14199
1627312309554 4 14249
1627312337598 4 14299
1627312365640 4 14349
1627312393547 4 14399
1627312423043 4 14449
1627312450983 4 14499
1627312479004 4 14549
1627312507130 4 14599
1627312535225 4 14649
1627312563243 4 14699
1627312591312 4 14749
1627312619348 4 14799
1627312647364 4 14849
1627312675453 4 14899
1627312703377 4 14949
1627312731503 4 14999
1627312759574 4 15049
1627312787717 4 15099
1627312815718 4 15149
1627312843727 4 15199
1627312871590 4 15249
1627312899671 4 15299
1627312927892 4 15349
1627312955870 4 15399
1627312983844 4 15449
1627313011934 4 15499
1627313039901 4 15549
1627313068264 4 15599
1627313084729 4 15624
1627313342711 4 15624
1627313364149 5 15649
1627313392085 5 15699
1627313420048 5 15749
1627313448054 5 15799
1627313476043 5 15849
1627313505950 5 15899
1627313534004 5 15949
1627313561989 5 15999
1627313589997 5 16049
1627313617974 5 16099
1627313645858 5 16149
1627313673878 5 16199
1627313701795 5 16249
1627313729865 5 16299
1627313757847 5 16349
1627313785899 5 16399
1627313813918 5 16449
1627313841888 5 16499
1627313870051 5 16549
1627313898114 5 16599
1627313926229 5 16649
1627313954167 5 16699
1627313982327 5 16749
1627314010404 5 16799
1627314038551 5 16849
1627314066499 5 16899
1627314094495 5 16949
1627314122541 5 16999
1627314150896 5 17049
1627314179020 5 17099
1627314207180 5 17149
1627314235274 5 17199
1627314263337 5 17249
1627314291341 5 17299
1627314319562 5 17349
1627314347704 5 17399
1627314375636 5 17449
1627314403598 5 17499
1627314431730 5 17549
1627314459749 5 17599
1627314487884 5 17649
1627314515959 5 17699
1627314544086 5 17749
1627314572076 5 17799
1627314600074 5 17849
1627314628143 5 17899
1627314656229 5 17949
1627314684347 5 17999
1627314712477 5 18049
1627314740588 5 18099
1627314768624 5 18149
1627314796701 5 18199
1627314824716 5 18249
1627314852797 5 18299
1627314880675 5 18349
1627314908976 5 18399
1627314936980 5 18449
1627314965059 5 18499
1627314993092 5 18549
1627315021067 5 18599
1627315049215 5 18649
1627315077456 5 18699
1627315107855 5 18749
1627315108282 5 18749
1627315368262 5 18749
1627315402984 6 18799
1627315430931 6 18849
1627315458864 6 18899
1627315486661 6 18949
1627315514541 6 18999
1627315542507 6 19049
1627315570483 6 19099
1627315598430 6 19149
1627315626293 6 19199
1627315654131 6 19249
1627315681994 6 19299
1627315709939 6 19349
1627315737819 6 19399
1627315765806 6 19449
1627315793867 6 19499
1627315821854 6 19549
1627315850058 6 19599
1627315878142 6 19649
1627315906278 6 19699
1627315934494 6 19749
1627315962538 6 19799
1627315990664 6 19849
1627316018759 6 19899
1627316046859 6 19949
1627316075033 6 19999
1627316103092 6 20049
1627316131187 6 20099
1627316159185 6 20149
1627316187206 6 20199
1627316215275 6 20249
1627316243363 6 20299
1627316271354 6 20349
1627316299168 6 20399
1627316327221 6 20449
1627316355454 6 20499
1627316383617 6 20549
1627316411686 6 20599
1627316439662 6 20649
1627316467700 6 20699
1627316495679 6 20749
1627316523693 6 20799
1627316551828 6 20849
1627316579963 6 20899
1627316607901 6 20949
1627316635921 6 20999
1627316663973 6 21049
1627316692132 6 21099
1627316720260 6 21149
1627316748220 6 21199
1627316776362 6 21249
1627316804443 6 21299
1627316832697 6 21349
1627316860648 6 21399
1627316888886 6 21449
1627316916875 6 21499
1627316945067 6 21549
1627316973028 6 21599
1627317001082 6 21649
1627317029153 6 21699
1627317057335 6 21749
1627317085397 6 21799
1627317113739 6 21849
1627317130385 6 21874
1627317384075 6 21874
1627317405504 7 21899
1627317433310 7 21949
1627317462505 7 21999
1627317490468 7 22049
1627317518422 7 22099
1627317546367 7 22149
1627317574817 7 22199
1627317602757 7 22249
1627317630564 7 22299
1627317658696 7 22349
1627317686577 7 22399
1627317714522 7 22449
1627317742556 7 22499
1627317770567 7 22549
1627317798580 7 22599
1627317826724 7 22649
1627317854785 7 22699
1627317883018 7 22749
1627317911143 7 22799
1627317939347 7 22849
1627317967238 7 22899
1627317995520 7 22949
1627318023644 7 22999
1627318051696 7 23049
1627318079973 7 23099
1627318107877 7 23149
1627318135754 7 23199
1627318163937 7 23249
1627318191911 7 23299
1627318219887 7 23349
1627318247851 7 23399
1627318275995 7 23449
1627318304025 7 23499
1627318332013 7 23549
1627318360182 7 23599
1627318388256 7 23649
1627318416393 7 23699
1627318444506 7 23749
1627318472480 7 23799
1627318500803 7 23849
1627318529007 7 23899
1627318557104 7 23949
1627318585202 7 23999
1627318613263 7 24049
1627318641223 7 24099
1627318669114 7 24149
1627318697288 7 24199
1627318725385 7 24249
1627318753434 7 24299
1627318781331 7 24349
1627318809495 7 24399
1627318837451 7 24449
1627318865444 7 24499
1627318893648 7 24549
1627318921742 7 24599
1627318949868 7 24649
1627318977960 7 24699
1627319006249 7 24749
1627319034394 7 24799
1627319062513 7 24849
1627319090491 7 24899
1627319118625 7 24949
1627319149044 7 24999
1627319149528 7 24999
1627319403447 7 24999
1627319438594 8 25049
1627319466561 8 25099
1627319494576 8 25149
1627319522418 8 25199
1627319550498 8 25249
1627319578459 8 25299
1627319606524 8 25349
1627319634613 8 25399
1627319662574 8 25449
1627319690672 8 25499
1627319718764 8 25549
1627319746787 8 25599
1627319774821 8 25649
1627319802987 8 25699
1627319831147 8 25749
1627319859209 8 25799
1627319887248 8 25849
1627319915302 8 25899
1627319943488 8 25949
1627319971481 8 25999
1627319999737 8 26049
1627320027792 8 26099
1627320055819 8 26149
1627320083962 8 26199
1627320111946 8 26249
1627320140077 8 26299
1627320168308 8 26349
1627320196478 8 26399
1627320224530 8 26449
1627320252638 8 26499
1627320280691 8 26549
1627320308829 8 26599
1627320337021 8 26649
1627320365154 8 26699
1627320393236 8 26749
1627320421215 8 26799
1627320449298 8 26849
1627320477366 8 26899
1627320505386 8 26949
1627320533369 8 26999
1627320561297 8 27049
1627320589399 8 27099
1627320617496 8 27149
1627320645601 8 27199
1627320673665 8 27249
1627320701802 8 27299
1627320729791 8 27349
1627320757783 8 27399
1627320785889 8 27449
1627320813848 8 27499
1627320841972 8 27549
1627320870075 8 27599
1627320898455 8 27649
1627320926546 8 27699
1627320954689 8 27749
1627320982776 8 27799
1627321010903 8 27849
1627321038892 8 27899
1627321066992 8 27949
1627321095152 8 27999
1627321123178 8 28049
1627321151548 8 28099
1627321168033 8 28124
1627321421659 8 28124
1627321443196 9 28149
1627321471072 9 28199
1627321498938 9 28249
1627321526815 9 28299
1627321554678 9 28349
1627321582657 9 28399
1627321610668 9 28449
1627321638641 9 28499
1627321666554 9 28549
1627321694463 9 28599
1627321722394 9 28649
1627321750471 9 28699
1627321778502 9 28749
1627321806559 9 28799
1627321834641 9 28849
1627321862816 9 28899
1627321890802 9 28949
1627321919007 9 28999
1627321947041 9 29049
1627321975125 9 29099
1627322003071 9 29149
1627322031032 9 29199
1627322059000 9 29249
1627322087130 9 29299
1627322115147 9 29349
1627322143378 9 29399
1627322171472 9 29449
1627322199484 9 29499
1627322227554 9 29549
1627322255542 9 29599
1627322283514 9 29649
1627322311693 9 29699
1627322339648 9 29749
1627322367771 9 29799
1627322395840 9 29849
1627322423971 9 29899
1627322452212 9 29949
1627322480304 9 29999
1627322508310 9 30049
1627322536228 9 30099
1627322564260 9 30149
1627322592579 9 30199
1627322620517 9 30249
1627322648633 9 30299
1627322678142 9 30349
1627322706960 9 30399
1627322735148 9 30449
1627322763265 9 30499
1627322791314 9 30549
1627322819601 9 30599
1627322847528 9 30649
1627322875853 9 30699
1627322904010 9 30749
1627322932313 9 30799
1627322960301 9 30849
1627322988419 9 30899
1627323016414 9 30949
1627323044540 9 30999
1627323072669 9 31049
1627323100720 9 31099
1627323128913 9 31149
1627323156961 9 31199
1627323187418 9 31249
1627323187847 9 31249
1627323436580 9 31249
