1627305006904 21.855485916137695 3124
1627305263838 21.855485916137695 0
1627307025235 19.939613342285156 6249
1627307283909 19.939613342285156 1
1627309046291 19.286060333251953 9374
1627309301344 19.286060333251953 2
1627311064549 18.512657165527344 12499
1627311320356 18.512657165527344 3
1627313084729 18.070707321166992 15624
1627313342571 18.070707321166992 4
1627315108282 17.801733016967773 18749
1627315368222 17.801733016967773 5
1627317130385 17.36381721496582 21874
1627317383998 17.36381721496582 6
1627319149528 17.066537857055664 24999
1627319403400 17.066537857055664 7
1627321168033 16.914583206176758 28124
1627321421620 16.914583206176758 8
1627323187847 16.782983779907227 31249
1627323436540 16.782983779907227 9
