1627303280868 28.373371124267578 49
1627303308807 25.412546157836914 99
1627303336727 24.605083465576172 149
1627303364618 24.640247344970703 199
1627303392559 24.286340713500977 249
1627303420389 23.233112335205078 299
1627303448207 23.380678176879883 349
1627303476068 23.041404724121094 399
1627303503946 22.55069351196289 449
1627303531823 22.499359130859375 499
1627303560072 22.107099533081055 549
1627303587938 22.13077735900879 599
1627303616305 21.785144805908203 649
1627303644523 21.833194732666016 699
1627303672568 22.739952087402344 749
1627303700620 21.785873413085938 799
1627303728689 21.622875213623047 849
1627303756721 21.974145889282227 899
1627303784722 21.431100845336914 949
1627303812776 21.552753448486328 999
1627303840780 22.004220962524414 1049
1627303868665 21.52796173095703 1099
1627303896787 21.42949676513672 1149
1627303924858 20.971675872802734 1199
1627303952957 21.20549964904785 1249
1627303980884 21.212295532226562 1299
1627304008969 21.485797882080078 1349
1627304037076 20.969585418701172 1399
1627304065031 21.667980194091797 1449
1627304093013 21.31339454650879 1499
1627304121080 21.56542205810547 1549
1627304149295 21.314777374267578 1599
1627304177423 21.348651885986328 1649
1627304205434 20.646739959716797 1699
1627304233469 21.363800048828125 1749
1627304261376 21.125534057617188 1799
1627304289465 21.052499771118164 1849
1627304317421 20.9562931060791 1899
1627304345638 21.376296997070312 1949
1627304373755 20.770444869995117 1999
1627304401952 21.91817283630371 2049
1627304430024 20.946483612060547 2099
1627304457959 21.366416931152344 2149
1627304485931 21.23145294189453 2199
1627304514078 20.979267120361328 2249
1627304542131 20.76303482055664 2299
1627304570164 20.679157257080078 2349
1627304598050 20.74786376953125 2399
1627304626052 20.896072387695312 2449
1627304654187 20.839860916137695 2499
1627304682322 20.817293167114258 2549
1627304710453 20.897384643554688 2599
1627304738656 21.154979705810547 2649
1627304766732 20.850502014160156 2699
1627304794857 20.38760757446289 2749
1627304822713 20.735332489013672 2799
1627304850511 20.181276321411133 2849
1627304878688 20.717552185058594 2899
1627304906674 20.434558868408203 2949
1627304934702 20.13833999633789 2999
1627304962599 21.31972885131836 3049
1627304990810 20.062211990356445 3099
1627305263838 20.402423858642578 0
1627305285220 20.684932708740234 3149
1627305313212 20.561676025390625 3199
1627305341085 20.401195526123047 3249
1627305369087 20.449142456054688 3299
1627305396998 19.9016170501709 3349
1627305424962 20.209293365478516 3399
1627305452860 21.012943267822266 3449
1627305480839 20.200958251953125 3499
1627305508788 20.249122619628906 3549
1627305536805 20.473800659179688 3599
1627305564651 20.477298736572266 3649
1627305592690 20.012826919555664 3699
1627305620490 20.477855682373047 3749
1627305648467 20.291046142578125 3799
1627305676558 20.253833770751953 3849
1627305704603 20.026947021484375 3899
1627305732619 20.481563568115234 3949
1627305760623 19.92138671875 3999
1627305788667 19.75189208984375 4049
1627305816827 19.898441314697266 4099
1627305844957 20.500164031982422 4149
1627305872973 20.356538772583008 4199
1627305901159 20.27953338623047 4249
1627305929312 20.461074829101562 4299
1627305957352 20.17474365234375 4349
1627305985305 19.922286987304688 4399
1627306013176 19.978919982910156 4449
1627306041201 19.80404281616211 4499
1627306069204 20.409080505371094 4549
1627306097136 20.090341567993164 4599
1627306125291 19.510807037353516 4649
1627306153360 19.841758728027344 4699
1627306181339 20.00231170654297 4749
1627306209552 19.47797966003418 4799
1627306237522 19.72549819946289 4849
1627306265549 19.617660522460938 4899
1627306293558 19.84493637084961 4949
1627306321544 19.410184860229492 4999
1627306349667 20.147335052490234 5049
1627306377684 19.986047744750977 5099
1627306405544 19.64686393737793 5149
1627306433702 19.655078887939453 5199
1627306461640 19.72244644165039 5249
1627306489559 19.64659881591797 5299
1627306517649 19.982223510742188 5349
1627306545836 19.925952911376953 5399
1627306573882 19.289052963256836 5449
1627306601793 19.857255935668945 5499
1627306629912 19.457542419433594 5549
1627306657827 20.177650451660156 5599
1627306686025 20.449798583984375 5649
1627306714056 19.57605743408203 5699
1627306742060 19.66078758239746 5749
1627306770223 19.620361328125 5799
1627306798357 19.632978439331055 5849
1627306826426 19.870380401611328 5899
1627306854431 19.790313720703125 5949
1627306882437 19.458398818969727 5999
1627306910458 19.99386215209961 6049
1627306938577 19.558124542236328 6099
1627306966717 19.78662109375 6149
1627306994692 19.414440155029297 6199
1627307024806 19.26888656616211 6249
1627307283909 19.26888656616211 1
1627307319069 19.486995697021484 6299
1627307347006 19.537052154541016 6349
1627307374832 19.84493637084961 6399
1627307402688 19.340045928955078 6449
1627307430578 19.540847778320312 6499
1627307458330 19.52637481689453 6549
1627307486224 19.633380889892578 6599
1627307514155 19.312652587890625 6649
1627307541979 19.19991111755371 6699
1627307569917 19.10376739501953 6749
1627307597819 19.56142807006836 6799
1627307625932 19.31814956665039 6849
1627307653836 19.094850540161133 6899
1627307681951 19.324832916259766 6949
1627307710108 20.073116302490234 6999
1627307738272 19.533580780029297 7049
1627307766372 19.423601150512695 7099
1627307794503 19.562347412109375 7149
1627307822421 19.3396053314209 7199
1627307850529 19.384017944335938 7249
1627307878694 19.202390670776367 7299
1627307906739 19.248014450073242 7349
1627307934762 18.903182983398438 7399
1627307963068 19.16054916381836 7449
1627307991184 19.45208740234375 7499
1627308019271 19.591899871826172 7549
1627308047368 19.287721633911133 7599
1627308075514 19.34759521484375 7649
1627308103549 18.987539291381836 7699
1627308131628 19.524642944335938 7749
1627308159749 18.900230407714844 7799
1627308187635 19.08135414123535 7849
1627308215765 19.27589225769043 7899
1627308243806 19.04897689819336 7949
1627308271877 19.304548263549805 7999
1627308299953 19.247406005859375 8049
1627308327979 19.343441009521484 8099
1627308356017 19.161907196044922 8149
1627308384119 19.125167846679688 8199
1627308412130 19.451004028320312 8249
1627308440106 19.302433013916016 8299
1627308468072 19.289405822753906 8349
1627308495903 19.443260192871094 8399
1627308524197 19.375478744506836 8449
1627308552297 19.080808639526367 8499
1627308580331 19.488798141479492 8549
1627308608366 18.71840476989746 8599
1627308636449 19.575315475463867 8649
1627308664435 19.282684326171875 8699
1627308692481 18.986404418945312 8749
1627308720538 19.056169509887695 8799
1627308748585 18.855571746826172 8849
1627308776821 19.094125747680664 8899
1627308804915 19.091833114624023 8949
1627308832961 18.83646583557129 8999
1627308861208 18.547489166259766 9049
1627308889220 19.26034927368164 9099
1627308917222 18.960590362548828 9149
1627308945338 19.00452423095703 9199
1627308973463 18.852375030517578 9249
1627309001510 18.854515075683594 9299
1627309029989 19.09768295288086 9349
1627309301344 18.977989196777344 2
1627309322632 18.81166648864746 9399
1627309350519 18.668506622314453 9449
1627309378411 19.280651092529297 9499
1627309406382 18.87192153930664 9549
1627309434287 19.021059036254883 9599
1627309462279 18.87166976928711 9649
1627309490287 19.15359878540039 9699
1627309518159 19.040353775024414 9749
1627309546133 19.072982788085938 9799
1627309574124 18.96882438659668 9849
1627309601976 18.959575653076172 9899
1627309629979 18.82424545288086 9949
1627309658045 18.843294143676758 9999
1627309686107 18.81430435180664 10049
1627309714073 18.606746673583984 10099
1627309742028 18.341171264648438 10149
1627309770094 18.694561004638672 10199
1627309798079 18.914827346801758 10249
1627309826297 18.837039947509766 10299
1627309854312 18.97931671142578 10349
1627309882319 18.276165008544922 10399
1627309910255 18.355871200561523 10449
1627309938459 18.666976928710938 10499
1627309966594 18.440574645996094 10549
1627309994639 18.365432739257812 10599
1627310022666 18.453128814697266 10649
1627310050690 18.77538299560547 10699
1627310078735 18.339818954467773 10749
1627310106828 18.823898315429688 10799
1627310135083 18.294979095458984 10849
1627310163174 18.317346572875977 10899
1627310191140 18.214344024658203 10949
1627310219126 18.318798065185547 10999
1627310247234 18.179424285888672 11049
1627310275364 18.260440826416016 11099
1627310303394 18.41103744506836 11149
1627310331481 18.88603973388672 11199
1627310359546 18.155189514160156 11249
1627310387943 18.66530990600586 11299
1627310416036 18.335229873657227 11349
1627310444058 18.28596305847168 11399
1627310472174 18.381546020507812 11449
1627310500162 18.307579040527344 11499
1627310528182 18.298036575317383 11549
1627310556287 18.328643798828125 11599
1627310584472 18.071481704711914 11649
1627310612488 17.737058639526367 11699
1627310640607 18.25246238708496 11749
1627310668678 18.012741088867188 11799
1627310696867 18.635604858398438 11849
1627310724818 18.344615936279297 11899
1627310753075 17.977203369140625 11949
1627310781184 18.184040069580078 11999
1627310809296 18.64447784423828 12049
1627310837393 18.107730865478516 12099
1627310865454 18.315074920654297 12149
1627310893564 18.245115280151367 12199
1627310921524 19.35385513305664 12249
1627310949543 18.450634002685547 12299
1627310977567 17.8389835357666 12349
1627311005632 18.441417694091797 12399
1627311033721 18.13018798828125 12449
1627311064109 18.34895133972168 12499
1627311320356 18.34895133972168 3
1627311355890 18.12594985961914 12549
1627311383765 18.294567108154297 12599
1627311411663 17.769792556762695 12649
1627311439508 18.13101577758789 12699
1627311467419 17.88735580444336 12749
1627311495358 18.34641456604004 12799
1627311523287 18.492494583129883 12849
1627311551088 18.411802291870117 12899
1627311579003 18.30605697631836 12949
1627311606960 18.326156616210938 12999
1627311634930 18.11638641357422 13049
1627311662875 17.865238189697266 13099
1627311690764 18.25415802001953 13149
1627311718708 17.782939910888672 13199
1627311746869 17.723281860351562 13249
1627311774873 18.384286880493164 13299
1627311802854 18.151620864868164 13349
1627311830953 17.857257843017578 13399
1627311859008 18.10465431213379 13449
1627311887169 18.05938148498535 13499
1627311915337 18.17326545715332 13549
1627311943511 18.57160186767578 13599
1627311971476 18.200170516967773 13649
1627311999607 18.348888397216797 13699
1627312027595 18.46678352355957 13749
1627312055662 17.761653900146484 13799
1627312083756 18.14187240600586 13849
1627312111840 17.961658477783203 13899
1627312139944 18.199716567993164 13949
1627312167960 17.798105239868164 13999
1627312196098 17.699289321899414 14049
1627312224318 18.418087005615234 14099
1627312252457 18.289756774902344 14149
1627312280494 18.016010284423828 14199
1627312309554 17.972179412841797 14249
1627312337598 17.79904556274414 14299
1627312365640 17.858919143676758 14349
1627312393547 18.096914291381836 14399
1627312423043 18.24513816833496 14449
1627312450983 17.56791114807129 14499
1627312479004 18.34807777404785 14549
1627312507130 18.213520050048828 14599
1627312535225 17.695064544677734 14649
1627312563243 17.792598724365234 14699
1627312591312 18.201889038085938 14749
1627312619348 18.045955657958984 14799
1627312647364 18.061229705810547 14849
1627312675453 18.117307662963867 14899
1627312703377 18.195430755615234 14949
1627312731503 18.124494552612305 14999
1627312759574 18.15960693359375 15049
1627312787717 17.80674934387207 15099
1627312815718 18.088171005249023 15149
1627312843727 17.838924407958984 15199
1627312871590 17.877613067626953 15249
1627312899671 17.92254638671875 15299
1627312927892 17.964595794677734 15349
1627312955870 17.95482635498047 15399
1627312983844 17.67218780517578 15449
1627313011934 17.58228302001953 15499
1627313039901 17.957260131835938 15549
1627313068264 17.94843292236328 15599
1627313342571 17.751415252685547 4
1627313364149 17.81499481201172 15649
1627313392085 18.065353393554688 15699
1627313420048 17.51838493347168 15749
1627313448054 17.962867736816406 15799
1627313476043 17.915771484375 15849
1627313505950 17.94467544555664 15899
1627313534004 17.874284744262695 15949
1627313561989 17.748920440673828 15999
1627313589997 17.857284545898438 16049
1627313617974 18.015201568603516 16099
1627313645858 18.554035186767578 16149
1627313673878 17.76397132873535 16199
1627313701795 18.005390167236328 16249
1627313729865 17.746309280395508 16299
1627313757847 17.57196807861328 16349
1627313785899 17.911033630371094 16399
1627313813918 18.115934371948242 16449
1627313841888 17.621570587158203 16499
1627313870051 17.820755004882812 16549
1627313898114 17.59825897216797 16599
1627313926229 17.536087036132812 16649
1627313954167 17.651641845703125 16699
1627313982327 17.67078399658203 16749
1627314010404 17.608963012695312 16799
1627314038551 17.618850708007812 16849
1627314066499 17.584571838378906 16899
1627314094495 17.731525421142578 16949
1627314122541 17.84488296508789 16999
1627314150896 17.69134521484375 17049
1627314179020 17.459400177001953 17099
1627314207180 17.82550048828125 17149
1627314235274 17.487995147705078 17199
1627314263337 17.834487915039062 17249
1627314291341 17.70252227783203 17299
1627314319562 17.866680145263672 17349
1627314347704 17.771209716796875 17399
1627314375636 17.949888229370117 17449
1627314403598 17.57615852355957 17499
1627314431730 17.596038818359375 17549
1627314459749 17.68865203857422 17599
1627314487884 18.497026443481445 17649
1627314515959 17.56633758544922 17699
1627314544086 17.554370880126953 17749
1627314572076 17.630733489990234 17799
1627314600074 17.6367244720459 17849
1627314628143 17.868127822875977 17899
1627314656229 18.008121490478516 17949
1627314684347 17.6578369140625 17999
1627314712477 17.70694351196289 18049
1627314740588 17.773317337036133 18099
1627314768624 17.659683227539062 18149
1627314796701 17.83817481994629 18199
1627314824716 17.82265853881836 18249
1627314852797 17.832992553710938 18299
1627314880675 17.88882827758789 18349
1627314908976 17.448484420776367 18399
1627314936980 17.68144989013672 18449
1627314965059 17.81121826171875 18499
1627314993092 17.98790740966797 18549
1627315021067 17.84157943725586 18599
1627315049215 17.92325782775879 18649
1627315077456 17.700904846191406 18699
1627315107855 17.56832504272461 18749
1627315368222 17.56832504272461 5
1627315402984 17.528352737426758 18799
1627315430931 17.724746704101562 18849
1627315458864 17.6309814453125 18899
1627315486661 17.93136215209961 18949
1627315514541 17.664569854736328 18999
1627315542507 17.190887451171875 19049
1627315570483 17.66981315612793 19099
1627315598430 17.65826988220215 19149
1627315626293 17.61273956298828 19199
1627315654131 17.756938934326172 19249
1627315681994 17.749351501464844 19299
1627315709939 17.774505615234375 19349
1627315737819 17.59576988220215 19399
1627315765806 17.784364700317383 19449
1627315793867 17.49774169921875 19499
1627315821854 17.351539611816406 19549
1627315850058 17.920581817626953 19599
1627315878142 17.443986892700195 19649
1627315906278 17.533489227294922 19699
1627315934494 17.390878677368164 19749
1627315962538 17.567258834838867 19799
1627315990664 17.366226196289062 19849
1627316018759 17.92856216430664 19899
1627316046859 17.33557891845703 19949
1627316075033 17.29449462890625 19999
1627316103092 17.202594757080078 20049
1627316131187 17.105941772460938 20099
1627316159185 17.225433349609375 20149
1627316187206 17.408655166625977 20199
1627316215275 17.358510971069336 20249
1627316243363 17.477275848388672 20299
1627316271354 17.21003532409668 20349
1627316299168 16.980453491210938 20399
1627316327221 16.71236801147461 20449
1627316355454 17.322086334228516 20499
1627316383617 17.38441276550293 20549
1627316411686 17.182964324951172 20599
1627316439662 17.263463973999023 20649
1627316467700 17.46274185180664 20699
1627316495679 17.20220184326172 20749
1627316523693 16.726238250732422 20799
1627316551828 17.140071868896484 20849
1627316579963 17.290637969970703 20899
1627316607901 16.728778839111328 20949
1627316635921 17.37918472290039 20999
1627316663973 16.997684478759766 21049
1627316692132 17.22061538696289 21099
1627316720260 17.397964477539062 21149
1627316748220 17.20547103881836 21199
1627316776362 17.264427185058594 21249
1627316804443 17.755104064941406 21299
1627316832697 17.271934509277344 21349
1627316860648 17.295358657836914 21399
1627316888886 17.238933563232422 21449
1627316916875 17.30217170715332 21499
1627316945067 17.672948837280273 21549
1627316973028 17.401653289794922 21599
1627317001082 16.851551055908203 21649
1627317029153 17.063798904418945 21699
1627317057335 17.336395263671875 21749
1627317085397 17.096681594848633 21799
1627317113739 17.185958862304688 21849
1627317383998 16.98794937133789 6
1627317405504 16.87472152709961 21899
1627317433310 17.469161987304688 21949
1627317462505 17.070831298828125 21999
1627317490468 16.930721282958984 22049
1627317518422 17.022109985351562 22099
1627317546367 17.2924861907959 22149
1627317574817 17.052736282348633 22199
1627317602757 17.23882484436035 22249
1627317630564 16.868383407592773 22299
1627317658696 16.890804290771484 22349
1627317686577 16.914241790771484 22399
1627317714522 16.856433868408203 22449
1627317742556 17.086524963378906 22499
1627317770567 17.34600830078125 22549
1627317798580 16.95081901550293 22599
1627317826724 16.99307632446289 22649
1627317854785 17.10181427001953 22699
1627317883018 16.774749755859375 22749
1627317911143 16.959575653076172 22799
1627317939347 17.120616912841797 22849
1627317967238 17.21150779724121 22899
1627317995520 17.100515365600586 22949
1627318023644 17.0047550201416 22999
1627318051696 17.020503997802734 23049
1627318079973 16.87591552734375 23099
1627318107877 16.984987258911133 23149
1627318135754 17.185440063476562 23199
1627318163937 17.220966339111328 23249
1627318191911 16.956932067871094 23299
1627318219887 17.093223571777344 23349
1627318247851 16.902393341064453 23399
1627318275995 17.100629806518555 23449
1627318304025 16.991477966308594 23499
1627318332013 16.859682083129883 23549
1627318360182 17.11334991455078 23599
1627318388256 17.152881622314453 23649
1627318416393 17.127967834472656 23699
1627318444506 17.23102569580078 23749
1627318472480 17.021347045898438 23799
1627318500803 17.182151794433594 23849
1627318529007 17.078218460083008 23899
1627318557104 17.12889289855957 23949
1627318585202 17.011547088623047 23999
1627318613263 17.404850006103516 24049
1627318641223 16.966445922851562 24099
1627318669114 16.999393463134766 24149
1627318697288 17.200958251953125 24199
1627318725385 16.95513916015625 24249
1627318753434 17.27588653564453 24299
1627318781331 16.974491119384766 24349
1627318809495 17.02267074584961 24399
1627318837451 17.146808624267578 24449
1627318865444 17.096969604492188 24499
1627318893648 16.73933982849121 24549
1627318921742 17.274213790893555 24599
1627318949868 16.995624542236328 24649
1627318977960 16.925121307373047 24699
1627319006249 16.836271286010742 24749
1627319034394 17.067873001098633 24799
1627319062513 16.72768783569336 24849
1627319090491 17.131479263305664 24899
1627319118625 17.00146484375 24949
1627319149044 16.726274490356445 24999
1627319403400 16.726274490356445 7
1627319438594 16.94915199279785 25049
1627319466561 17.27255630493164 25099
1627319494576 17.160810470581055 25149
1627319522418 16.8464412689209 25199
1627319550498 16.655311584472656 25249
1627319578459 17.223636627197266 25299
1627319606524 16.989933013916016 25349
1627319634613 17.153615951538086 25399
1627319662574 17.149051666259766 25449
1627319690672 17.045597076416016 25499
1627319718764 17.018836975097656 25549
1627319746787 16.78675079345703 25599
1627319774821 16.869129180908203 25649
1627319802987 16.656818389892578 25699
1627319831147 16.962779998779297 25749
1627319859209 17.205379486083984 25799
1627319887248 16.75335693359375 25849
1627319915302 16.952850341796875 25899
1627319943488 16.865413665771484 25949
1627319971481 16.53946304321289 25999
1627319999737 17.02591323852539 26049
1627320027792 17.083744049072266 26099
1627320055819 16.95551109313965 26149
1627320083962 16.951379776000977 26199
1627320111946 17.062437057495117 26249
1627320140077 16.838802337646484 26299
1627320168308 17.19070053100586 26349
1627320196478 16.8861141204834 26399
1627320224530 17.104862213134766 26449
1627320252638 17.358661651611328 26499
1627320280691 16.95306396484375 26549
1627320308829 16.977970123291016 26599
1627320337021 16.58629608154297 26649
1627320365154 17.005474090576172 26699
1627320393236 17.052047729492188 26749
1627320421215 16.991352081298828 26799
1627320449298 17.08488655090332 26849
1627320477366 17.328739166259766 26899
1627320505386 16.906139373779297 26949
1627320533369 16.867961883544922 26999
1627320561297 16.702640533447266 27049
1627320589399 16.79413604736328 27099
1627320617496 16.92910385131836 27149
1627320645601 16.912031173706055 27199
1627320673665 16.88145637512207 27249
1627320701802 16.927959442138672 27299
1627320729791 16.688167572021484 27349
1627320757783 16.813106536865234 27399
1627320785889 16.95983123779297 27449
1627320813848 16.946025848388672 27499
1627320841972 16.926891326904297 27549
1627320870075 16.90966796875 27599
1627320898455 17.206172943115234 27649
1627320926546 16.959402084350586 27699
1627320954689 16.924850463867188 27749
1627320982776 16.83123016357422 27799
1627321010903 16.990068435668945 27849
1627321038892 17.15085220336914 27899
1627321066992 17.23096466064453 27949
1627321095152 17.056503295898438 27999
1627321123178 16.834293365478516 28049
1627321151548 16.81888771057129 28099
1627321421620 16.78075408935547 8
1627321443196 16.9400691986084 28149
1627321471072 16.723037719726562 28199
1627321498938 17.25066375732422 28249
1627321526815 16.57300567626953 28299
1627321554678 16.452499389648438 28349
1627321582657 16.716571807861328 28399
1627321610668 16.895252227783203 28449
1627321638641 16.778776168823242 28499
1627321666554 16.922683715820312 28549
1627321694463 16.74931526184082 28599
1627321722394 17.01441764831543 28649
1627321750471 16.48268699645996 28699
1627321778502 16.853544235229492 28749
1627321806559 17.15626335144043 28799
1627321834641 16.433273315429688 28849
1627321862816 16.835391998291016 28899
1627321890802 16.884122848510742 28949
1627321919007 16.58241844177246 28999
1627321947041 16.87386703491211 29049
1627321975125 16.89476776123047 29099
1627322003071 16.640644073486328 29149
1627322031032 16.72576332092285 29199
1627322059000 16.748104095458984 29249
1627322087130 16.786762237548828 29299
1627322115147 17.137441635131836 29349
1627322143378 16.544944763183594 29399
1627322171472 16.66100311279297 29449
1627322199484 16.707290649414062 29499
1627322227554 16.77910041809082 29549
1627322255542 16.79465675354004 29599
1627322283514 16.590131759643555 29649
1627322311693 16.781911849975586 29699
1627322339648 17.020282745361328 29749
1627322367771 17.088857650756836 29799
1627322395840 16.89018440246582 29849
1627322423971 16.77731704711914 29899
1627322452212 16.738792419433594 29949
1627322480304 16.67520523071289 29999
1627322508310 16.685060501098633 30049
1627322536228 16.677692413330078 30099
1627322564260 16.741775512695312 30149
1627322592579 17.062618255615234 30199
1627322620517 16.9674072265625 30249
1627322648633 16.842262268066406 30299
1627322678142 16.773744583129883 30349
1627322706960 16.97854232788086 30399
1627322735148 16.697031021118164 30449
1627322763265 16.76885986328125 30499
1627322791314 17.149871826171875 30549
1627322819601 16.55698013305664 30599
1627322847528 16.842403411865234 30649
1627322875853 16.68099021911621 30699
1627322904010 16.67351722717285 30749
1627322932313 16.784931182861328 30799
1627322960301 17.004873275756836 30849
1627322988419 16.698436737060547 30899
1627323016414 16.877336502075195 30949
1627323044540 16.854473114013672 30999
1627323072669 16.805011749267578 31049
1627323100720 17.047121047973633 31099
1627323128913 16.862579345703125 31149
1627323156961 16.733116149902344 31199
1627323187418 16.62933349609375 31249
1627323436540 16.62933349609375 9
