1626922089043 0 49
1626922116819 0 99
1626922144703 0 149
1626922172492 0 199
1626922200336 0 249
1626922228209 0 299
1626922256144 0 349
1626922283996 0 399
1626922311912 0 449
1626922339994 0 499
1626922367860 0 549
1626922396269 0 599
1626922424629 0 649
1626922452968 0 699
1626922481262 0 749
1626922509465 0 799
1626922537677 0 849
1626922566039 0 899
1626922594302 0 949
1626922622702 0 999
1626922650751 0 1049
1626922678735 0 1099
1626922706962 0 1149
1626922735306 0 1199
1626922763408 0 1249
1626922791749 0 1299
1626922819757 0 1349
1626922847861 0 1399
1626922876081 0 1449
1626922904272 0 1499
1626922932476 0 1549
1626922960428 0 1599
1626922988590 0 1649
1626923016741 0 1699
1626923044785 0 1749
1626923072865 0 1799
1626923101049 0 1849
1626923129423 0 1899
1626923157730 0 1949
1626923185660 0 1999
1626923213836 0 2049
1626923241826 0 2099
1626923269930 0 2149
1626923298197 0 2199
1626923326279 0 2249
1626923354367 0 2299
1626923382684 0 2349
1626923410809 0 2399
1626923438853 0 2449
1626923466880 0 2499
1626923495033 0 2549
1626923523158 0 2599
1626923551270 0 2649
1626923579382 0 2699
1626923607402 0 2749
1626923635448 0 2799
1626923663564 0 2849
1626923691763 0 2899
1626923719765 0 2949
1626923747965 0 2999
1626923776010 0 3049
1626923804301 0 3099
1626923820905 0 3124
1626924053312 0 3124
1626924075886 1 3149
1626924103786 1 3199
1626924131689 1 3249
1626924159599 1 3299
1626924187512 1 3349
1626924215501 1 3399
1626924243549 1 3449
1626924271499 1 3499
1626924299548 1 3549
1626924327560 1 3599
1626924355490 1 3649
1626924383587 1 3699
1626924411521 1 3749
1626924439617 1 3799
1626924467612 1 3849
1626924495661 1 3899
1626924523770 1 3949
1626924552032 1 3999
1626924580209 1 4049
1626924608392 1 4099
1626924636652 1 4149
1626924664746 1 4199
1626924692665 1 4249
1626924720632 1 4299
1626924748742 1 4349
1626924777106 1 4399
1626924805252 1 4449
1626924833341 1 4499
1626924861598 1 4549
1626924889753 1 4599
1626924917940 1 4649
1626924945914 1 4699
1626924974212 1 4749
1626925002488 1 4799
1626925030461 1 4849
1626925058581 1 4899
1626925086642 1 4949
1626925114753 1 4999
1626925142858 1 5049
1626925171089 1 5099
1626925199342 1 5149
1626925227528 1 5199
1626925255526 1 5249
1626925283864 1 5299
1626925312099 1 5349
1626925340496 1 5399
1626925368583 1 5449
1626925396801 1 5499
1626925424922 1 5549
1626925453081 1 5599
1626925481254 1 5649
1626925509412 1 5699
1626925537608 1 5749
1626925566006 1 5799
1626925594353 1 5849
1626925622639 1 5899
1626925650755 1 5949
1626925678833 1 5999
1626925706898 1 6049
1626925734964 1 6099
1626925763084 1 6149
1626925791308 1 6199
1626925821550 1 6249
1626925823956 1 6249
1626926056422 1 6249
1626926091245 2 6299
1626926119287 2 6349
1626926147235 2 6399
1626926175311 2 6449
1626926203201 2 6499
1626926231258 2 6549
1626926259102 2 6599
1626926287155 2 6649
1626926315127 2 6699
1626926343099 2 6749
1626926371065 2 6799
1626926399097 2 6849
1626926427224 2 6899
1626926455094 2 6949
1626926483290 2 6999
1626926511517 2 7049
1626926539741 2 7099
1626926567964 2 7149
1626926596013 2 7199
1626926624058 2 7249
1626926652008 2 7299
1626926680064 2 7349
1626926708206 2 7399
1626926736394 2 7449
1626926764726 2 7499
1626926792877 2 7549
1626926821055 2 7599
1626926849083 2 7649
1626926877155 2 7699
1626926905100 2 7749
1626926933435 2 7799
1626926961652 2 7849
1626926989840 2 7899
1626927017932 2 7949
1626927046090 2 7999
1626927074135 2 8049
1626927102233 2 8099
1626927130475 2 8149
1626927158560 2 8199
1626927186692 2 8249
1626927214830 2 8299
1626927242900 2 8349
1626927270982 2 8399
1626927299066 2 8449
1626927327158 2 8499
1626927355190 2 8549
1626927383474 2 8599
1626927411535 2 8649
1626927439683 2 8699
1626927467705 2 8749
1626927495798 2 8799
1626927523896 2 8849
1626927552209 2 8899
1626927580478 2 8949
1626927608770 2 8999
1626927636653 2 9049
1626927664782 2 9099
1626927692960 2 9149
1626927721279 2 9199
1626927749417 2 9249
1626927777511 2 9299
1626927806020 2 9349
1626927824529 2 9374
1626928057610 2 9374
1626928078967 3 9399
1626928106900 3 9449
1626928134900 3 9499
1626928162807 3 9549
1626928191291 3 9599
1626928219329 3 9649
1626928247238 3 9699
1626928275100 3 9749
1626928303037 3 9799
1626928331111 3 9849
1626928359181 3 9899
1626928387161 3 9949
1626928415133 3 9999
1626928443072 3 10049
1626928471129 3 10099
1626928499139 3 10149
1626928527248 3 10199
1626928555285 3 10249
1626928583365 3 10299
1626928611486 3 10349
1626928639598 3 10399
1626928667839 3 10449
1626928696079 3 10499
1626928724277 3 10549
1626928752489 3 10599
1626928780663 3 10649
1626928808731 3 10699
1626928836760 3 10749
1626928865016 3 10799
1626928893054 3 10849
1626928921234 3 10899
1626928949401 3 10949
1626928977506 3 10999
1626929005799 3 11049
1626929033864 3 11099
1626929062216 3 11149
1626929090497 3 11199
1626929118540 3 11249
1626929146760 3 11299
1626929176681 3 11349
1626929204727 3 11399
1626929232671 3 11449
1626929260882 3 11499
1626929288923 3 11549
1626929317128 3 11599
1626929345183 3 11649
1626929373310 3 11699
1626929401404 3 11749
1626929429432 3 11799
1626929457447 3 11849
1626929485635 3 11899
1626929513637 3 11949
1626929541609 3 11999
1626929569605 3 12049
1626929597811 3 12099
1626929625856 3 12149
1626929654008 3 12199
1626929681961 3 12249
1626929710026 3 12299
1626929738051 3 12349
1626929766288 3 12399
1626929794494 3 12449
1626929824828 3 12499
1626929825623 3 12499
1626930058208 3 12499
1626930094806 4 12549
1626930122881 4 12599
1626930150855 4 12649
1626930178712 4 12699
1626930206702 4 12749
1626930234709 4 12799
1626930262625 4 12849
1626930290529 4 12899
1626930318516 4 12949
1626930346646 4 12999
1626930374581 4 13049
1626930402704 4 13099
1626930430662 4 13149
1626930458817 4 13199
1626930487065 4 13249
1626930515238 4 13299
1626930543452 4 13349
1626930571587 4 13399
1626930599716 4 13449
1626930627634 4 13499
1626930655851 4 13549
1626930683833 4 13599
1626930712149 4 13649
1626930740259 4 13699
1626930768410 4 13749
1626930796572 4 13799
1626930824863 4 13849
1626930853003 4 13899
1626930881225 4 13949
1626930909329 4 13999
1626930937570 4 14049
1626930965620 4 14099
1626930993787 4 14149
1626931021858 4 14199
1626931050009 4 14249
1626931078257 4 14299
1626931106302 4 14349
1626931134519 4 14399
1626931162810 4 14449
1626931190779 4 14499
1626931219022 4 14549
1626931247154 4 14599
1626931275405 4 14649
1626931303438 4 14699
1626931331578 4 14749
1626931359743 4 14799
1626931387850 4 14849
1626931416287 4 14899
1626931444214 4 14949
1626931472349 4 14999
1626931500327 4 15049
1626931528316 4 15099
1626931556521 4 15149
1626931584635 4 15199
1626931612777 4 15249
1626931641002 4 15299
1626931668935 4 15349
1626931697170 4 15399
1626931725373 4 15449
1626931753326 4 15499
1626931781539 4 15549
1626931809859 4 15599
1626931826736 4 15624
1626932061837 4 15624
1626932083185 5 15649
1626932111055 5 15699
1626932139019 5 15749
1626932166897 5 15799
1626932195003 5 15849
1626932223051 5 15899
1626932251169 5 15949
1626932279310 5 15999
1626932307243 5 16049
1626932335051 5 16099
1626932362917 5 16149
1626932390943 5 16199
1626932418974 5 16249
1626932446957 5 16299
1626932475145 5 16349
1626932503173 5 16399
1626932531592 5 16449
1626932559701 5 16499
1626932588029 5 16549
1626932616431 5 16599
1626932644599 5 16649
1626932672814 5 16699
1626932700978 5 16749
1626932729281 5 16799
1626932757645 5 16849
1626932785814 5 16899
1626932813934 5 16949
1626932842133 5 16999
1626932870144 5 17049
1626932898203 5 17099
1626932926282 5 17149
1626932954424 5 17199
1626932982783 5 17249
1626933010800 5 17299
1626933039002 5 17349
1626933067073 5 17399
1626933095166 5 17449
1626933123186 5 17499
1626933151308 5 17549
1626933179582 5 17599
1626933207748 5 17649
1626933236050 5 17699
1626933264082 5 17749
1626933292133 5 17799
1626933320358 5 17849
1626933348517 5 17899
1626933376741 5 17949
1626933404796 5 17999
1626933433152 5 18049
1626933461448 5 18099
1626933489646 5 18149
1626933517916 5 18199
1626933546200 5 18249
1626933574270 5 18299
1626933602373 5 18349
1626933630612 5 18399
1626933658778 5 18449
1626933686989 5 18499
1626933715044 5 18549
1626933743349 5 18599
1626933771311 5 18649
1626933799514 5 18699
1626933829975 5 18749
1626933830757 5 18749
1626934065217 5 18749
1626934100598 6 18799
1626934128520 6 18849
1626934156406 6 18899
1626934184374 6 18949
1626934212315 6 18999
1626934240254 6 19049
1626934268313 6 19099
1626934296268 6 19149
1626934324221 6 19199
1626934352195 6 19249
1626934380167 6 19299
1626934408236 6 19349
1626934436118 6 19399
1626934464172 6 19449
1626934492461 6 19499
1626934520666 6 19549
1626934548776 6 19599
1626934577057 6 19649
1626934605056 6 19699
1626934633332 6 19749
1626934661583 6 19799
1626934689720 6 19849
1626934717651 6 19899
1626934745800 6 19949
1626934773983 6 19999
1626934802131 6 20049
1626934830345 6 20099
1626934858496 6 20149
1626934886862 6 20199
1626934914991 6 20249
1626934943284 6 20299
1626934971394 6 20349
1626934999495 6 20399
1626935027584 6 20449
1626935055783 6 20499
1626935083925 6 20549
1626935112046 6 20599
1626935140195 6 20649
1626935168342 6 20699
1626935196381 6 20749
1626935224698 6 20799
1626935252885 6 20849
1626935280967 6 20899
1626935309088 6 20949
1626935337441 6 20999
1626935365608 6 21049
1626935393710 6 21099
1626935421815 6 21149
1626935449881 6 21199
1626935477984 6 21249
1626935506066 6 21299
1626935534240 6 21349
1626935562558 6 21399
1626935590721 6 21449
1626935618966 6 21499
1626935646948 6 21549
1626935675180 6 21599
1626935703535 6 21649
1626935731827 6 21699
1626935760079 6 21749
1626935788340 6 21799
1626935816745 6 21849
1626935833592 6 21874
1626936068161 6 21874
1626936089740 7 21899
1626936117658 7 21949
1626936145551 7 21999
1626936173402 7 22049
1626936201326 7 22099
1626936229222 7 22149
1626936257256 7 22199
1626936285107 7 22249
1626936313090 7 22299
1626936341026 7 22349
1626936369085 7 22399
1626936397084 7 22449
1626936425093 7 22499
1626936453027 7 22549
1626936481020 7 22599
1626936509099 7 22649
1626936537294 7 22699
1626936565337 7 22749
1626936593620 7 22799
1626936621847 7 22849
1626936649884 7 22899
1626936678030 7 22949
1626936706341 7 22999
1626936734456 7 23049
1626936762593 7 23099
1626936790739 7 23149
1626936818730 7 23199
1626936846820 7 23249
1626936874887 7 23299
1626936903222 7 23349
1626936931186 7 23399
1626936959475 7 23449
1626936987633 7 23499
1626937015883 7 23549
1626937043970 7 23599
1626937072310 7 23649
1626937100451 7 23699
1626937128598 7 23749
1626937156800 7 23799
1626937184872 7 23849
1626937213005 7 23899
1626937241182 7 23949
1626937269302 7 23999
1626937297356 7 24049
1626937325617 7 24099
1626937353702 7 24149
1626937381988 7 24199
1626937410034 7 24249
1626937438053 7 24299
1626937466127 7 24349
1626937494252 7 24399
1626937522415 7 24449
1626937550534 7 24499
1626937578705 7 24549
1626937606842 7 24599
1626937635080 7 24649
1626937663374 7 24699
1626937691599 7 24749
1626937719677 7 24799
1626937747989 7 24849
1626937776064 7 24899
1626937804260 7 24949
1626937834776 7 24999
1626937835546 7 24999
1626938070359 7 24999
1626938106262 8 25049
1626938134307 8 25099
1626938162116 8 25149
1626938190054 8 25199
1626938217967 8 25249
1626938245803 8 25299
1626938273750 8 25349
1626938301604 8 25399
1626938329516 8 25449
1626938357466 8 25499
1626938385412 8 25549
1626938413386 8 25599
1626938441476 8 25649
1626938469653 8 25699
1626938497988 8 25749
1626938526131 8 25799
1626938554358 8 25849
1626938582408 8 25899
1626938610591 8 25949
1626938638505 8 25999
1626938666601 8 26049
1626938694803 8 26099
1626938722951 8 26149
1626938751080 8 26199
1626938779346 8 26249
1626938807534 8 26299
1626938835777 8 26349
1626938863841 8 26399
1626938891911 8 26449
1626938920077 8 26499
1626938948425 8 26549
1626938976426 8 26599
1626939004442 8 26649
1626939032435 8 26699
1626939060602 8 26749
1626939088882 8 26799
1626939117087 8 26849
1626939145326 8 26899
1626939173404 8 26949
1626939201496 8 26999
1626939229591 8 27049
1626939257667 8 27099
1626939285962 8 27149
1626939314031 8 27199
1626939344266 8 27249
1626939372431 8 27299
1626939400513 8 27349
1626939428625 8 27399
1626939457425 8 27449
1626939485810 8 27499
1626939514122 8 27549
1626939542434 8 27599
1626939570597 8 27649
1626939598667 8 27699
1626939626960 8 27749
1626939655214 8 27799
1626939683416 8 27849
1626939711433 8 27899
1626939739583 8 27949
1626939767675 8 27999
1626939795907 8 28049
1626939824472 8 28099
1626939841428 8 28124
1626940073984 8 28124
1626940096558 9 28149
1626940124506 9 28199
1626940152557 9 28249
1626940180568 9 28299
1626940208648 9 28349
1626940236598 9 28399
1626940264607 9 28449
1626940292757 9 28499
1626940320768 9 28549
1626940348874 9 28599
1626940376809 9 28649
1626940404858 9 28699
1626940432879 9 28749
1626940460802 9 28799
1626940489012 9 28849
1626940517371 9 28899
1626940545405 9 28949
1626940573577 9 28999
1626940601671 9 29049
1626940629805 9 29099
1626940657893 9 29149
1626940685992 9 29199
1626940714177 9 29249
1626940742377 9 29299
1626940770664 9 29349
1626940798637 9 29399
1626940826807 9 29449
1626940854896 9 29499
1626940883043 9 29549
1626940911441 9 29599
1626940939315 9 29649
1626940967563 9 29699
1626940995778 9 29749
1626941023868 9 29799
1626941052085 9 29849
1626941080145 9 29899
1626941108377 9 29949
1626941136649 9 29999
1626941164734 9 30049
1626941193113 9 30099
1626941221346 9 30149
1626941249385 9 30199
1626941277461 9 30249
1626941305768 9 30299
1626941333974 9 30349
1626941362105 9 30399
1626941390346 9 30449
1626941418685 9 30499
1626941446866 9 30549
1626941474988 9 30599
1626941503160 9 30649
1626941531457 9 30699
1626941559703 9 30749
1626941587968 9 30799
1626941616212 9 30849
1626941644411 9 30899
1626941672572 9 30949
1626941700770 9 30999
1626941728930 9 31049
1626941757084 9 31099
1626941785469 9 31149
1626941813738 9 31199
1626941844245 9 31249
1626941846594 9 31249
1626942079983 9 31249
1626942115085 10 31299
1626942143076 10 31349
1626942171086 10 31399
1626942199215 10 31449
1626942227238 10 31499
1626942255221 10 31549
1626942283292 10 31599
1626942311218 10 31649
1626942339252 10 31699
1626942367353 10 31749
1626942395482 10 31799
1626942423497 10 31849
1626942451459 10 31899
1626942479594 10 31949
1626942507692 10 31999
1626942535914 10 32049
1626942564125 10 32099
1626942592158 10 32149
1626942620325 10 32199
1626942648448 10 32249
1626942676709 10 32299
1626942704966 10 32349
1626942733133 10 32399
1626942761285 10 32449
1626942789534 10 32499
1626942817671 10 32549
1626942845672 10 32599
1626942873805 10 32649
1626942901930 10 32699
1626942929993 10 32749
1626942958204 10 32799
1626942986504 10 32849
1626943014669 10 32899
1626943042838 10 32949
1626943070890 10 32999
1626943099077 10 33049
1626943127342 10 33099
1626943155606 10 33149
1626943183753 10 33199
1626943211810 10 33249
1626943240054 10 33299
1626943268362 10 33349
1626943296677 10 33399
1626943324892 10 33449
1626943352836 10 33499
1626943381019 10 33549
1626943409195 10 33599
1626943437376 10 33649
1626943465595 10 33699
1626943493779 10 33749
1626943521852 10 33799
1626943550066 10 33849
1626943578323 10 33899
1626943606603 10 33949
1626943635016 10 33999
1626943663113 10 34049
1626943691319 10 34099
1626943719578 10 34149
1626943747851 10 34199
1626943775978 10 34249
1626943803973 10 34299
1626943832370 10 34349
1626943850836 10 34374
1626944083924 10 34374
1626944108324 11 34399
1626944136355 11 34449
1626944164445 11 34499
1626944192328 11 34549
1626944220226 11 34599
1626944248141 11 34649
1626944276091 11 34699
1626944304078 11 34749
1626944332093 11 34799
1626944360089 11 34849
1626944388187 11 34899
1626944416168 11 34949
1626944444141 11 34999
1626944472294 11 35049
1626944500530 11 35099
1626944528693 11 35149
1626944556782 11 35199
1626944585108 11 35249
1626944613501 11 35299
1626944641508 11 35349
1626944669671 11 35399
1626944698044 11 35449
1626944726156 11 35499
1626944754405 11 35549
1626944782501 11 35599
1626944810452 11 35649
1626944838628 11 35699
1626944866731 11 35749
1626944894916 11 35799
1626944923198 11 35849
1626944951378 11 35899
1626944979577 11 35949
1626945007791 11 35999
1626945035992 11 36049
1626945064132 11 36099
1626945092311 11 36149
1626945120566 11 36199
1626945148478 11 36249
1626945176651 11 36299
1626945204648 11 36349
1626945232872 11 36399
1626945260896 11 36449
1626945288867 11 36499
1626945317198 11 36549
1626945345172 11 36599
1626945373491 11 36649
1626945401686 11 36699
1626945430017 11 36749
1626945458220 11 36799
1626945486298 11 36849
1626945514623 11 36899
1626945542772 11 36949
1626945570966 11 36999
1626945599129 11 37049
1626945627228 11 37099
1626945655357 11 37149
1626945683390 11 37199
1626945711585 11 37249
1626945739762 11 37299
1626945768022 11 37349
1626945796080 11 37399
1626945824385 11 37449
1626945854993 11 37499
1626945855811 11 37499
1626946090048 11 37499
1626946125062 12 37549
1626946152956 12 37599
1626946180976 12 37649
1626946209056 12 37699
1626946237197 12 37749
1626946265260 12 37799
1626946293296 12 37849
1626946321346 12 37899
1626946349282 12 37949
1626946377248 12 37999
1626946405238 12 38049
1626946433210 12 38099
1626946461222 12 38149
1626946489365 12 38199
1626946517548 12 38249
1626946545782 12 38299
1626946574403 12 38349
1626946602621 12 38399
1626946630799 12 38449
1626946658757 12 38499
1626946686773 12 38549
1626946714804 12 38599
1626946743061 12 38649
1626946771176 12 38699
1626946799423 12 38749
1626946827643 12 38799
1626946855720 12 38849
1626946883900 12 38899
1626946912229 12 38949
1626946940177 12 38999
1626946968418 12 39049
1626946996631 12 39099
1626947024694 12 39149
1626947052892 12 39199
1626947081130 12 39249
1626947109353 12 39299
1626947137535 12 39349
1626947165405 12 39399
1626947193684 12 39449
1626947221792 12 39499
1626947249959 12 39549
1626947278330 12 39599
1626947306612 12 39649
1626947334829 12 39699
1626947363177 12 39749
1626947391426 12 39799
1626947419570 12 39849
1626947447743 12 39899
1626947475914 12 39949
1626947503984 12 39999
1626947532069 12 40049
1626947560303 12 40099
1626947588603 12 40149
1626947616810 12 40199
1626947645094 12 40249
1626947673260 12 40299
1626947701209 12 40349
1626947729472 12 40399
1626947757520 12 40449
1626947785777 12 40499
1626947814040 12 40549
1626947842535 12 40599
1626947859457 12 40624
1626948091983 12 40624
1626948114759 13 40649
1626948142741 13 40699
1626948170737 13 40749
1626948198683 13 40799
1626948226660 13 40849
1626948254679 13 40899
1626948282725 13 40949
1626948310870 13 40999
1626948338942 13 41049
1626948367033 13 41099
1626948394988 13 41149
1626948422925 13 41199
1626948450947 13 41249
1626948479015 13 41299
1626948507099 13 41349
1626948535310 13 41399
1626948563418 13 41449
1626948591490 13 41499
1626948619868 13 41549
1626948648217 13 41599
1626948676395 13 41649
1626948704475 13 41699
1626948732529 13 41749
1626948760702 13 41799
1626948788815 13 41849
1626948817014 13 41899
1626948845165 13 41949
1626948873309 13 41999
1626948901694 13 42049
1626948929941 13 42099
1626948958002 13 42149
1626948986188 13 42199
1626949014535 13 42249
1626949042719 13 42299
1626949071003 13 42349
1626949099238 13 42399
1626949127444 13 42449
1626949155525 13 42499
1626949183721 13 42549
1626949211916 13 42599
1626949240172 13 42649
1626949268369 13 42699
1626949296637 13 42749
1626949325089 13 42799
1626949353242 13 42849
1626949381460 13 42899
1626949409541 13 42949
1626949437889 13 42999
1626949466298 13 43049
1626949494671 13 43099
1626949522944 13 43149
1626949551289 13 43199
1626949579592 13 43249
1626949607883 13 43299
1626949636170 13 43349
1626949664555 13 43399
1626949692831 13 43449
1626949721116 13 43499
1626949749385 13 43549
1626949777489 13 43599
1626949805817 13 43649
1626949834279 13 43699
1626949864839 13 43749
1626949865673 13 43749
1626950100951 13 43749
1626950136276 14 43799
1626950164414 14 43849
1626950192451 14 43899
1626950220464 14 43949
1626950248549 14 43999
1626950276350 14 44049
1626950304266 14 44099
1626950332190 14 44149
1626950360096 14 44199
1626950387995 14 44249
1626950415817 14 44299
1626950443834 14 44349
1626950471979 14 44399
1626950500098 14 44449
1626950528426 14 44499
1626950556864 14 44549
1626950585271 14 44599
1626950613455 14 44649
1626950641608 14 44699
1626950669980 14 44749
1626950698167 14 44799
1626950726335 14 44849
1626950754578 14 44899
1626950782882 14 44949
1626950811191 14 44999
1626950839681 14 45049
1626950867895 14 45099
1626950896172 14 45149
1626950924411 14 45199
1626950952664 14 45249
1626950980940 14 45299
1626951009164 14 45349
1626951037535 14 45399
1626951065881 14 45449
1626951094193 14 45499
1626951122299 14 45549
1626951150610 14 45599
1626951178784 14 45649
1626951207051 14 45699
1626951235459 14 45749
1626951263856 14 45799
1626951292286 14 45849
1626951320565 14 45899
1626951348752 14 45949
1626951377018 14 45999
1626951405367 14 46049
1626951433496 14 46099
1626951461846 14 46149
1626951490065 14 46199
1626951518276 14 46249
1626951546678 14 46299
1626951574915 14 46349
1626951603192 14 46399
1626951631567 14 46449
1626951659722 14 46499
1626951687807 14 46549
1626951716002 14 46599
1626951744496 14 46649
1626951772816 14 46699
1626951801024 14 46749
1626951829241 14 46799
1626951857712 14 46849
1626951874702 14 46874
1626952110210 14 46874
1626952131627 15 46899
1626952159537 15 46949
1626952187511 15 46999
1626952215433 15 47049
1626952243411 15 47099
1626952271246 15 47149
1626952299206 15 47199
1626952327163 15 47249
1626952355134 15 47299
1626952383158 15 47349
1626952411083 15 47399
1626952439139 15 47449
1626952467218 15 47499
1626952495260 15 47549
1626952523267 15 47599
1626952551630 15 47649
1626952579836 15 47699
1626952607833 15 47749
1626952636095 15 47799
1626952664423 15 47849
1626952692848 15 47899
1626952720910 15 47949
1626952749115 15 47999
1626952777365 15 48049
1626952805396 15 48099
1626952833728 15 48149
1626952861844 15 48199
1626952889996 15 48249
1626952918385 15 48299
1626952946557 15 48349
1626952974894 15 48399
1626953003048 15 48449
1626953031274 15 48499
1626953059507 15 48549
1626953087725 15 48599
1626953116147 15 48649
1626953144110 15 48699
1626953172328 15 48749
1626953200622 15 48799
1626953228853 15 48849
1626953257162 15 48899
1626953285280 15 48949
1626953313604 15 48999
1626953341817 15 49049
1626953370118 15 49099
1626953397963 15 49149
1626953426135 15 49199
1626953454599 15 49249
1626953482670 15 49299
1626953510973 15 49349
1626953539195 15 49399
1626953567520 15 49449
1626953595882 15 49499
1626953624150 15 49549
1626953652439 15 49599
1626953680394 15 49649
1626953708619 15 49699
1626953736678 15 49749
1626953764941 15 49799
1626953793086 15 49849
1626953821158 15 49899
1626953849205 15 49949
1626953879720 15 49999
1626953880450 15 49999
1626954115528 15 49999
1626954150920 16 50049
1626954178873 16 50099
1626954206880 16 50149
1626954234724 16 50199
1626954262595 16 50249
1626954290599 16 50299
1626954318529 16 50349
1626954346517 16 50399
1626954374570 16 50449
1626954402463 16 50499
1626954430294 16 50549
1626954458107 16 50599
1626954486167 16 50649
1626954514262 16 50699
1626954542623 16 50749
1626954570867 16 50799
1626954599092 16 50849
1626954627275 16 50899
1626954655624 16 50949
1626954683897 16 50999
1626954712086 16 51049
1626954740131 16 51099
1626954768203 16 51149
1626954796537 16 51199
1626954824672 16 51249
1626954852929 16 51299
1626954881089 16 51349
1626954909175 16 51399
1626954937214 16 51449
1626954965452 16 51499
1626954993705 16 51549
1626955022011 16 51599
1626955050348 16 51649
1626955078632 16 51699
1626955106804 16 51749
1626955135011 16 51799
1626955163375 16 51849
1626955191509 16 51899
1626955219924 16 51949
1626955248230 16 51999
1626955276380 16 52049
1626955304621 16 52099
1626955333031 16 52149
1626955361291 16 52199
1626955389432 16 52249
1626955417706 16 52299
1626955446217 16 52349
1626955474312 16 52399
1626955502603 16 52449
1626955530930 16 52499
1626955559072 16 52549
1626955587426 16 52599
1626955615638 16 52649
1626955644011 16 52699
1626955672306 16 52749
1626955700709 16 52799
1626955728996 16 52849
1626955757233 16 52899
1626955785622 16 52949
1626955813804 16 52999
1626955841908 16 53049
1626955870524 16 53099
1626955889197 16 53124
1626956122627 16 53124
1626956144582 17 53149
1626956172613 17 53199
1626956200704 17 53249
1626956228779 17 53299
1626956256790 17 53349
1626956284782 17 53399
1626956314614 17 53449
1626956342702 17 53499
1626956370708 17 53549
1626956398722 17 53599
1626956426646 17 53649
1626956454657 17 53699
1626956482817 17 53749
1626956511140 17 53799
1626956539387 17 53849
1626956567685 17 53899
1626956596221 17 53949
1626956624385 17 53999
1626956652675 17 54049
1626956681008 17 54099
1626956709341 17 54149
1626956737696 17 54199
1626956765816 17 54249
1626956794214 17 54299
1626956822469 17 54349
1626956850753 17 54399
1626956878924 17 54449
1626956907195 17 54499
1626956935564 17 54549
1626956964009 17 54599
1626956992323 17 54649
1626957020523 17 54699
1626957048606 17 54749
1626957077008 17 54799
1626957105282 17 54849
1626957133542 17 54899
1626957161639 17 54949
1626957189987 17 54999
1626957218078 17 55049
1626957246279 17 55099
1626957274638 17 55149
1626957302729 17 55199
1626957331029 17 55249
1626957359310 17 55299
1626957387722 17 55349
1626957415898 17 55399
1626957444209 17 55449
1626957472463 17 55499
1626957500832 17 55549
1626957529098 17 55599
1626957557204 17 55649
1626957585478 17 55699
1626957613887 17 55749
1626957642242 17 55799
1626957670337 17 55849
1626957698453 17 55899
1626957726601 17 55949
1626957754652 17 55999
1626957782934 17 56049
1626957811138 17 56099
1626957839412 17 56149
1626957867545 17 56199
1626957898314 17 56249
1626957899089 17 56249
1626958132786 17 56249
1626958169739 18 56299
1626958197686 18 56349
1626958225667 18 56399
1626958253621 18 56449
1626958281654 18 56499
1626958309523 18 56549
1626958337571 18 56599
1626958365581 18 56649
1626958395301 18 56699
1626958423293 18 56749
1626958451354 18 56799
1626958479522 18 56849
1626958507589 18 56899
1626958536082 18 56949
1626958564326 18 56999
1626958592600 18 57049
1626958620617 18 57099
1626958648890 18 57149
1626958677378 18 57199
1626958705562 18 57249
1626958733797 18 57299
1626958762026 18 57349
1626958790249 18 57399
1626958818659 18 57449
1626958846862 18 57499
1626958875108 18 57549
1626958903179 18 57599
1626958931294 18 57649
1626958959502 18 57699
1626958988021 18 57749
1626959016229 18 57799
1626959044448 18 57849
1626959072786 18 57899
1626959101100 18 57949
1626959129569 18 57999
1626959157917 18 58049
1626959186178 18 58099
1626959214633 18 58149
1626959242901 18 58199
1626959271017 18 58249
1626959299280 18 58299
1626959327644 18 58349
1626959355777 18 58399
1626959383857 18 58449
1626959412100 18 58499
1626959440343 18 58549
1626959468656 18 58599
1626959496994 18 58649
1626959525372 18 58699
1626959553558 18 58749
1626959581699 18 58799
1626959609964 18 58849
1626959638211 18 58899
1626959666513 18 58949
1626959694713 18 58999
1626959722985 18 59049
1626959751195 18 59099
1626959779460 18 59149
1626959807724 18 59199
1626959836036 18 59249
1626959864259 18 59299
1626959892852 18 59349
1626959909952 18 59374
1626960143019 18 59374
1626960166518 19 59399
1626960194483 19 59449
1626960223445 19 59499
1626960251702 19 59549
1626960279724 19 59599
1626960307789 19 59649
1626960336055 19 59699
1626960364272 19 59749
1626960392090 19 59799
1626960420048 19 59849
1626960448061 19 59899
1626960476034 19 59949
1626960503975 19 59999
1626960532201 19 60049
1626960560480 19 60099
1626960588763 19 60149
1626960617109 19 60199
1626960645344 19 60249
1626960673617 19 60299
1626960701622 19 60349
1626960729902 19 60399
1626960757938 19 60449
1626960786245 19 60499
1626960814645 19 60549
1626960842954 19 60599
1626960871542 19 60649
1626960900100 19 60699
1626960928316 19 60749
1626960956468 19 60799
1626960984914 19 60849
1626961013251 19 60899
1626961041619 19 60949
1626961070011 19 60999
1626961098331 19 61049
1626961126613 19 61099
1626961155150 19 61149
1626961183462 19 61199
1626961211864 19 61249
1626961240229 19 61299
1626961268409 19 61349
1626961296705 19 61399
1626961324972 19 61449
1626961353127 19 61499
1626961381336 19 61549
1626961409581 19 61599
1626961438302 19 61649
1626961466580 19 61699
1626961495031 19 61749
1626961523404 19 61799
1626961552284 19 61849
1626961580479 19 61899
1626961608948 19 61949
1626961637218 19 61999
1626961665852 19 62049
1626961694172 19 62099
1626961722359 19 62149
1626961750776 19 62199
1626961778994 19 62249
1626961807289 19 62299
1626961835681 19 62349
1626961864056 19 62399
1626961892148 19 62449
1626961922789 19 62499
1626961923558 19 62499
1626962157293 19 62499
