1626922053103 0.001 0
1626924053317 0.0009938441702975688 3125
1626926056427 0.0009755282581475768 6250
1626928057616 0.0009455032620941839 9375
1626930058231 0.0009045084971874737 12500
1626932061843 0.0008535533905932737 15625
1626934065223 0.0007938926261462366 18750
1626936068167 0.0007269952498697733 21875
1626938070365 0.0006545084971874737 25000
1626940073989 0.0005782172325201155 28125
1626942080001 0.0005 31250
1626944083929 0.0004217827674798847 34375
1626946090054 0.00034549150281252633 37500
1626948091989 0.00027300475013022663 40625
1626950100958 0.00020610737385376348 43750
1626952110216 0.00014644660940672625 46875
1626954115550 9.549150281252631e-05 50000
1626956122651 5.4496737905816096e-05 53125
1626958132791 2.447174185242323e-05 56250
1626960143034 6.15582970243117e-06 59375
