1626923820905 19.140365600585938 3124
1626924053156 19.140365600585938 0
1626925823956 16.273469924926758 6249
1626926056398 16.273469924926758 1
1626927824529 15.574475288391113 9374
1626928057341 15.574475288391113 2
1626929825623 15.182731628417969 12499
1626930058173 15.182731628417969 3
1626931826736 14.933488845825195 15624
1626932061524 14.933488845825195 4
1626933830757 14.74852466583252 18749
1626934065112 14.74852466583252 5
1626935833592 14.575185775756836 21874
1626936067910 14.575185775756836 6
1626937835546 14.41280746459961 24999
1626938070313 14.41280746459961 7
1626939841428 14.28499984741211 28124
1626940073920 14.28499984741211 8
1626941846594 14.165115356445312 31249
1626942079692 14.165115356445312 9
1626943850836 14.058183670043945 34374
1626944083761 14.058183670043945 10
1626945855811 13.961387634277344 37499
1626946089872 13.961387634277344 11
1626947859457 13.877187728881836 40624
1626948091942 13.877187728881836 12
1626949865673 13.794917106628418 43749
1626950100774 13.794917106628418 13
1626951874702 13.722172737121582 46874
1626952109445 13.722172737121582 14
1626953880450 13.651472091674805 49999
1626954115373 13.651472091674805 15
1626955889197 13.60067081451416 53124
1626956122575 13.60067081451416 16
1626957899089 13.548497200012207 56249
1626958132762 13.548497200012207 17
1626959909952 13.52164077758789 59374
1626960142792 13.52164077758789 18
1626961923558 13.502367973327637 62499
1626962156649 13.502367973327637 19
