1626924053156 16.773548126220703 0
1626926056398 15.641101837158203 1
1626928057341 15.609739303588867 2
1626930058173 14.963349342346191 3
1626932061524 14.74158000946045 4
1626934065112 14.631697654724121 5
1626936067910 14.760456085205078 6
1626938070313 14.40187931060791 7
1626940073920 14.348777770996094 8
1626942079692 13.811548233032227 9
1626944083761 13.746210098266602 10
1626946089872 14.255317687988281 11
1626948091942 13.883607864379883 12
1626950100774 13.730653762817383 13
1626952109445 13.551679611206055 14
1626954115373 13.62419319152832 15
1626956122575 13.678537368774414 16
1626958132762 13.820980072021484 17
1626960142792 13.531648635864258 18
1626962156649 13.375690460205078 19
