1626922089043 29.311786651611328 49
1626922116819 25.95464324951172 99
1626922144703 24.70490837097168 149
1626922172492 23.892662048339844 199
1626922200336 23.17711639404297 249
1626922228209 21.937572479248047 299
1626922256144 21.514394760131836 349
1626922283996 21.32381820678711 399
1626922311912 20.32181167602539 449
1626922339994 20.51492691040039 499
1626922367860 20.230655670166016 549
1626922396269 19.644763946533203 599
1626922424629 20.948383331298828 649
1626922452968 20.368328094482422 699
1626922481262 19.678165435791016 749
1626922509465 19.420063018798828 799
1626922537677 19.5816707611084 849
1626922566039 19.39801788330078 899
1626922594302 19.223114013671875 949
1626922622702 19.30394744873047 999
1626922650751 18.95177459716797 1049
1626922678735 18.625518798828125 1099
1626922706962 18.507118225097656 1149
1626922735306 18.731502532958984 1199
1626922763408 18.094486236572266 1249
1626922791749 18.884864807128906 1299
1626922819757 18.30265998840332 1349
1626922847861 18.54318618774414 1399
1626922876081 18.44059181213379 1449
1626922904272 18.53691864013672 1499
1626922932476 18.55831527709961 1549
1626922960428 18.203350067138672 1599
1626922988590 18.58959197998047 1649
1626923016741 18.227237701416016 1699
1626923044785 18.8355770111084 1749
1626923072865 18.3193359375 1799
1626923101049 17.94581413269043 1849
1626923129423 17.871559143066406 1899
1626923157730 18.764938354492188 1949
1626923185660 17.587574005126953 1999
1626923213836 17.42969512939453 2049
1626923241826 17.80029296875 2099
1626923269930 17.612163543701172 2149
1626923298197 17.68524169921875 2199
1626923326279 17.920873641967773 2249
1626923354367 17.08303451538086 2299
1626923382684 17.201969146728516 2349
1626923410809 17.245515823364258 2399
1626923438853 17.15489959716797 2449
1626923466880 16.996051788330078 2499
1626923495033 17.3111572265625 2549
1626923523158 16.555866241455078 2599
1626923551270 16.563549041748047 2649
1626923579382 16.692174911499023 2699
1626923607402 16.96283721923828 2749
1626923635448 17.63011360168457 2799
1626923663564 16.806503295898438 2849
1626923691763 16.954126358032227 2899
1626923719765 16.967199325561523 2949
1626923747965 17.295089721679688 2999
1626923776010 16.927963256835938 3049
1626923804301 16.648548126220703 3099
1626924053156 16.773548126220703 0
1626924075886 16.79407501220703 3149
1626924103786 16.85129165649414 3199
1626924131689 16.581165313720703 3249
1626924159599 16.90581512451172 3299
1626924187512 16.88275146484375 3349
1626924215501 17.05810546875 3399
1626924243549 17.205249786376953 3449
1626924271499 16.89358139038086 3499
1626924299548 16.34450340270996 3549
1626924327560 17.14447593688965 3599
1626924355490 16.720596313476562 3649
1626924383587 16.316307067871094 3699
1626924411521 16.629886627197266 3749
1626924439617 16.69577407836914 3799
1626924467612 16.566850662231445 3849
1626924495661 16.625995635986328 3899
1626924523770 16.356250762939453 3949
1626924552032 16.433300018310547 3999
1626924580209 16.29544448852539 4049
1626924608392 16.226287841796875 4099
1626924636652 16.453420639038086 4149
1626924664746 16.127655029296875 4199
1626924692665 16.075153350830078 4249
1626924720632 16.320480346679688 4299
1626924748742 16.28813934326172 4349
1626924777106 16.16142463684082 4399
1626924805252 16.134143829345703 4449
1626924833341 16.516700744628906 4499
1626924861598 16.334453582763672 4549
1626924889753 16.222274780273438 4599
1626924917940 16.303279876708984 4649
1626924945914 16.10643768310547 4699
1626924974212 16.15507698059082 4749
1626925002488 16.609882354736328 4799
1626925030461 15.835651397705078 4849
1626925058581 16.281940460205078 4899
1626925086642 16.00359344482422 4949
1626925114753 15.703804969787598 4999
1626925142858 16.83123016357422 5049
1626925171089 16.403827667236328 5099
1626925199342 15.710945129394531 5149
1626925227528 15.728578567504883 5199
1626925255526 15.945381164550781 5249
1626925283864 16.20458984375 5299
1626925312099 16.190895080566406 5349
1626925340496 16.15129852294922 5399
1626925368583 15.77896499633789 5449
1626925396801 16.274036407470703 5499
1626925424922 16.116416931152344 5549
1626925453081 15.987984657287598 5599
1626925481254 15.972171783447266 5649
1626925509412 16.043088912963867 5699
1626925537608 15.942221641540527 5749
1626925566006 16.293190002441406 5799
1626925594353 16.44795036315918 5849
1626925622639 16.055206298828125 5899
1626925650755 16.28507423400879 5949
1626925678833 15.876455307006836 5999
1626925706898 15.669168472290039 6049
1626925734964 15.805521011352539 6099
1626925763084 15.552228927612305 6149
1626925791308 15.570512771606445 6199
1626925821550 15.641101837158203 6249
1626926056398 15.641101837158203 1
1626926091245 15.522601127624512 6299
1626926119287 16.031707763671875 6349
1626926147235 15.88522720336914 6399
1626926175311 16.397945404052734 6449
1626926203201 15.930747032165527 6499
1626926231258 16.241779327392578 6549
1626926259102 15.384239196777344 6599
1626926287155 15.874021530151367 6649
1626926315127 15.39698600769043 6699
1626926343099 15.721299171447754 6749
1626926371065 15.595680236816406 6799
1626926399097 15.93659782409668 6849
1626926427224 15.5108642578125 6899
1626926455094 15.673883438110352 6949
1626926483290 15.508318901062012 6999
1626926511517 15.802093505859375 7049
1626926539741 15.373787879943848 7099
1626926567964 16.06802749633789 7149
1626926596013 15.872880935668945 7199
1626926624058 15.573263168334961 7249
1626926652008 15.750685691833496 7299
1626926680064 15.30099105834961 7349
1626926708206 15.47620964050293 7399
1626926736394 15.279267311096191 7449
1626926764726 15.593648910522461 7499
1626926792877 15.677525520324707 7549
1626926821055 15.690978050231934 7599
1626926849083 15.5587158203125 7649
1626926877155 15.248641014099121 7699
1626926905100 15.418436050415039 7749
1626926933435 15.931035041809082 7799
1626926961652 15.388679504394531 7849
1626926989840 16.145313262939453 7899
1626927017932 15.930328369140625 7949
1626927046090 15.652715682983398 7999
1626927074135 15.586130142211914 8049
1626927102233 15.825178146362305 8099
1626927130475 15.273770332336426 8149
1626927158560 15.308029174804688 8199
1626927186692 15.35399055480957 8249
1626927214830 15.435407638549805 8299
1626927242900 15.635204315185547 8349
1626927270982 16.130638122558594 8399
1626927299066 15.466633796691895 8449
1626927327158 15.18362045288086 8499
1626927355190 15.5558443069458 8549
1626927383474 15.343811988830566 8599
1626927411535 15.073627471923828 8649
1626927439683 15.426962852478027 8699
1626927467705 15.011381149291992 8749
1626927495798 15.194602966308594 8799
1626927523896 15.17789077758789 8849
1626927552209 15.214284896850586 8899
1626927580478 15.56888198852539 8949
1626927608770 15.393269538879395 8999
1626927636653 15.712966918945312 9049
1626927664782 15.127927780151367 9099
1626927692960 15.281532287597656 9149
1626927721279 15.331815719604492 9199
1626927749417 15.296764373779297 9249
1626927777511 15.204201698303223 9299
1626927806020 15.268280982971191 9349
1626928057341 15.609739303588867 2
1626928078967 15.532602310180664 9399
1626928106900 14.979085922241211 9449
1626928134900 15.259737014770508 9499
1626928162807 15.40998649597168 9549
1626928191291 15.304015159606934 9599
1626928219329 14.98080825805664 9649
1626928247238 15.01101303100586 9699
1626928275100 15.608190536499023 9749
1626928303037 15.370655059814453 9799
1626928331111 15.09930419921875 9849
1626928359181 15.240076065063477 9899
1626928387161 15.400525093078613 9949
1626928415133 15.288694381713867 9999
1626928443072 15.379470825195312 10049
1626928471129 14.612112045288086 10099
1626928499139 15.25429916381836 10149
1626928527248 15.398011207580566 10199
1626928555285 15.327642440795898 10249
1626928583365 15.102312088012695 10299
1626928611486 15.380438804626465 10349
1626928639598 15.336702346801758 10399
1626928667839 14.79300308227539 10449
1626928696079 15.313940048217773 10499
1626928724277 14.976790428161621 10549
1626928752489 15.515779495239258 10599
1626928780663 15.546133041381836 10649
1626928808731 15.409028053283691 10699
1626928836760 15.3135986328125 10749
1626928865016 14.921539306640625 10799
1626928893054 14.955366134643555 10849
1626928921234 15.307832717895508 10899
1626928949401 14.960559844970703 10949
1626928977506 15.628955841064453 10999
1626929005799 14.740205764770508 11049
1626929033864 15.480609893798828 11099
1626929062216 14.978936195373535 11149
1626929090497 15.058828353881836 11199
1626929118540 14.588533401489258 11249
1626929146760 14.828838348388672 11299
1626929176681 15.211962699890137 11349
1626929204727 15.080095291137695 11399
1626929232671 15.480649948120117 11449
1626929260882 15.041543960571289 11499
1626929288923 15.019392013549805 11549
1626929317128 15.241004943847656 11599
1626929345183 14.526567459106445 11649
1626929373310 14.800671577453613 11699
1626929401404 14.791926383972168 11749
1626929429432 15.361669540405273 11799
1626929457447 14.932840347290039 11849
1626929485635 15.693377494812012 11899
1626929513637 15.153436660766602 11949
1626929541609 14.847431182861328 11999
1626929569605 15.468477249145508 12049
1626929597811 15.24207878112793 12099
1626929625856 15.000276565551758 12149
1626929654008 14.895854949951172 12199
1626929681961 15.149748802185059 12249
1626929710026 14.895978927612305 12299
1626929738051 15.152922630310059 12349
1626929766288 15.138126373291016 12399
1626929794494 15.123880386352539 12449
1626929824828 14.963349342346191 12499
1626930058173 14.963349342346191 3
1626930094806 15.150466918945312 12549
1626930122881 15.448698043823242 12599
1626930150855 14.559420585632324 12649
1626930178712 15.07820987701416 12699
1626930206702 15.033456802368164 12749
1626930234709 14.852896690368652 12799
1626930262625 14.992996215820312 12849
1626930290529 14.893566131591797 12899
1626930318516 14.81866455078125 12949
1626930346646 14.808253288269043 12999
1626930374581 14.659383773803711 13049
1626930402704 15.000444412231445 13099
1626930430662 15.350065231323242 13149
1626930458817 14.897947311401367 13199
1626930487065 15.155417442321777 13249
1626930515238 14.821684837341309 13299
1626930543452 14.803329467773438 13349
1626930571587 14.988922119140625 13399
1626930599716 15.446907043457031 13449
1626930627634 14.898704528808594 13499
1626930655851 15.054903030395508 13549
1626930683833 15.002422332763672 13599
1626930712149 15.358378410339355 13649
1626930740259 14.531389236450195 13699
1626930768410 14.79941177368164 13749
1626930796572 14.632566452026367 13799
1626930824863 14.600908279418945 13849
1626930853003 15.139026641845703 13899
1626930881225 14.857109069824219 13949
1626930909329 14.79827880859375 13999
1626930937570 15.003891944885254 14049
1626930965620 14.899003982543945 14099
1626930993787 15.104715347290039 14149
1626931021858 14.56971263885498 14199
1626931050009 15.381706237792969 14249
1626931078257 14.796550750732422 14299
1626931106302 14.977178573608398 14349
1626931134519 14.704532623291016 14399
1626931162810 15.065862655639648 14449
1626931190779 14.870561599731445 14499
1626931219022 14.651739120483398 14549
1626931247154 15.079610824584961 14599
1626931275405 14.97381591796875 14649
1626931303438 14.720528602600098 14699
1626931331578 15.129040718078613 14749
1626931359743 14.950478553771973 14799
1626931387850 14.774737358093262 14849
1626931416287 14.909175872802734 14899
1626931444214 15.301728248596191 14949
1626931472349 14.899374008178711 14999
1626931500327 14.968329429626465 15049
1626931528316 14.545051574707031 15099
1626931556521 14.774861335754395 15149
1626931584635 14.493295669555664 15199
1626931612777 14.585819244384766 15249
1626931641002 14.625785827636719 15299
1626931668935 14.926308631896973 15349
1626931697170 14.920230865478516 15399
1626931725373 15.210371017456055 15449
1626931753326 14.866765975952148 15499
1626931781539 14.79507827758789 15549
1626931809859 15.167545318603516 15599
1626932061524 14.74158000946045 4
1626932083185 14.526809692382812 15649
1626932111055 14.808784484863281 15699
1626932139019 14.585037231445312 15749
1626932166897 14.578291893005371 15799
1626932195003 14.798131942749023 15849
1626932223051 14.837407112121582 15899
1626932251169 14.571313858032227 15949
1626932279310 15.090198516845703 15999
1626932307243 14.576971054077148 16049
1626932335051 14.374979019165039 16099
1626932362917 14.584854125976562 16149
1626932390943 14.602664947509766 16199
1626932418974 14.775789260864258 16249
1626932446957 14.834756851196289 16299
1626932475145 14.63671588897705 16349
1626932503173 14.692855834960938 16399
1626932531592 14.496797561645508 16449
1626932559701 15.285041809082031 16499
1626932588029 14.915692329406738 16549
1626932616431 14.693750381469727 16599
1626932644599 14.504213333129883 16649
1626932672814 14.714824676513672 16699
1626932700978 14.98235034942627 16749
1626932729281 14.775484085083008 16799
1626932757645 15.067562103271484 16849
1626932785814 14.48310661315918 16899
1626932813934 14.77856159210205 16949
1626932842133 14.502622604370117 16999
1626932870144 14.914796829223633 17049
1626932898203 14.634941101074219 17099
1626932926282 14.473794937133789 17149
1626932954424 14.58799934387207 17199
1626932982783 14.491957664489746 17249
1626933010800 14.459091186523438 17299
1626933039002 14.676586151123047 17349
1626933067073 14.77678108215332 17399
1626933095166 14.784656524658203 17449
1626933123186 14.474495887756348 17499
1626933151308 14.371760368347168 17549
1626933179582 14.332621574401855 17599
1626933207748 14.880664825439453 17649
1626933236050 15.190675735473633 17699
1626933264082 14.8595609664917 17749
1626933292133 14.604131698608398 17799
1626933320358 14.994587898254395 17849
1626933348517 14.767993927001953 17899
1626933376741 14.652825355529785 17949
1626933404796 14.66749095916748 17999
1626933433152 14.722806930541992 18049
1626933461448 14.931577682495117 18099
1626933489646 15.215700149536133 18149
1626933517916 14.943405151367188 18199
1626933546200 15.022758483886719 18249
1626933574270 15.03547477722168 18299
1626933602373 15.058989524841309 18349
1626933630612 14.592314720153809 18399
1626933658778 14.830977439880371 18449
1626933686989 14.699063301086426 18499
1626933715044 14.395063400268555 18549
1626933743349 14.617681503295898 18599
1626933771311 15.233410835266113 18649
1626933799514 14.412267684936523 18699
1626933829975 14.631697654724121 18749
1626934065112 14.631697654724121 5
1626934100598 14.676900863647461 18799
1626934128520 14.685317993164062 18849
1626934156406 14.990906715393066 18899
1626934184374 14.702794075012207 18949
1626934212315 14.669214248657227 18999
1626934240254 14.551706314086914 19049
1626934268313 14.310775756835938 19099
1626934296268 14.784080505371094 19149
1626934324221 14.588282585144043 19199
1626934352195 14.238804817199707 19249
1626934380167 14.47023868560791 19299
1626934408236 14.476963996887207 19349
1626934436118 14.861424446105957 19399
1626934464172 14.650896072387695 19449
1626934492461 14.873584747314453 19499
1626934520666 14.321887969970703 19549
1626934548776 14.689403533935547 19599
1626934577057 14.635791778564453 19649
1626934605056 14.605329513549805 19699
1626934633332 14.872889518737793 19749
1626934661583 14.50474739074707 19799
1626934689720 14.80035400390625 19849
1626934717651 14.505155563354492 19899
1626934745800 14.313255310058594 19949
1626934773983 14.71764087677002 19999
1626934802131 14.475669860839844 20049
1626934830345 14.648296356201172 20099
1626934858496 14.358623504638672 20149
1626934886862 14.644340515136719 20199
1626934914991 14.465463638305664 20249
1626934943284 14.74299430847168 20299
1626934971394 14.526885986328125 20349
1626934999495 14.807730674743652 20399
1626935027584 14.59162425994873 20449
1626935055783 14.47900104522705 20499
1626935083925 14.525192260742188 20549
1626935112046 14.666875839233398 20599
1626935140195 14.433135986328125 20649
1626935168342 14.366049766540527 20699
1626935196381 14.507389068603516 20749
1626935224698 14.28311824798584 20799
1626935252885 14.632669448852539 20849
1626935280967 14.347280502319336 20899
1626935309088 14.626474380493164 20949
1626935337441 14.77407169342041 20999
1626935365608 14.254929542541504 21049
1626935393710 15.312774658203125 21099
1626935421815 14.300621032714844 21149
1626935449881 14.708257675170898 21199
1626935477984 14.768341064453125 21249
1626935506066 14.7612886428833 21299
1626935534240 14.284692764282227 21349
1626935562558 14.513415336608887 21399
1626935590721 14.419021606445312 21449
1626935618966 14.004518508911133 21499
1626935646948 14.408520698547363 21549
1626935675180 14.717621803283691 21599
1626935703535 14.7001953125 21649
1626935731827 14.323593139648438 21699
1626935760079 14.237340927124023 21749
1626935788340 14.650571823120117 21799
1626935816745 14.92630386352539 21849
1626936067910 14.760456085205078 6
1626936089740 14.373079299926758 21899
1626936117658 14.30146312713623 21949
1626936145551 14.16592025756836 21999
1626936173402 14.428329467773438 22049
1626936201326 14.668299674987793 22099
1626936229222 14.29606819152832 22149
1626936257256 14.54755687713623 22199
1626936285107 14.976860046386719 22249
1626936313090 14.187708854675293 22299
1626936341026 14.522977828979492 22349
1626936369085 14.711359024047852 22399
1626936397084 14.49443244934082 22449
1626936425093 14.080751419067383 22499
1626936453027 14.547516822814941 22549
1626936481020 14.342386245727539 22599
1626936509099 14.510318756103516 22649
1626936537294 14.131404876708984 22699
1626936565337 14.494388580322266 22749
1626936593620 14.259149551391602 22799
1626936621847 14.87183952331543 22849
1626936649884 14.634696960449219 22899
1626936678030 15.076883316040039 22949
1626936706341 14.98308277130127 22999
1626936734456 14.59019660949707 23049
1626936762593 14.65330982208252 23099
1626936790739 14.300760269165039 23149
1626936818730 14.178207397460938 23199
1626936846820 14.733141899108887 23249
1626936874887 14.466926574707031 23299
1626936903222 14.414852142333984 23349
1626936931186 14.33713436126709 23399
1626936959475 14.247730255126953 23449
1626936987633 14.432817459106445 23499
1626937015883 14.550368309020996 23549
1626937043970 14.410558700561523 23599
1626937072310 14.381370544433594 23649
1626937100451 14.439892768859863 23699
1626937128598 14.339944839477539 23749
1626937156800 14.432730674743652 23799
1626937184872 14.59527587890625 23849
1626937213005 14.415180206298828 23899
1626937241182 14.334232330322266 23949
1626937269302 13.689224243164062 23999
1626937297356 14.602374076843262 24049
1626937325617 14.426902770996094 24099
1626937353702 14.45620346069336 24149
1626937381988 14.2197847366333 24199
1626937410034 14.5584077835083 24249
1626937438053 14.345139503479004 24299
1626937466127 14.558686256408691 24349
1626937494252 14.106203079223633 24399
1626937522415 14.668709754943848 24449
1626937550534 14.218000411987305 24499
1626937578705 14.155824661254883 24549
1626937606842 14.385217666625977 24599
1626937635080 14.298895835876465 24649
1626937663374 14.473106384277344 24699
1626937691599 14.363187789916992 24749
1626937719677 14.90662956237793 24799
1626937747989 14.947797775268555 24849
1626937776064 14.263591766357422 24899
1626937804260 14.26474380493164 24949
1626937834776 14.40187931060791 24999
1626938070313 14.40187931060791 7
1626938106262 14.546693801879883 25049
1626938134307 14.093666076660156 25099
1626938162116 14.364603042602539 25149
1626938190054 14.179990768432617 25199
1626938217967 14.452079772949219 25249
1626938245803 14.97382926940918 25299
1626938273750 14.541210174560547 25349
1626938301604 14.482168197631836 25399
1626938329516 14.113104820251465 25449
1626938357466 14.087453842163086 25499
1626938385412 14.071697235107422 25549
1626938413386 14.59322452545166 25599
1626938441476 14.178443908691406 25649
1626938469653 14.058406829833984 25699
1626938497988 14.167135238647461 25749
1626938526131 14.3963041305542 25799
1626938554358 13.88028335571289 25849
1626938582408 14.391462326049805 25899
1626938610591 14.266117095947266 25949
1626938638505 14.545604705810547 25999
1626938666601 14.526196479797363 26049
1626938694803 14.252547264099121 26099
1626938722951 14.108827590942383 26149
1626938751080 14.023265838623047 26199
1626938779346 14.49190902709961 26249
1626938807534 14.431620597839355 26299
1626938835777 14.152167320251465 26349
1626938863841 13.960158348083496 26399
1626938891911 14.747947692871094 26449
1626938920077 13.977962493896484 26499
1626938948425 14.34506607055664 26549
1626938976426 14.054134368896484 26599
1626939004442 14.207651138305664 26649
1626939032435 14.071887969970703 26699
1626939060602 14.157057762145996 26749
1626939088882 14.211881637573242 26799
1626939117087 14.273523330688477 26849
1626939145326 14.390485763549805 26899
1626939173404 14.213247299194336 26949
1626939201496 14.09174633026123 26999
1626939229591 14.397810935974121 27049
1626939257667 14.032951354980469 27099
1626939285962 14.791864395141602 27149
1626939314031 14.14532470703125 27199
1626939344266 14.34280014038086 27249
1626939372431 14.286052703857422 27299
1626939400513 14.215587615966797 27349
1626939428625 14.459897994995117 27399
1626939457425 13.946033477783203 27449
1626939485810 14.56953239440918 27499
1626939514122 14.696887969970703 27549
1626939542434 14.331378936767578 27599
1626939570597 14.748248100280762 27649
1626939598667 14.624948501586914 27699
1626939626960 14.139726638793945 27749
1626939655214 14.618146896362305 27799
1626939683416 13.89714241027832 27849
1626939711433 14.001508712768555 27899
1626939739583 13.996134757995605 27949
1626939767675 14.3770751953125 27999
1626939795907 13.926127433776855 28049
1626939824472 14.14726448059082 28099
1626940073920 14.348777770996094 8
1626940096558 13.809686660766602 28149
1626940124506 14.708023071289062 28199
1626940152557 14.402179718017578 28249
1626940180568 14.120916366577148 28299
1626940208648 14.038461685180664 28349
1626940236598 14.04734992980957 28399
1626940264607 14.168834686279297 28449
1626940292757 14.056055068969727 28499
1626940320768 14.059350967407227 28549
1626940348874 13.860633850097656 28599
1626940376809 14.121191024780273 28649
1626940404858 14.18286418914795 28699
1626940432879 13.975049018859863 28749
1626940460802 13.963132858276367 28799
1626940489012 14.542037963867188 28849
1626940517371 14.106897354125977 28899
1626940545405 13.962493896484375 28949
1626940573577 14.035991668701172 28999
1626940601671 14.584566116333008 29049
1626940629805 14.47215461730957 29099
1626940657893 14.372169494628906 29149
1626940685992 13.866065979003906 29199
1626940714177 13.9274320602417 29249
1626940742377 13.969837188720703 29299
1626940770664 13.715984344482422 29349
1626940798637 14.16955852508545 29399
1626940826807 14.1300687789917 29449
1626940854896 14.06106948852539 29499
1626940883043 14.286163330078125 29549
1626940911441 14.085227966308594 29599
1626940939315 14.063483238220215 29649
1626940967563 14.409675598144531 29699
1626940995778 14.290983200073242 29749
1626941023868 14.173778533935547 29799
1626941052085 13.869359970092773 29849
1626941080145 14.4924955368042 29899
1626941108377 14.237462043762207 29949
1626941136649 14.18893051147461 29999
1626941164734 14.173171997070312 30049
1626941193113 14.25895881652832 30099
1626941221346 13.60542106628418 30149
1626941249385 13.960894584655762 30199
1626941277461 14.412969589233398 30249
1626941305768 14.085504531860352 30299
1626941333974 14.70689582824707 30349
1626941362105 13.998405456542969 30399
1626941390346 13.76003646850586 30449
1626941418685 14.349878311157227 30499
1626941446866 14.19552230834961 30549
1626941474988 14.31531047821045 30599
1626941503160 14.516071319580078 30649
1626941531457 14.21064281463623 30699
1626941559703 13.870985984802246 30749
1626941587968 14.074662208557129 30799
1626941616212 14.55237102508545 30849
1626941644411 14.230013847351074 30899
1626941672572 14.225993156433105 30949
1626941700770 14.045467376708984 30999
1626941728930 14.333248138427734 31049
1626941757084 14.07925033569336 31099
1626941785469 14.15121841430664 31149
1626941813738 14.228078842163086 31199
1626941844245 13.811548233032227 31249
1626942079692 13.811548233032227 9
1626942115085 13.944210052490234 31299
1626942143076 13.822507858276367 31349
1626942171086 14.419672012329102 31399
1626942199215 14.106616973876953 31449
1626942227238 14.225769996643066 31499
1626942255221 13.925707817077637 31549
1626942283292 13.941787719726562 31599
1626942311218 13.989753723144531 31649
1626942339252 13.90866470336914 31699
1626942367353 13.845820426940918 31749
1626942395482 14.176587104797363 31799
1626942423497 14.340108871459961 31849
1626942451459 14.077543258666992 31899
1626942479594 13.932046890258789 31949
1626942507692 14.077615737915039 31999
1626942535914 14.302705764770508 32049
1626942564125 14.124246597290039 32099
1626942592158 13.988253593444824 32149
1626942620325 14.070032119750977 32199
1626942648448 14.145198822021484 32249
1626942676709 13.954753875732422 32299
1626942704966 14.2171630859375 32349
1626942733133 14.3524169921875 32399
1626942761285 14.107059478759766 32449
1626942789534 13.859363555908203 32499
1626942817671 14.253063201904297 32549
1626942845672 13.987663269042969 32599
1626942873805 14.052610397338867 32649
1626942901930 13.712292671203613 32699
1626942929993 14.484634399414062 32749
1626942958204 13.929117202758789 32799
1626942986504 13.61552906036377 32849
1626943014669 13.954889297485352 32899
1626943042838 13.782258033752441 32949
1626943070890 14.140020370483398 32999
1626943099077 13.917938232421875 33049
1626943127342 14.414291381835938 33099
1626943155606 14.571654319763184 33149
1626943183753 13.962480545043945 33199
1626943211810 13.979829788208008 33249
1626943240054 14.062692642211914 33299
1626943268362 13.767548561096191 33349
1626943296677 14.128868103027344 33399
1626943324892 14.085775375366211 33449
1626943352836 13.974075317382812 33499
1626943381019 14.15609359741211 33549
1626943409195 13.75305461883545 33599
1626943437376 13.893806457519531 33649
1626943465595 13.996281623840332 33699
1626943493779 13.746255874633789 33749
1626943521852 14.218524932861328 33799
1626943550066 14.100847244262695 33849
1626943578323 14.09837818145752 33899
1626943606603 14.099632263183594 33949
1626943635016 14.195690155029297 33999
1626943663113 14.465333938598633 34049
1626943691319 13.914117813110352 34099
1626943719578 14.244121551513672 34149
1626943747851 13.958486557006836 34199
1626943775978 14.193044662475586 34249
1626943803973 13.9440336227417 34299
1626943832370 13.712700843811035 34349
1626944083761 13.746210098266602 10
1626944108324 13.925921440124512 34399
1626944136355 13.80181884765625 34449
1626944164445 14.040979385375977 34499
1626944192328 14.143780708312988 34549
1626944220226 13.92783260345459 34599
1626944248141 14.066049575805664 34649
1626944276091 13.909433364868164 34699
1626944304078 14.465042114257812 34749
1626944332093 13.993551254272461 34799
1626944360089 13.862957000732422 34849
1626944388187 13.73689079284668 34899
1626944416168 13.930313110351562 34949
1626944444141 14.215409278869629 34999
1626944472294 13.75150203704834 35049
1626944500530 13.87266731262207 35099
1626944528693 14.066177368164062 35149
1626944556782 14.142468452453613 35199
1626944585108 13.959198951721191 35249
1626944613501 14.044679641723633 35299
1626944641508 13.907903671264648 35349
1626944669671 13.501935005187988 35399
1626944698044 14.220585823059082 35449
1626944726156 14.045236587524414 35499
1626944754405 14.298163414001465 35549
1626944782501 13.83775520324707 35599
1626944810452 13.905651092529297 35649
1626944838628 14.12829875946045 35699
1626944866731 13.836812973022461 35749
1626944894916 13.841632843017578 35799
1626944923198 14.24954605102539 35849
1626944951378 14.09189224243164 35899
1626944979577 14.197748184204102 35949
1626945007791 14.145625114440918 35999
1626945035992 13.501547813415527 36049
1626945064132 14.126953125 36099
1626945092311 13.540071487426758 36149
1626945120566 13.704670906066895 36199
1626945148478 14.173002243041992 36249
1626945176651 13.874728202819824 36299
1626945204648 14.192402839660645 36349
1626945232872 14.062397003173828 36399
1626945260896 14.10658073425293 36449
1626945288867 14.048036575317383 36499
1626945317198 13.847888946533203 36549
1626945345172 13.790264129638672 36599
1626945373491 13.49217414855957 36649
1626945401686 14.075677871704102 36699
1626945430017 14.038633346557617 36749
1626945458220 13.801811218261719 36799
1626945486298 13.887310028076172 36849
1626945514623 13.943726539611816 36899
1626945542772 13.871014595031738 36949
1626945570966 14.177497863769531 36999
1626945599129 13.934935569763184 37049
1626945627228 14.16335678100586 37099
1626945655357 14.13241195678711 37149
1626945683390 14.005468368530273 37199
1626945711585 14.304436683654785 37249
1626945739762 14.040035247802734 37299
1626945768022 13.887664794921875 37349
1626945796080 13.960740089416504 37399
1626945824385 13.77380657196045 37449
1626945854993 14.255317687988281 37499
1626946089872 14.255317687988281 11
1626946125062 13.846698760986328 37549
1626946152956 13.679018020629883 37599
1626946180976 13.786542892456055 37649
1626946209056 14.01024055480957 37699
1626946237197 13.971511840820312 37749
1626946265260 13.656494140625 37799
1626946293296 13.795676231384277 37849
1626946321346 14.539579391479492 37899
1626946349282 13.635429382324219 37949
1626946377248 13.827348709106445 37999
1626946405238 13.883387565612793 38049
1626946433210 13.852163314819336 38099
1626946461222 14.127453804016113 38149
1626946489365 13.94417667388916 38199
1626946517548 13.917472839355469 38249
1626946545782 13.436518669128418 38299
1626946574403 13.982416152954102 38349
1626946602621 13.940084457397461 38399
1626946630799 13.744793891906738 38449
1626946658757 14.07490348815918 38499
1626946686773 13.86611557006836 38549
1626946714804 14.034842491149902 38599
1626946743061 13.891033172607422 38649
1626946771176 14.359071731567383 38699
1626946799423 13.824137687683105 38749
1626946827643 13.985452651977539 38799
1626946855720 14.413141250610352 38849
1626946883900 13.632883071899414 38899
1626946912229 13.729543685913086 38949
1626946940177 13.974008560180664 38999
1626946968418 13.951671600341797 39049
1626946996631 13.783775329589844 39099
1626947024694 13.779298782348633 39149
1626947052892 13.784257888793945 39199
1626947081130 13.476511001586914 39249
1626947109353 13.583709716796875 39299
1626947137535 13.624881744384766 39349
1626947165405 13.693517684936523 39399
1626947193684 13.923652648925781 39449
1626947221792 14.023975372314453 39499
1626947249959 13.753249168395996 39549
1626947278330 14.093538284301758 39599
1626947306612 14.061355590820312 39649
1626947334829 13.526355743408203 39699
1626947363177 13.887771606445312 39749
1626947391426 13.97772216796875 39799
1626947419570 14.03915023803711 39849
1626947447743 13.690923690795898 39899
1626947475914 14.045209884643555 39949
1626947503984 13.958868980407715 39999
1626947532069 13.889440536499023 40049
1626947560303 13.845480918884277 40099
1626947588603 13.858989715576172 40149
1626947616810 13.781255722045898 40199
1626947645094 13.717824935913086 40249
1626947673260 13.599937438964844 40299
1626947701209 13.743959426879883 40349
1626947729472 14.201805114746094 40399
1626947757520 13.619060516357422 40449
1626947785777 13.947120666503906 40499
1626947814040 13.83437728881836 40549
1626947842535 13.769120216369629 40599
1626948091942 13.883607864379883 12
1626948114759 14.018448829650879 40649
1626948142741 13.790177345275879 40699
1626948170737 13.986228942871094 40749
1626948198683 13.873177528381348 40799
1626948226660 14.095024108886719 40849
1626948254679 13.765779495239258 40899
1626948282725 14.037837982177734 40949
1626948310870 13.73934268951416 40999
1626948338942 13.948057174682617 41049
1626948367033 13.766016006469727 41099
1626948394988 13.749715805053711 41149
1626948422925 13.97791862487793 41199
1626948450947 13.874931335449219 41249
1626948479015 13.908613204956055 41299
1626948507099 14.003612518310547 41349
1626948535310 13.62324333190918 41399
1626948563418 13.709165573120117 41449
1626948591490 13.3687105178833 41499
1626948619868 13.568780899047852 41549
1626948648217 13.725531578063965 41599
1626948676395 13.92779541015625 41649
1626948704475 13.75838851928711 41699
1626948732529 13.904407501220703 41749
1626948760702 13.94894027709961 41799
1626948788815 13.700725555419922 41849
1626948817014 13.939336776733398 41899
1626948845165 13.719245910644531 41949
1626948873309 13.740814208984375 41999
1626948901694 13.897666931152344 42049
1626948929941 13.459064483642578 42099
1626948958002 13.880265235900879 42149
1626948986188 13.64350700378418 42199
1626949014535 13.636022567749023 42249
1626949042719 13.967000961303711 42299
1626949071003 13.545323371887207 42349
1626949099238 14.216054916381836 42399
1626949127444 13.859660148620605 42449
1626949155525 13.902246475219727 42499
1626949183721 13.99819564819336 42549
1626949211916 14.266834259033203 42599
1626949240172 13.586776733398438 42649
1626949268369 13.43266487121582 42699
1626949296637 13.457193374633789 42749
1626949325089 13.626605033874512 42799
1626949353242 13.501751899719238 42849
1626949381460 13.651081085205078 42899
1626949409541 13.943717956542969 42949
1626949437889 13.943990707397461 42999
1626949466298 13.932756423950195 43049
1626949494671 13.739306449890137 43099
1626949522944 13.796598434448242 43149
1626949551289 13.32545280456543 43199
1626949579592 13.922548294067383 43249
1626949607883 14.4391450881958 43299
1626949636170 13.809996604919434 43349
1626949664555 13.765657424926758 43399
1626949692831 13.858566284179688 43449
1626949721116 13.922981262207031 43499
1626949749385 13.571565628051758 43549
1626949777489 13.596895217895508 43599
1626949805817 13.774648666381836 43649
1626949834279 13.581745147705078 43699
1626949864839 13.730653762817383 43749
1626950100774 13.730653762817383 13
1626950136276 13.552616119384766 43799
1626950164414 13.402021408081055 43849
1626950192451 13.894515991210938 43899
1626950220464 13.814103126525879 43949
1626950248549 13.169800758361816 43999
1626950276350 13.603033065795898 44049
1626950304266 13.929658889770508 44099
1626950332190 14.08997917175293 44149
1626950360096 13.55177116394043 44199
1626950387995 13.68800163269043 44249
1626950415817 13.561481475830078 44299
1626950443834 13.405131340026855 44349
1626950471979 13.37224292755127 44399
1626950500098 13.926919937133789 44449
1626950528426 13.873995780944824 44499
1626950556864 13.573895454406738 44549
1626950585271 13.725906372070312 44599
1626950613455 13.583765029907227 44649
1626950641608 13.887554168701172 44699
1626950669980 13.512531280517578 44749
1626950698167 13.846036911010742 44799
1626950726335 13.559269905090332 44849
1626950754578 13.737508773803711 44899
1626950782882 13.614664077758789 44949
1626950811191 14.006952285766602 44999
1626950839681 13.610621452331543 45049
1626950867895 13.378082275390625 45099
1626950896172 13.658879280090332 45149
1626950924411 13.780689239501953 45199
1626950952664 13.634171485900879 45249
1626950980940 13.592666625976562 45299
1626951009164 13.944071769714355 45349
1626951037535 13.596552848815918 45399
1626951065881 13.571298599243164 45449
1626951094193 13.45828914642334 45499
1626951122299 13.99105453491211 45549
1626951150610 13.781055450439453 45599
1626951178784 13.774284362792969 45649
1626951207051 13.692222595214844 45699
1626951235459 13.687921524047852 45749
1626951263856 13.580793380737305 45799
1626951292286 13.901426315307617 45849
1626951320565 13.580450057983398 45899
1626951348752 13.621166229248047 45949
1626951377018 13.319058418273926 45999
1626951405367 13.538155555725098 46049
1626951433496 13.65004825592041 46099
1626951461846 13.530218124389648 46149
1626951490065 13.733818054199219 46199
1626951518276 13.612143516540527 46249
1626951546678 13.698229789733887 46299
1626951574915 13.916848182678223 46349
1626951603192 13.699305534362793 46399
1626951631567 13.768417358398438 46449
1626951659722 13.868402481079102 46499
1626951687807 13.652997016906738 46549
1626951716002 13.829964637756348 46599
1626951744496 13.836498260498047 46649
1626951772816 14.164934158325195 46699
1626951801024 13.36678695678711 46749
1626951829241 13.820066452026367 46799
1626951857712 13.894594192504883 46849
1626952109445 13.551679611206055 14
1626952131627 13.820409774780273 46899
1626952159537 13.516424179077148 46949
1626952187511 13.437261581420898 46999
1626952215433 13.545465469360352 47049
1626952243411 14.28833293914795 47099
1626952271246 13.802512168884277 47149
1626952299206 13.76391887664795 47199
1626952327163 13.546031951904297 47249
1626952355134 13.61129379272461 47299
1626952383158 13.51144790649414 47349
1626952411083 13.396562576293945 47399
1626952439139 13.6868896484375 47449
1626952467218 13.722817420959473 47499
1626952495260 13.88382339477539 47549
1626952523267 13.74719524383545 47599
1626952551630 13.483150482177734 47649
1626952579836 13.616297721862793 47699
1626952607833 13.813950538635254 47749
1626952636095 13.74853229522705 47799
1626952664423 14.138334274291992 47849
1626952692848 13.632709503173828 47899
1626952720910 13.633074760437012 47949
1626952749115 13.520185470581055 47999
1626952777365 13.369844436645508 48049
1626952805396 13.596078872680664 48099
1626952833728 13.629183769226074 48149
1626952861844 13.42750358581543 48199
1626952889996 13.50541877746582 48249
1626952918385 13.631454467773438 48299
1626952946557 13.553903579711914 48349
1626952974894 13.500295639038086 48399
1626953003048 13.262870788574219 48449
1626953031274 13.536764144897461 48499
1626953059507 13.496793746948242 48549
1626953087725 13.83902359008789 48599
1626953116147 13.540682792663574 48649
1626953144110 13.542745590209961 48699
1626953172328 13.621445655822754 48749
1626953200622 13.346599578857422 48799
1626953228853 14.133350372314453 48849
1626953257162 13.849554061889648 48899
1626953285280 14.0424165725708 48949
1626953313604 13.694297790527344 48999
1626953341817 13.641936302185059 49049
1626953370118 13.795122146606445 49099
1626953397963 13.80789566040039 49149
1626953426135 13.447932243347168 49199
1626953454599 13.680272102355957 49249
1626953482670 13.815906524658203 49299
1626953510973 13.433051109313965 49349
1626953539195 13.842706680297852 49399
1626953567520 13.725379943847656 49449
1626953595882 13.934304237365723 49499
1626953624150 14.016462326049805 49549
1626953652439 13.825056076049805 49599
1626953680394 13.977788925170898 49649
1626953708619 13.231924057006836 49699
1626953736678 13.85770034790039 49749
1626953764941 13.53944206237793 49799
1626953793086 13.4989013671875 49849
1626953821158 13.574455261230469 49899
1626953849205 13.800041198730469 49949
1626953879720 13.62419319152832 49999
1626954115373 13.62419319152832 15
1626954150920 13.60159683227539 50049
1626954178873 13.691137313842773 50099
1626954206880 13.553390502929688 50149
1626954234724 13.483917236328125 50199
1626954262595 13.560443878173828 50249
1626954290599 13.868481636047363 50299
1626954318529 13.242256164550781 50349
1626954346517 13.539351463317871 50399
1626954374570 13.67722225189209 50449
1626954402463 13.423872947692871 50499
1626954430294 13.400585174560547 50549
1626954458107 13.420692443847656 50599
1626954486167 13.385766983032227 50649
1626954514262 13.524246215820312 50699
1626954542623 13.499804496765137 50749
1626954570867 13.614745140075684 50799
1626954599092 13.543352127075195 50849
1626954627275 13.569295883178711 50899
1626954655624 13.526937484741211 50949
1626954683897 13.57258415222168 50999
1626954712086 13.238974571228027 51049
1626954740131 13.76502799987793 51099
1626954768203 13.627716064453125 51149
1626954796537 13.699636459350586 51199
1626954824672 13.724655151367188 51249
1626954852929 13.710489273071289 51299
1626954881089 13.736028671264648 51349
1626954909175 13.377237319946289 51399
1626954937214 13.382701873779297 51449
1626954965452 13.405932426452637 51499
1626954993705 13.34298324584961 51549
1626955022011 13.259500503540039 51599
1626955050348 13.28110408782959 51649
1626955078632 13.689393997192383 51699
1626955106804 13.821516036987305 51749
1626955135011 13.513469696044922 51799
1626955163375 13.45541763305664 51849
1626955191509 13.767833709716797 51899
1626955219924 13.581466674804688 51949
1626955248230 13.763130187988281 51999
1626955276380 13.984914779663086 52049
1626955304621 13.70230484008789 52099
1626955333031 13.744440078735352 52149
1626955361291 13.374808311462402 52199
1626955389432 13.763591766357422 52249
1626955417706 13.378890991210938 52299
1626955446217 13.633142471313477 52349
1626955474312 13.447169303894043 52399
1626955502603 13.36060905456543 52449
1626955530930 13.803579330444336 52499
1626955559072 13.509556770324707 52549
1626955587426 13.320466995239258 52599
1626955615638 13.395782470703125 52649
1626955644011 13.708041191101074 52699
1626955672306 13.355379104614258 52749
1626955700709 13.477262496948242 52799
1626955728996 13.565519332885742 52849
1626955757233 13.496652603149414 52899
1626955785622 13.670141220092773 52949
1626955813804 13.902458190917969 52999
1626955841908 13.57280445098877 53049
1626955870524 13.443239212036133 53099
1626956122575 13.678537368774414 16
1626956144582 13.324169158935547 53149
1626956172613 13.551998138427734 53199
1626956200704 13.230581283569336 53249
1626956228779 13.705989837646484 53299
1626956256790 13.474810600280762 53349
1626956284782 13.505976676940918 53399
1626956314614 13.532820701599121 53449
1626956342702 13.834240913391113 53499
1626956370708 13.560853004455566 53549
1626956398722 13.204886436462402 53599
1626956426646 13.838336944580078 53649
1626956454657 13.287797927856445 53699
1626956482817 13.638293266296387 53749
1626956511140 13.768424987792969 53799
1626956539387 13.526719093322754 53849
1626956567685 13.48908805847168 53899
1626956596221 13.410244941711426 53949
1626956624385 13.580179214477539 53999
1626956652675 13.533306121826172 54049
1626956681008 13.69295883178711 54099
1626956709341 13.896364212036133 54149
1626956737696 13.597609519958496 54199
1626956765816 13.3275728225708 54249
1626956794214 13.689492225646973 54299
1626956822469 13.487927436828613 54349
1626956850753 13.567957878112793 54399
1626956878924 13.330853462219238 54449
1626956907195 13.855823516845703 54499
1626956935564 13.349379539489746 54549
1626956964009 13.798839569091797 54599
1626956992323 13.490120887756348 54649
1626957020523 13.373618125915527 54699
1626957048606 13.415674209594727 54749
1626957077008 13.681467056274414 54799
1626957105282 13.031484603881836 54849
1626957133542 13.368194580078125 54899
1626957161639 13.82912826538086 54949
1626957189987 13.569315910339355 54999
1626957218078 13.529073715209961 55049
1626957246279 13.331911087036133 55099
1626957274638 13.602985382080078 55149
1626957302729 13.485416412353516 55199
1626957331029 13.679976463317871 55249
1626957359310 13.637545585632324 55299
1626957387722 13.714345932006836 55349
1626957415898 13.37063980102539 55399
1626957444209 13.505928039550781 55449
1626957472463 13.371278762817383 55499
1626957500832 13.962818145751953 55549
1626957529098 13.855615615844727 55599
1626957557204 13.638290405273438 55649
1626957585478 13.94906997680664 55699
1626957613887 13.711310386657715 55749
1626957642242 13.317635536193848 55799
1626957670337 13.378012657165527 55849
1626957698453 13.322071075439453 55899
1626957726601 13.75540542602539 55949
1626957754652 13.483390808105469 55999
1626957782934 13.740653991699219 56049
1626957811138 13.564613342285156 56099
1626957839412 13.688122749328613 56149
1626957867545 13.447906494140625 56199
1626957898314 13.820980072021484 56249
1626958132762 13.820980072021484 17
1626958169739 13.570672988891602 56299
1626958197686 13.441202163696289 56349
1626958225667 13.695428848266602 56399
1626958253621 13.601156234741211 56449
1626958281654 13.64114761352539 56499
1626958309523 13.651389122009277 56549
1626958337571 13.675193786621094 56599
1626958365581 13.411006927490234 56649
1626958395301 13.552408218383789 56699
1626958423293 13.505860328674316 56749
1626958451354 13.583216667175293 56799
1626958479522 13.583620071411133 56849
1626958507589 13.901407241821289 56899
1626958536082 13.212164878845215 56949
1626958564326 13.427908897399902 56999
1626958592600 13.56047248840332 57049
1626958620617 13.780496597290039 57099
1626958648890 13.590507507324219 57149
1626958677378 13.607234954833984 57199
1626958705562 13.638814926147461 57249
1626958733797 13.399375915527344 57299
1626958762026 13.67183780670166 57349
1626958790249 13.280941009521484 57399
1626958818659 13.568658828735352 57449
1626958846862 13.482409477233887 57499
1626958875108 13.642266273498535 57549
1626958903179 13.529796600341797 57599
1626958931294 13.437652587890625 57649
1626958959502 13.698921203613281 57699
1626958988021 13.566754341125488 57749
1626959016229 13.659279823303223 57799
1626959044448 13.674064636230469 57849
1626959072786 13.533388137817383 57899
1626959101100 13.655296325683594 57949
1626959129569 13.450582504272461 57999
1626959157917 13.417644500732422 58049
1626959186178 13.415014266967773 58099
1626959214633 13.887369155883789 58149
1626959242901 13.267327308654785 58199
1626959271017 13.561515808105469 58249
1626959299280 13.363431930541992 58299
1626959327644 13.48447322845459 58349
1626959355777 13.755229949951172 58399
1626959383857 13.645442962646484 58449
1626959412100 13.66061019897461 58499
1626959440343 13.56289291381836 58549
1626959468656 13.639263153076172 58599
1626959496994 13.514846801757812 58649
1626959525372 13.744434356689453 58699
1626959553558 13.40010929107666 58749
1626959581699 13.754352569580078 58799
1626959609964 13.45386791229248 58849
1626959638211 13.314250946044922 58899
1626959666513 13.615260124206543 58949
1626959694713 13.670114517211914 58999
1626959722985 13.630728721618652 59049
1626959751195 13.750750541687012 59099
1626959779460 13.730319023132324 59149
1626959807724 13.342455863952637 59199
1626959836036 13.454431533813477 59249
1626959864259 13.630663871765137 59299
1626959892852 13.337261199951172 59349
1626960142792 13.531648635864258 18
1626960166518 13.762601852416992 59399
1626960194483 13.247917175292969 59449
1626960223445 13.72996711730957 59499
1626960251702 13.491781234741211 59549
1626960279724 13.665470123291016 59599
1626960307789 13.480673789978027 59649
1626960336055 13.270675659179688 59699
1626960364272 13.411563873291016 59749
1626960392090 13.319412231445312 59799
1626960420048 13.60173225402832 59849
1626960448061 13.409992218017578 59899
1626960476034 13.586265563964844 59949
1626960503975 13.490289688110352 59999
1626960532201 13.454338073730469 60049
1626960560480 13.367939949035645 60099
1626960588763 13.493648529052734 60149
1626960617109 13.603656768798828 60199
1626960645344 14.012269973754883 60249
1626960673617 13.807462692260742 60299
1626960701622 13.933337211608887 60349
1626960729902 13.639758110046387 60399
1626960757938 13.486429214477539 60449
1626960786245 13.564281463623047 60499
1626960814645 13.36846923828125 60549
1626960842954 13.572235107421875 60599
1626960871542 13.306262016296387 60649
1626960900100 13.374853134155273 60699
1626960928316 13.617349624633789 60749
1626960956468 13.35041618347168 60799
1626960984914 13.549182891845703 60849
1626961013251 13.77363109588623 60899
1626961041619 13.427215576171875 60949
1626961070011 13.658258438110352 60999
1626961098331 13.465267181396484 61049
1626961126613 13.300735473632812 61099
1626961155150 13.363004684448242 61149
1626961183462 13.40617847442627 61199
1626961211864 13.27415657043457 61249
1626961240229 13.38033676147461 61299
1626961268409 13.458172798156738 61349
1626961296705 13.16009521484375 61399
1626961324972 13.54616641998291 61449
1626961353127 13.558167457580566 61499
1626961381336 13.568109512329102 61549
1626961409581 13.696803092956543 61599
1626961438302 13.408041954040527 61649
1626961466580 13.494989395141602 61699
1626961495031 13.73864459991455 61749
1626961523404 13.342373847961426 61799
1626961552284 13.612218856811523 61849
1626961580479 13.540018081665039 61899
1626961608948 13.625059127807617 61949
1626961637218 13.714668273925781 61999
1626961665852 13.755598068237305 62049
1626961694172 13.494755744934082 62099
1626961722359 13.609885215759277 62149
1626961750776 13.545726776123047 62199
1626961778994 13.615464210510254 62249
1626961807289 13.31149959564209 62299
1626961835681 13.462580680847168 62349
1626961864056 13.562955856323242 62399
1626961892148 13.33740234375 62449
1626961922789 13.375690460205078 62499
1626962156649 13.375690460205078 19
