1609085792581 13.711795806884766 49
1609085797313 11.502616882324219 99
1609085802084 9.394811630249023 149
1609085806873 8.43240737915039 199
1609085811675 7.930602550506592 249
1609085816453 7.978399753570557 299
1609085821270 7.161128044128418 349
1609085826054 7.270890235900879 399
1609085830871 7.047398567199707 449
1609085835677 7.307612419128418 499
1609085840474 6.711958885192871 549
1609085845239 7.245105743408203 599
1609085850028 7.055342674255371 649
1609085854826 6.708653450012207 699
1609085859668 7.168928146362305 749
1609085864514 6.846609115600586 799
1609085869308 6.824247360229492 849
1609085874095 6.463803291320801 899
1609085878910 7.490896224975586 949
1609085883704 6.759854316711426 999
1609085888491 6.684170722961426 1049
1609085893275 6.563268184661865 1099
1609085898091 7.023522853851318 1149
1609085902913 6.510614395141602 1199
1609085907686 6.955514907836914 1249
1609085912512 6.143547058105469 1299
1609085917350 6.614727973937988 1349
1609085922164 6.5982866287231445 1399
1609085926942 6.569917678833008 1449
1609085931707 6.416092872619629 1499
1609085936492 6.886109352111816 1549
1609085941301 6.636940002441406 1599
1609085946090 6.851668834686279 1649
1609085950879 6.483550071716309 1699
1609085955881 6.4962005615234375 1749
