1631116049136 0 49
1631116086049 0 99
1631116119890 0 149
1631116153616 0 199
1631116187374 0 249
1631116221092 0 299
1631116254745 0 349
1631116288416 0 399
1631116322157 0 449
1631116355833 0 499
1631116389442 0 549
1631116423695 0 599
1631116457755 0 649
1631116491555 0 699
1631116525510 0 749
1631116559313 0 799
1631116593057 0 849
1631116626735 0 899
1631116660468 0 949
1631116694262 0 999
1631116727974 0 1049
1631116761916 0 1099
1631116795863 0 1149
1631116829752 0 1199
1631116863588 0 1249
1631116897523 0 1299
1631116931379 0 1349
1631116965310 0 1399
1631116999162 0 1449
1631117032974 0 1499
1631117066902 0 1549
1631117100752 0 1599
1631117134636 0 1649
1631117168504 0 1699
1631117202323 0 1749
1631117236165 0 1799
1631117270128 0 1849
1631117303899 0 1899
1631117337620 0 1949
1631117371509 0 1999
1631117405383 0 2049
1631117439170 0 2099
1631117472888 0 2149
1631117506701 0 2199
1631117540549 0 2249
1631117574315 0 2299
1631117608147 0 2349
1631117642027 0 2399
1631117675911 0 2449
1631117709821 0 2499
1631117743644 0 2549
1631117777429 0 2599
1631117811414 0 2649
1631117845232 0 2699
1631117879216 0 2749
1631117913036 0 2799
1631117946998 0 2849
1631117980732 0 2899
1631118014489 0 2949
1631118048309 0 2999
1631118082230 0 3049
1631118116378 0 3099
1631118135729 0 3124
1631118498842 0 3124
1631118528039 1 3149
1631118561787 1 3199
1631118595429 1 3249
1631118629212 1 3299
1631118662834 1 3349
1631118696589 1 3399
1631118730370 1 3449
1631118764160 1 3499
1631118797899 1 3549
1631118831642 1 3599
1631118865376 1 3649
1631118899069 1 3699
1631118932863 1 3749
1631118966513 1 3799
1631119001159 1 3849
1631119035018 1 3899
1631119068845 1 3949
1631119102687 1 3999
1631119137223 1 4049
1631119171096 1 4099
1631119204951 1 4149
1631119242055 1 4199
1631119279760 1 4249
1631119318962 1 4299
1631119352921 1 4349
1631119386734 1 4399
1631119420602 1 4449
1631119454488 1 4499
1631119488326 1 4549
1631119522314 1 4599
1631119556141 1 4649
1631119590030 1 4699
1631119623957 1 4749
1631119657945 1 4799
1631119691913 1 4849
1631119725869 1 4899
1631119759858 1 4949
1631119793760 1 4999
1631119827690 1 5049
1631119861553 1 5099
1631119895417 1 5149
1631119929398 1 5199
1631119963298 1 5249
1631119997186 1 5299
1631120031123 1 5349
1631120065150 1 5399
1631120099047 1 5449
1631120132965 1 5499
1631120166946 1 5549
1631120200823 1 5599
1631120234766 1 5649
1631120268581 1 5699
1631120302418 1 5749
1631120336310 1 5799
1631120370164 1 5849
1631120404077 1 5899
1631120437994 1 5949
1631120471803 1 5999
1631120505555 1 6049
1631120539516 1 6099
1631120573371 1 6149
1631120607328 1 6199
1631120643365 1 6249
1631120644165 1 6249
1631120992896 1 6249
1631121038992 2 6299
1631121072591 2 6349
1631121106308 2 6399
1631121140045 2 6449
1631121173775 2 6499
1631121207517 2 6549
1631121241294 2 6599
1631121275056 2 6649
1631121308823 2 6699
1631121342594 2 6749
1631121376328 2 6799
1631121410182 2 6849
1631121443844 2 6899
1631121477579 2 6949
1631121511483 2 6999
1631121545315 2 7049
1631121579372 2 7099
1631121613310 2 7149
1631121647046 2 7199
1631121680892 2 7249
1631121714728 2 7299
1631121748583 2 7349
1631121782453 2 7399
1631121816385 2 7449
1631121850287 2 7499
1631121884134 2 7549
1631121918089 2 7599
1631121952017 2 7649
1631121985914 2 7699
1631122019842 2 7749
1631122053688 2 7799
1631122087522 2 7849
1631122121389 2 7899
1631122155307 2 7949
1631122189087 2 7999
1631122222941 2 8049
1631122256883 2 8099
1631122290701 2 8149
1631122324615 2 8199
1631122358481 2 8249
1631122392736 2 8299
1631122426669 2 8349
1631122460580 2 8399
1631122494490 2 8449
1631122528137 2 8499
1631122561948 2 8549
1631122595760 2 8599
1631122629508 2 8649
1631122663514 2 8699
1631122697247 2 8749
1631122731254 2 8799
1631122765283 2 8849
1631122799112 2 8899
1631122832939 2 8949
1631122866866 2 8999
1631122900818 2 9049
1631122934634 2 9099
1631122968483 2 9149
1631123002423 2 9199
1631123036308 2 9249
1631123070230 2 9299
1631123104471 2 9349
1631123124154 2 9374
1631123479439 2 9374
1631123507287 3 9399
1631123541089 3 9449
1631123574698 3 9499
1631123608429 3 9549
1631123642202 3 9599
1631123675896 3 9649
1631123709636 3 9699
1631123743333 3 9749
1631123777120 3 9799
1631123810706 3 9849
1631123844452 3 9899
1631123878185 3 9949
1631123911978 3 9999
1631123946191 3 10049
1631123980048 3 10099
1631124013988 3 10149
1631124047887 3 10199
1631124081684 3 10249
1631124115555 3 10299
1631124149392 3 10349
1631124183146 3 10399
1631124216986 3 10449
1631124250898 3 10499
1631124284666 3 10549
1631124318596 3 10599
1631124352390 3 10649
1631124386389 3 10699
1631124420332 3 10749
1631124454231 3 10799
1631124488149 3 10849
1631124522107 3 10899
1631124555956 3 10949
1631124589856 3 10999
1631124623740 3 11049
1631124657612 3 11099
1631124691543 3 11149
1631124725442 3 11199
1631124759374 3 11249
1631124793255 3 11299
1631124827153 3 11349
1631124860999 3 11399
1631124894836 3 11449
1631124928804 3 11499
1631124962738 3 11549
1631124996692 3 11599
1631125030585 3 11649
1631125064542 3 11699
1631125098372 3 11749
1631125132270 3 11799
1631125166209 3 11849
1631125199960 3 11899
1631125233889 3 11949
1631125267699 3 11999
1631125301626 3 12049
1631125335541 3 12099
1631125369465 3 12149
1631125403411 3 12199
1631125437181 3 12249
1631125471160 3 12299
1631125505271 3 12349
1631125539291 3 12399
1631125573147 3 12449
1631125609346 3 12499
1631125610153 3 12499
1631126014161 3 12499
1631126061125 4 12549
1631126094834 4 12599
1631126128489 4 12649
1631126164993 4 12699
1631126208833 4 12749
1631126248495 4 12799
1631126294213 4 12849
1631126336170 4 12899
1631126370111 4 12949
1631126403958 4 12999
1631126442609 4 13049
1631126485863 4 13099
1631126520624 4 13149
1631126555662 4 13199
1631126589659 4 13249
1631126623481 4 13299
1631126669125 4 13349
1631126713512 4 13399
1631126750718 4 13449
1631126784810 4 13499
1631126818838 4 13549
1631126852618 4 13599
1631126886476 4 13649
1631126920396 4 13699
1631126954330 4 13749
1631126988319 4 13799
1631127022266 4 13849
1631127056076 4 13899
1631127089993 4 13949
1631127123954 4 13999
1631127157809 4 14049
1631127191592 4 14099
1631127225551 4 14149
1631127259380 4 14199
1631127293152 4 14249
1631127327049 4 14299
1631127360918 4 14349
1631127396958 4 14399
1631127430874 4 14449
1631127464996 4 14499
1631127498824 4 14549
1631127532816 4 14599
1631127566747 4 14649
1631127600735 4 14699
1631127634713 4 14749
1631127668526 4 14799
1631127702500 4 14849
1631127736651 4 14899
1631127770475 4 14949
1631127804480 4 14999
1631127838339 4 15049
1631127872415 4 15099
1631127906502 4 15149
1631127940383 4 15199
1631127974322 4 15249
1631128008398 4 15299
1631128042272 4 15349
1631128076198 4 15399
1631128110089 4 15449
1631128143926 4 15499
1631128177949 4 15549
1631128212176 4 15599
1631128231848 4 15624
1631128777281 4 15624
1631128810057 5 15649
1631128849348 5 15699
1631128883145 5 15749
1631128916951 5 15799
1631128950779 5 15849
1631128984579 5 15899
1631129018315 5 15949
1631129052152 5 15999
1631129085872 5 16049
1631129119616 5 16099
1631129153538 5 16149
1631129187281 5 16199
1631129221107 5 16249
1631129254951 5 16299
1631129288827 5 16349
1631129322640 5 16399
1631129356522 5 16449
1631129390344 5 16499
1631129424287 5 16549
1631129459222 5 16599
1631129493218 5 16649
1631129527220 5 16699
1631129561255 5 16749
1631129595213 5 16799
1631129629246 5 16849
1631129663145 5 16899
1631129697123 5 16949
1631129731093 5 16999
1631129765001 5 17049
1631129798845 5 17099
1631129832807 5 17149
1631129866870 5 17199
1631129900698 5 17249
1631129934655 5 17299
1631129968612 5 17349
1631130002576 5 17399
1631130036558 5 17449
1631130070553 5 17499
1631130104459 5 17549
1631130138292 5 17599
1631130172176 5 17649
1631130206175 5 17699
1631130240050 5 17749
1631130274039 5 17799
1631130307982 5 17849
1631130341980 5 17899
1631130376054 5 17949
1631130409896 5 17999
1631130443887 5 18049
1631130477855 5 18099
1631130511756 5 18149
1631130545716 5 18199
1631130579626 5 18249
1631130613477 5 18299
1631130647347 5 18349
1631130681221 5 18399
1631130715185 5 18449
1631130749020 5 18499
1631130783018 5 18549
1631130816956 5 18599
1631130850915 5 18649
1631130884884 5 18699
1631130921091 5 18749
1631130921958 5 18749
1631131311334 5 18749
1631131356933 6 18799
1631131390637 6 18849
1631131424423 6 18899
1631131458262 6 18949
1631131492132 6 18999
1631131525843 6 19049
1631131559639 6 19099
1631131593396 6 19149
1631131627142 6 19199
1631131660867 6 19249
1631131694690 6 19299
1631131728502 6 19349
1631131762184 6 19399
1631131796046 6 19449
1631131829984 6 19499
1631131863780 6 19549
1631131897827 6 19599
1631131931653 6 19649
1631131965763 6 19699
1631131999544 6 19749
1631132033381 6 19799
1631132067306 6 19849
1631132101365 6 19899
1631132135358 6 19949
1631132169366 6 19999
1631132203240 6 20049
1631132237061 6 20099
1631132270932 6 20149
1631132304791 6 20199
1631132338627 6 20249
1631132372457 6 20299
1631132406463 6 20349
1631132440395 6 20399
1631132474299 6 20449
1631132508221 6 20499
1631132542136 6 20549
1631132576011 6 20599
1631132609939 6 20649
1631132643946 6 20699
1631132679646 6 20749
1631132713486 6 20799
1631132747420 6 20849
1631132781403 6 20899
1631132815343 6 20949
1631132849328 6 20999
1631132883271 6 21049
1631132917314 6 21099
1631132951331 6 21149
1631132985246 6 21199
1631133019172 6 21249
1631133052978 6 21299
1631133086860 6 21349
1631133120803 6 21399
1631133154728 6 21449
1631133188671 6 21499
1631133222650 6 21549
1631133256524 6 21599
1631133290360 6 21649
1631133324316 6 21699
1631133358241 6 21749
1631133392188 6 21799
1631133426515 6 21849
1631133446025 6 21874
1631133850325 6 21874
1631133879451 7 21899
1631133913154 7 21949
1631133946935 7 21999
1631133980825 7 22049
1631134014648 7 22099
1631134048454 7 22149
1631134082150 7 22199
1631134115942 7 22249
1631134149593 7 22299
1631134183235 7 22349
1631134217003 7 22399
1631134250778 7 22449
1631134284556 7 22499
1631134318412 7 22549
1631134352236 7 22599
1631134386318 7 22649
1631134420183 7 22699
1631134453998 7 22749
1631134487860 7 22799
1631134521747 7 22849
1631134555621 7 22899
1631134589525 7 22949
1631134623458 7 22999
1631134657293 7 23049
1631134692233 7 23099
1631134727050 7 23149
1631134760946 7 23199
1631134794714 7 23249
1631134828651 7 23299
1631134862577 7 23349
1631134896553 7 23399
1631134930482 7 23449
1631134964611 7 23499
1631134998529 7 23549
1631135032404 7 23599
1631135066365 7 23649
1631135100242 7 23699
1631135134194 7 23749
1631135168265 7 23799
1631135202173 7 23849
1631135236023 7 23899
1631135269934 7 23949
1631135303710 7 23999
1631135337508 7 24049
1631135371354 7 24099
1631135405253 7 24149
1631135439123 7 24199
1631135473063 7 24249
1631135506916 7 24299
1631135540780 7 24349
1631135574581 7 24399
1631135608361 7 24449
1631135642135 7 24499
1631135675961 7 24549
1631135709930 7 24599
1631135743676 7 24649
1631135777497 7 24699
1631135811346 7 24749
1631135845127 7 24799
1631135879048 7 24849
1631135912861 7 24899
1631135946596 7 24949
1631135982725 7 24999
1631135983550 7 24999
1631136289992 7 24999
1631136335070 8 25049
1631136368712 8 25099
1631136402430 8 25149
1631136436081 8 25199
1631136469842 8 25249
1631136503476 8 25299
1631136537174 8 25349
1631136570822 8 25399
1631136604425 8 25449
1631136638053 8 25499
1631136671696 8 25549
1631136705295 8 25599
1631136739035 8 25649
1631136772816 8 25699
1631136806869 8 25749
1631136840742 8 25799
1631136874613 8 25849
1631136908647 8 25899
1631136942581 8 25949
1631136976403 8 25999
1631137010324 8 26049
1631137045751 8 26099
1631137079947 8 26149
1631137114063 8 26199
1631137147923 8 26249
1631137181852 8 26299
1631137215775 8 26349
1631137249591 8 26399
1631137283410 8 26449
1631137317265 8 26499
1631137351147 8 26549
1631137384957 8 26599
1631137418716 8 26649
1631137452651 8 26699
1631137486591 8 26749
1631137520470 8 26799
1631137554367 8 26849
1631137588190 8 26899
1631137622021 8 26949
1631137655982 8 26999
1631137689928 8 27049
1631137723619 8 27099
1631137757558 8 27149
1631137791555 8 27199
1631137825448 8 27249
1631137859323 8 27299
1631137893224 8 27349
1631137927240 8 27399
1631137961006 8 27449
1631137994906 8 27499
1631138028747 8 27549
1631138062530 8 27599
1631138096370 8 27649
1631138130227 8 27699
1631138164129 8 27749
1631138198033 8 27799
1631138231876 8 27849
1631138265899 8 27899
1631138299541 8 27949
1631138347310 8 27999
1631138382193 8 28049
1631138416679 8 28099
1631138436442 8 28124
1631138789888 8 28124
1631138818862 9 28149
1631138852552 9 28199
1631138886274 9 28249
1631138920000 9 28299
1631138953893 9 28349
1631138987714 9 28399
1631139021559 9 28449
1631139055417 9 28499
1631139089285 9 28549
1631139123112 9 28599
1631139156909 9 28649
1631139190693 9 28699
1631139224427 9 28749
1631139258122 9 28799
1631139291990 9 28849
1631139325753 9 28899
1631139359696 9 28949
1631139393691 9 28999
1631139427759 9 29049
1631139461548 9 29099
1631139495481 9 29149
1631139529255 9 29199
1631139563176 9 29249
1631139596945 9 29299
1631139630782 9 29349
1631139664634 9 29399
1631139698516 9 29449
1631139732261 9 29499
1631139766099 9 29549
1631139799900 9 29599
1631139833622 9 29649
1631139867529 9 29699
1631139901214 9 29749
1631139935170 9 29799
1631139968976 9 29849
1631140002819 9 29899
1631140036694 9 29949
1631140070676 9 29999
1631140104458 9 30049
1631140138310 9 30099
1631140172085 9 30149
1631140205997 9 30199
1631140239946 9 30249
1631140274025 9 30299
1631140307810 9 30349
1631140341734 9 30399
1631140375706 9 30449
1631140409538 9 30499
1631140443427 9 30549
1631140477289 9 30599
1631140511165 9 30649
1631140545165 9 30699
1631140579051 9 30749
1631140612843 9 30799
1631140646713 9 30849
1631140680559 9 30899
1631140714452 9 30949
1631140748202 9 30999
1631140782130 9 31049
1631140816020 9 31099
1631140849978 9 31149
1631140883747 9 31199
1631140919821 9 31249
1631140920587 9 31249
1631141245657 9 31249
1631141289793 10 31299
1631141323455 10 31349
1631141357187 10 31399
1631141390958 10 31449
1631141424682 10 31499
1631141458472 10 31549
1631141492173 10 31599
1631141525980 10 31649
1631141559722 10 31699
1631141593396 10 31749
1631141627122 10 31799
1631141661037 10 31849
1631141694671 10 31899
1631141728556 10 31949
1631141762513 10 31999
1631141796342 10 32049
1631141830130 10 32099
1631141864059 10 32149
1631141897882 10 32199
1631141931754 10 32249
1631141965632 10 32299
1631141999461 10 32349
1631142033256 10 32399
1631142067287 10 32449
1631142101169 10 32499
1631142134990 10 32549
1631142168795 10 32599
1631142202602 10 32649
1631142236385 10 32699
1631142270193 10 32749
1631142304129 10 32799
1631142338027 10 32849
1631142372214 10 32899
1631142406239 10 32949
1631142440066 10 32999
1631142473781 10 33049
1631142509318 10 33099
1631142543433 10 33149
1631142577256 10 33199
1631142611291 10 33249
1631142645270 10 33299
1631142679080 10 33349
1631142713014 10 33399
1631142747071 10 33449
1631142781031 10 33499
1631142814922 10 33549
1631142848677 10 33599
1631142882428 10 33649
1631142916287 10 33699
1631142950159 10 33749
1631142984140 10 33799
1631143017947 10 33849
1631143051734 10 33899
1631143085531 10 33949
1631143119476 10 33999
1631143153350 10 34049
1631143187346 10 34099
1631143221290 10 34149
1631143255122 10 34199
1631143288963 10 34249
1631143322803 10 34299
1631143357063 10 34349
1631143376716 10 34374
1631143709993 10 34374
1631143738650 11 34399
1631143772287 11 34449
1631143806010 11 34499
1631143839730 11 34549
1631143873522 11 34599
1631143907251 11 34649
1631143941088 11 34699
1631143974882 11 34749
1631144008733 11 34799
1631144042471 11 34849
1631144076134 11 34899
1631144109760 11 34949
1631144143493 11 34999
1631144177316 11 35049
1631144211143 11 35099
1631144245148 11 35149
1631144279042 11 35199
1631144312891 11 35249
1631144347219 11 35299
1631144381032 11 35349
1631144415100 11 35399
1631144450105 11 35449
1631144484535 11 35499
1631144518529 11 35549
1631144552387 11 35599
1631144586262 11 35649
1631144620085 11 35699
1631144653907 11 35749
1631144687898 11 35799
1631144721852 11 35849
1631144755728 11 35899
1631144789619 11 35949
1631144823493 11 35999
1631144857326 11 36049
1631144891163 11 36099
1631144924951 11 36149
1631144958869 11 36199
1631144992845 11 36249
1631145026607 11 36299
1631145060692 11 36349
1631145130171 11 36399
1631145174917 11 36449
1631145208933 11 36499
1631145242959 11 36549
1631145276824 11 36599
1631145310629 11 36649
1631145344624 11 36699
1631145378464 11 36749
1631145412330 11 36799
1631145446297 11 36849
1631145480229 11 36899
1631145514177 11 36949
1631145548006 11 36999
1631145581917 11 37049
1631145615697 11 37099
1631145649607 11 37149
1631145683355 11 37199
1631145717380 11 37249
1631145751217 11 37299
1631145785134 11 37349
1631145819047 11 37399
1631145852959 11 37449
1631145889203 11 37499
1631145889872 11 37499
1631146219843 11 37499
1631146264149 12 37549
1631146297786 12 37599
1631146331518 12 37649
1631146365269 12 37699
1631146398969 12 37749
1631146432790 12 37799
1631146466569 12 37849
1631146500338 12 37899
1631146534095 12 37949
1631146567774 12 37999
1631146601493 12 38049
1631146635218 12 38099
1631146668754 12 38149
1631146702519 12 38199
1631146736486 12 38249
1631146770381 12 38299
1631146804373 12 38349
1631146838224 12 38399
1631146872023 12 38449
1631146905903 12 38499
1631146939650 12 38549
1631146973485 12 38599
1631147007451 12 38649
1631147041272 12 38699
1631147075089 12 38749
1631147109011 12 38799
1631147142818 12 38849
1631147176668 12 38899
1631147210618 12 38949
1631147244511 12 38999
1631147278410 12 39049
1631147312188 12 39099
1631147346101 12 39149
1631147379939 12 39199
1631147413725 12 39249
1631147447607 12 39299
1631147481534 12 39349
1631147515530 12 39399
1631147549362 12 39449
1631147583182 12 39499
1631147617022 12 39549
1631147650834 12 39599
1631147684740 12 39649
1631147718537 12 39699
1631147752346 12 39749
1631147786289 12 39799
1631147820084 12 39849
1631147854062 12 39899
1631147888089 12 39949
1631147921879 12 39999
1631147955839 12 40049
1631147989679 12 40099
1631148023710 12 40149
1631148057574 12 40199
1631148091440 12 40249
1631148125413 12 40299
1631148159300 12 40349
1631148193170 12 40399
1631148227047 12 40449
1631148260847 12 40499
1631148294944 12 40549
1631148329236 12 40599
1631148348963 12 40624
1631148678466 12 40624
1631148703968 13 40649
1631148737625 13 40699
1631148771281 13 40749
1631148804987 13 40799
1631148838696 13 40849
1631148872499 13 40899
1631148906274 13 40949
1631148939980 13 40999
1631148973578 13 41049
1631149007182 13 41099
1631149040974 13 41149
1631149075158 13 41199
1631149108878 13 41249
1631149142680 13 41299
1631149176339 13 41349
1631149210112 13 41399
1631149243886 13 41449
1631149277724 13 41499
1631149311611 13 41549
1631149345294 13 41599
1631149379149 13 41649
1631149413042 13 41699
1631149446937 13 41749
1631149480759 13 41799
1631149514628 13 41849
1631149548448 13 41899
1631149582292 13 41949
1631149616080 13 41999
1631149649952 13 42049
1631149683777 13 42099
1631149717573 13 42149
1631149751465 13 42199
1631149785326 13 42249
1631149819251 13 42299
1631149853292 13 42349
1631149887075 13 42399
1631149920950 13 42449
1631149954923 13 42499
1631149988729 13 42549
1631150022721 13 42599
1631150056714 13 42649
1631150090704 13 42699
1631150124654 13 42749
1631150158597 13 42799
1631150192586 13 42849
1631150226454 13 42899
1631150260386 13 42949
1631150294208 13 42999
1631150328108 13 43049
1631150361959 13 43099
1631150395743 13 43149
1631150429718 13 43199
1631150463562 13 43249
1631150497399 13 43299
1631150531285 13 43349
1631150565244 13 43399
1631150599189 13 43449
1631150633027 13 43499
1631150666991 13 43549
1631150700879 13 43599
1631150734729 13 43649
1631150768537 13 43699
1631150804664 13 43749
1631150805444 13 43749
1631151120715 13 43749
1631151166144 14 43799
1631151199876 14 43849
1631151233622 14 43899
1631151267325 14 43949
1631151301052 14 43999
1631151334830 14 44049
1631151368459 14 44099
1631151402108 14 44149
1631151435813 14 44199
1631151469603 14 44249
1631151503334 14 44299
1631151536919 14 44349
1631151570622 14 44399
1631151604387 14 44449
1631151638338 14 44499
1631151672264 14 44549
1631151706164 14 44599
1631151740029 14 44649
1631151773915 14 44699
1631151807756 14 44749
1631151841543 14 44799
1631151875315 14 44849
1631151909045 14 44899
1631151942940 14 44949
1631151976808 14 44999
1631152010741 14 45049
1631152044554 14 45099
1631152078443 14 45149
1631152112369 14 45199
1631152146243 14 45249
1631152180070 14 45299
1631152213978 14 45349
1631152247775 14 45399
1631152281593 14 45449
1631152315327 14 45499
1631152349150 14 45549
1631152382943 14 45599
1631152416911 14 45649
1631152450675 14 45699
1631152484670 14 45749
1631152518495 14 45799
1631152552444 14 45849
1631152586274 14 45899
1631152620217 14 45949
1631152654021 14 45999
1631152687889 14 46049
1631152721746 14 46099
1631152755600 14 46149
1631152789535 14 46199
1631152823419 14 46249
1631152857135 14 46299
1631152890893 14 46349
1631152924522 14 46399
1631152958314 14 46449
1631152992013 14 46499
1631153025852 14 46549
1631153059587 14 46599
1631153093423 14 46649
1631153127331 14 46699
1631153161303 14 46749
1631153195149 14 46799
1631153229338 14 46849
1631153249079 14 46874
1631153582666 14 46874
1631153608800 15 46899
1631153642615 15 46949
1631153676317 15 46999
1631153710099 15 47049
1631153743762 15 47099
1631153777428 15 47149
1631153811176 15 47199
1631153844936 15 47249
1631153878713 15 47299
1631153912424 15 47349
1631153946009 15 47399
1631153979806 15 47449
1631154013448 15 47499
1631154047189 15 47549
1631154081007 15 47599
1631154114860 15 47649
1631154148772 15 47699
1631154182646 15 47749
1631154216533 15 47799
1631154250416 15 47849
1631154284405 15 47899
1631154318198 15 47949
1631154352093 15 47999
1631154386015 15 48049
1631154419903 15 48099
1631154453828 15 48149
1631154487711 15 48199
1631154521649 15 48249
1631154555507 15 48299
1631154589462 15 48349
1631154623229 15 48399
1631154657082 15 48449
1631154691023 15 48499
1631154724751 15 48549
1631154758656 15 48599
1631154792640 15 48649
1631154826571 15 48699
1631154860599 15 48749
1631154894536 15 48799
1631154928455 15 48849
1631154962377 15 48899
1631154996250 15 48949
1631155030194 15 48999
1631155064103 15 49049
1631155097791 15 49099
1631155131786 15 49149
1631155165630 15 49199
1631155199375 15 49249
1631155233310 15 49299
1631155267213 15 49349
1631155301130 15 49399
1631155335016 15 49449
1631155368800 15 49499
1631155402589 15 49549
1631155436506 15 49599
1631155470434 15 49649
1631155504344 15 49699
1631155538367 15 49749
1631155572236 15 49799
1631155606040 15 49849
1631155640017 15 49899
1631155673888 15 49949
1631155710103 15 49999
1631155710854 15 49999
1631156062315 15 49999
1631156105646 16 50049
1631156139271 16 50099
1631156172857 16 50149
1631156206518 16 50199
1631156240162 16 50249
1631156273793 16 50299
1631156307477 16 50349
1631156341259 16 50399
1631156374931 16 50449
1631156408705 16 50499
1631156442389 16 50549
1631156476100 16 50599
1631156509879 16 50649
1631156543670 16 50699
1631156577617 16 50749
1631156611412 16 50799
1631156645266 16 50849
1631156679194 16 50899
1631156712975 16 50949
1631156746870 16 50999
1631156780801 16 51049
1631156814691 16 51099
1631156848586 16 51149
1631156882407 16 51199
1631156916344 16 51249
1631156950254 16 51299
1631156984323 16 51349
1631157018274 16 51399
1631157052242 16 51449
1631157086106 16 51499
1631157119916 16 51549
1631157153772 16 51599
1631157187827 16 51649
1631157221784 16 51699
1631157255610 16 51749
1631157289614 16 51799
1631157323596 16 51849
1631157357537 16 51899
1631157391549 16 51949
1631157425529 16 51999
1631157459594 16 52049
1631157493557 16 52099
1631157527639 16 52149
1631157561496 16 52199
1631157595460 16 52249
1631157629355 16 52299
1631157663185 16 52349
1631157697197 16 52399
1631157731098 16 52449
1631157764876 16 52499
1631157798686 16 52549
1631157832514 16 52599
1631157866479 16 52649
1631157900486 16 52699
1631157934372 16 52749
1631157968332 16 52799
1631158002288 16 52849
1631158036343 16 52899
1631158070301 16 52949
1631158104201 16 52999
1631158138132 16 53049
1631158172458 16 53099
1631158192257 16 53124
1631158616945 16 53124
1631158643622 17 53149
1631158677221 17 53199
1631158710930 17 53249
1631158744634 17 53299
1631158778366 17 53349
1631158812104 17 53399
1631158845752 17 53449
1631158879359 17 53499
1631158912955 17 53549
1631158946622 17 53599
1631158980194 17 53649
1631159013733 17 53699
1631159047319 17 53749
1631159080990 17 53799
1631159114753 17 53849
1631159148711 17 53899
1631159182551 17 53949
1631159216387 17 53999
1631159250147 17 54049
1631159284016 17 54099
1631159317918 17 54149
1631159351758 17 54199
1631159385722 17 54249
1631159419587 17 54299
1631159453490 17 54349
1631159487354 17 54399
1631159521135 17 54449
1631159554904 17 54499
1631159588665 17 54549
1631159622491 17 54599
1631159656327 17 54649
1631159690097 17 54699
1631159723851 17 54749
1631159757716 17 54799
1631159791495 17 54849
1631159825276 17 54899
1631159858879 17 54949
1631159892759 17 54999
1631159926473 17 55049
1631159962010 17 55099
1631159995723 17 55149
1631160029390 17 55199
1631160063129 17 55249
1631160097078 17 55299
1631160131092 17 55349
1631160165019 17 55399
1631160198925 17 55449
1631160232860 17 55499
1631160266850 17 55549
1631160300862 17 55599
1631160334878 17 55649
1631160368917 17 55699
1631160402819 17 55749
1631160436849 17 55799
1631160470753 17 55849
1631160504676 17 55899
1631160538727 17 55949
1631160572620 17 55999
1631160606573 17 56049
1631160640562 17 56099
1631160674502 17 56149
1631160708411 17 56199
1631160744779 17 56249
1631160745559 17 56249
1631161093439 17 56249
1631161143720 18 56299
1631161177572 18 56349
1631161211361 18 56399
1631161245114 18 56449
1631161278899 18 56499
1631161312578 18 56549
1631161346251 18 56599
1631161379933 18 56649
1631161413656 18 56699
1631161447374 18 56749
1631161481042 18 56799
1631161514696 18 56849
1631161548449 18 56899
1631161582184 18 56949
1631161616156 18 56999
1631161649968 18 57049
1631161683775 18 57099
1631161717595 18 57149
1631161751491 18 57199
1631161785323 18 57249
1631161819075 18 57299
1631161852941 18 57349
1631161886636 18 57399
1631161920508 18 57449
1631161956092 18 57499
1631161989984 18 57549
1631162023822 18 57599
1631162057552 18 57649
1631162091473 18 57699
1631162125281 18 57749
1631162159209 18 57799
1631162193059 18 57849
1631162226896 18 57899
1631162260782 18 57949
1631162294524 18 57999
1631162328313 18 58049
1631162362258 18 58099
1631162396019 18 58149
1631162429919 18 58199
1631162463830 18 58249
1631162497654 18 58299
1631162531557 18 58349
1631162565433 18 58399
1631162599161 18 58449
1631162633011 18 58499
1631162666910 18 58549
1631162700621 18 58599
1631162734629 18 58649
1631162768341 18 58699
1631162802195 18 58749
1631162836047 18 58799
1631162869856 18 58849
1631162903655 18 58899
1631162937462 18 58949
1631162971227 18 58999
1631163005068 18 59049
1631163038980 18 59099
1631163072872 18 59149
1631163106712 18 59199
1631163140593 18 59249
1631163174540 18 59299
1631163208775 18 59349
1631163228567 18 59374
1631163557466 18 59374
1631163585380 19 59399
1631163619047 19 59449
1631163652748 19 59499
1631163686364 19 59549
1631163719943 19 59599
1631163753716 19 59649
1631163787327 19 59699
1631163821049 19 59749
1631163854805 19 59799
1631163888438 19 59849
1631163922129 19 59899
1631163955812 19 59949
1631163989526 19 59999
1631164023247 19 60049
1631164057044 19 60099
1631164090912 19 60149
1631164124640 19 60199
1631164158452 19 60249
1631164193799 19 60299
1631164227505 19 60349
1631164261330 19 60399
1631164295108 19 60449
1631164329009 19 60499
1631164362898 19 60549
1631164396630 19 60599
1631164430356 19 60649
1631164464124 19 60699
1631164498007 19 60749
1631164531781 19 60799
1631164565618 19 60849
1631164599378 19 60899
1631164633158 19 60949
1631164666980 19 60999
1631164700781 19 61049
1631164734621 19 61099
1631164768287 19 61149
1631164801991 19 61199
1631164835812 19 61249
1631164869667 19 61299
1631164903444 19 61349
1631164937177 19 61399
1631164971132 19 61449
1631165004947 19 61499
1631165038786 19 61549
1631165072629 19 61599
1631165106624 19 61649
1631165140605 19 61699
1631165174435 19 61749
1631165208299 19 61799
1631165242373 19 61849
1631165276232 19 61899
1631165310047 19 61949
1631165343849 19 61999
1631165377845 19 62049
1631165411724 19 62099
1631165445623 19 62149
1631165479533 19 62199
1631165513410 19 62249
1631165547393 19 62299
1631165594527 19 62349
1631165635221 19 62399
1631165669014 19 62449
1631165705101 19 62499
1631165705940 19 62499
1631165999446 19 62499
1631166042449 20 62549
1631166076130 20 62599
1631166109784 20 62649
1631166143370 20 62699
1631166176939 20 62749
1631166210531 20 62799
1631166244173 20 62849
1631166277855 20 62899
1631166311496 20 62949
1631166345155 20 62999
1631166378824 20 63049
1631166412565 20 63099
1631166446178 20 63149
1631166479877 20 63199
1631166513710 20 63249
1631166547496 20 63299
1631166581282 20 63349
1631166614906 20 63399
1631166648749 20 63449
1631166682593 20 63499
1631166716347 20 63549
1631166750012 20 63599
1631166783650 20 63649
1631166817298 20 63699
1631166851055 20 63749
1631166884833 20 63799
1631166918684 20 63849
1631166952412 20 63899
1631166986210 20 63949
1631167020004 20 63999
1631167053767 20 64049
1631167087698 20 64099
1631167121295 20 64149
1631167155018 20 64199
1631167188805 20 64249
1631167222617 20 64299
1631167256379 20 64349
1631167290270 20 64399
1631167323940 20 64449
1631167357781 20 64499
1631167391583 20 64549
1631167425355 20 64599
1631167459234 20 64649
1631167493038 20 64699
1631167526881 20 64749
1631167560629 20 64799
1631167594402 20 64849
1631167628181 20 64899
1631167661914 20 64949
1631167695573 20 64999
1631167729316 20 65049
1631167763016 20 65099
1631167796880 20 65149
1631167830548 20 65199
1631167864367 20 65249
1631167898110 20 65299
1631167931800 20 65349
1631167965667 20 65399
1631167999592 20 65449
1631168033215 20 65499
1631168066904 20 65549
1631168100868 20 65599
1631168120575 20 65624
1631168407798 20 65624
1631168432682 21 65649
1631168466197 21 65699
1631168499729 21 65749
1631168533215 21 65799
1631168566659 21 65849
1631168600183 21 65899
1631168633775 21 65949
1631168667360 21 65999
1631168700953 21 66049
1631168734571 21 66099
1631168768122 21 66149
1631168801629 21 66199
1631168835269 21 66249
1631168868859 21 66299
1631168902607 21 66349
1631168936348 21 66399
1631168970124 21 66449
1631169003817 21 66499
1631169037487 21 66549
1631169071127 21 66599
1631169104809 21 66649
1631169138449 21 66699
1631169172234 21 66749
1631169205900 21 66799
1631169239533 21 66849
1631169273279 21 66899
1631169306902 21 66949
1631169340676 21 66999
1631169374515 21 67049
1631169408408 21 67099
1631169442178 21 67149
1631169475826 21 67199
1631169509653 21 67249
1631169543412 21 67299
1631169577156 21 67349
1631169610907 21 67399
1631169644777 21 67449
1631169678505 21 67499
1631169712314 21 67549
1631169746078 21 67599
1631169779970 21 67649
1631169813844 21 67699
1631169847769 21 67749
1631169881566 21 67799
1631169915344 21 67849
1631169949179 21 67899
1631169983165 21 67949
1631170016958 21 67999
1631170050688 21 68049
1631170084546 21 68099
1631170118437 21 68149
1631170152142 21 68199
1631170186026 21 68249
1631170219893 21 68299
1631170253873 21 68349
1631170287688 21 68399
1631170321502 21 68449
1631170355362 21 68499
1631170389217 21 68549
1631170423054 21 68599
1631170456821 21 68649
1631170490628 21 68699
1631170526921 21 68749
1631170527667 21 68749
1631170821743 21 68749
1631170863922 22 68799
1631170897498 22 68849
1631170931050 22 68899
1631170964553 22 68949
1631170998136 22 68999
1631171031675 22 69049
1631171065355 22 69099
1631171098952 22 69149
1631171132629 22 69199
1631171166279 22 69249
1631171199914 22 69299
1631171233569 22 69349
1631171267229 22 69399
1631171301034 22 69449
1631171334763 22 69499
1631171368547 22 69549
1631171402396 22 69599
1631171436191 22 69649
1631171469996 22 69699
1631171503898 22 69749
1631171537750 22 69799
1631171571524 22 69849
1631171605159 22 69899
1631171638989 22 69949
1631171672729 22 69999
1631171706541 22 70049
1631171740279 22 70099
1631171774121 22 70149
1631171807933 22 70199
1631171841642 22 70249
1631171875201 22 70299
1631171908881 22 70349
1631171942568 22 70399
1631171976341 22 70449
1631172009916 22 70499
1631172043457 22 70549
1631172077131 22 70599
1631172110797 22 70649
1631172144528 22 70699
1631172178225 22 70749
1631172211917 22 70799
1631172245717 22 70849
1631172279608 22 70899
1631172313395 22 70949
1631172347218 22 70999
1631172380965 22 71049
1631172414827 22 71099
1631172448638 22 71149
1631172482364 22 71199
1631172516118 22 71249
1631172549965 22 71299
1631172583643 22 71349
1631172617382 22 71399
1631172651115 22 71449
1631172684918 22 71499
1631172718670 22 71549
1631172752420 22 71599
1631172786230 22 71649
1631172820047 22 71699
1631172853824 22 71749
1631172887420 22 71799
1631172921384 22 71849
1631172941230 22 71874
1631173238978 22 71874
1631173263440 23 71899
1631173297097 23 71949
1631173330630 23 71999
1631173364246 23 72049
1631173397889 23 72099
1631173431465 23 72149
1631173465207 23 72199
1631173498973 23 72249
1631173532611 23 72299
1631173566294 23 72349
1631173599932 23 72399
1631173633719 23 72449
1631173668052 23 72499
1631173701694 23 72549
1631173735539 23 72599
1631173769357 23 72649
1631173803060 23 72699
1631173836796 23 72749
1631173870419 23 72799
1631173904264 23 72849
1631173937941 23 72899
1631173971909 23 72949
1631174005564 23 72999
1631174039242 23 73049
1631174073018 23 73099
1631174106808 23 73149
1631174140549 23 73199
1631174174140 23 73249
1631174207776 23 73299
1631174241451 23 73349
1631174275138 23 73399
1631174308929 23 73449
1631174342600 23 73499
1631174376101 23 73549
1631174409799 23 73599
1631174443507 23 73649
1631174477126 23 73699
1631174510798 23 73749
1631174544423 23 73799
1631174578166 23 73849
1631174611914 23 73899
1631174645612 23 73949
1631174679396 23 73999
1631174713149 23 74049
1631174746747 23 74099
1631174780405 23 74149
1631174814068 23 74199
1631174847756 23 74249
1631174881524 23 74299
1631174915084 23 74349
1631174948791 23 74399
1631174982468 23 74449
1631175016217 23 74499
1631175049995 23 74549
1631175083922 23 74599
1631175117795 23 74649
1631175151540 23 74699
1631175185379 23 74749
1631175219129 23 74799
1631175253035 23 74849
1631175286729 23 74899
1631175320560 23 74949
1631175356664 23 74999
1631175357437 23 74999
1631175647634 23 74999
1631175692370 24 75049
1631175726101 24 75099
1631175759782 24 75149
1631175793405 24 75199
1631175826913 24 75249
1631175860463 24 75299
1631175893968 24 75349
1631175927382 24 75399
1631175961015 24 75449
1631175994677 24 75499
1631176028328 24 75549
1631176061916 24 75599
1631176095450 24 75649
1631176129059 24 75699
1631176162832 24 75749
1631176196584 24 75799
1631176230249 24 75849
1631176263940 24 75899
1631176297718 24 75949
1631176331475 24 75999
1631176365229 24 76049
1631176399012 24 76099
1631176432698 24 76149
1631176466438 24 76199
1631176500085 24 76249
1631176533852 24 76299
1631176567499 24 76349
1631176601112 24 76399
1631176634811 24 76449
1631176668411 24 76499
1631176702173 24 76549
1631176735859 24 76599
1631176769614 24 76649
1631176803189 24 76699
1631176836811 24 76749
1631176870507 24 76799
1631176904075 24 76849
1631176937658 24 76899
1631176971356 24 76949
1631177005191 24 76999
1631177038830 24 77049
1631177072549 24 77099
1631177106347 24 77149
1631177140111 24 77199
1631177173777 24 77249
1631177207601 24 77299
1631177241388 24 77349
1631177275113 24 77399
1631177308883 24 77449
1631177342559 24 77499
1631177376152 24 77549
1631177409852 24 77599
1631177443815 24 77649
1631177477356 24 77699
1631177510937 24 77749
1631177544615 24 77799
1631177578344 24 77849
1631177612040 24 77899
1631177645686 24 77949
1631177679300 24 77999
1631177712848 24 78049
1631177746772 24 78099
1631177766141 24 78124
1631178052140 24 78124
1631178078088 25 78149
1631178111717 25 78199
1631178145356 25 78249
1631178179031 25 78299
1631178212566 25 78349
1631178246190 25 78399
1631178279686 25 78449
1631178313193 25 78499
1631178346779 25 78549
1631178380279 25 78599
1631178413805 25 78649
1631178447296 25 78699
1631178480785 25 78749
1631178514305 25 78799
1631178547990 25 78849
1631178581653 25 78899
1631178615301 25 78949
1631178648939 25 78999
1631178682652 25 79049
1631178716222 25 79099
1631178749834 25 79149
1631178783433 25 79199
1631178817030 25 79249
1631178850547 25 79299
1631178884063 25 79349
1631178917708 25 79399
1631178951401 25 79449
1631178985035 25 79499
1631179018776 25 79549
1631179052538 25 79599
1631179086461 25 79649
1631179120226 25 79699
1631179154005 25 79749
1631179187727 25 79799
1631179221460 25 79849
1631179255205 25 79899
1631179288901 25 79949
1631179322574 25 79999
1631179356296 25 80049
1631179390000 25 80099
1631179423659 25 80149
1631179457406 25 80199
1631179491255 25 80249
1631179524993 25 80299
1631179558709 25 80349
1631179592294 25 80399
1631179625812 25 80449
1631179659509 25 80499
1631179693134 25 80549
1631179726819 25 80599
1631179760477 25 80649
1631179794097 25 80699
1631179827749 25 80749
1631179861381 25 80799
1631179895075 25 80849
1631179928776 25 80899
1631179962461 25 80949
1631179996295 25 80999
1631180030059 25 81049
1631180063829 25 81099
1631180097694 25 81149
1631180131620 25 81199
1631180167745 25 81249
1631180168476 25 81249
1631180461867 25 81249
1631180505168 26 81299
1631180538855 26 81349
1631180572444 26 81399
1631180606118 26 81449
1631180639728 26 81499
1631180673298 26 81549
1631180706835 26 81599
1631180740376 26 81649
1631180773945 26 81699
1631180807539 26 81749
1631180841119 26 81799
1631180874717 26 81849
1631180908522 26 81899
1631180942480 26 81949
1631180976357 26 81999
1631181010284 26 82049
1631181044251 26 82099
1631181078112 26 82149
1631181111913 26 82199
1631181145647 26 82249
1631181179480 26 82299
1631181213345 26 82349
1631181247215 26 82399
1631181280933 26 82449
1631181314662 26 82499
1631181348305 26 82549
1631181382031 26 82599
1631181415733 26 82649
1631181449332 26 82699
1631181483063 26 82749
1631181516686 26 82799
1631181550325 26 82849
1631181583949 26 82899
1631181617626 26 82949
1631181651289 26 82999
1631181685060 26 83049
1631181718779 26 83099
1631181752540 26 83149
1631181786251 26 83199
1631181819931 26 83249
1631181853680 26 83299
1631181887384 26 83349
1631181921121 26 83399
1631181954909 26 83449
1631181988726 26 83499
1631182022235 26 83549
1631182055880 26 83599
1631182089530 26 83649
1631182123133 26 83699
1631182156813 26 83749
1631182190410 26 83799
1631182224022 26 83849
1631182257437 26 83899
1631182291238 26 83949
1631182324868 26 83999
1631182358624 26 84049
1631182392395 26 84099
1631182426222 26 84149
1631182460008 26 84199
1631182493829 26 84249
1631182527528 26 84299
1631182561337 26 84349
1631182580867 26 84374
1631182864980 26 84374
1631182889444 27 84399
1631182922926 27 84449
1631182956435 27 84499
1631182990012 27 84549
1631183023511 27 84599
1631183057135 27 84649
1631183090536 27 84699
1631183123955 27 84749
1631183157337 27 84799
1631183190790 27 84849
1631183224234 27 84899
1631183257757 27 84949
1631183291521 27 84999
1631183325283 27 85049
1631183359215 27 85099
1631183393310 27 85149
1631183427310 27 85199
1631183461395 27 85249
1631183495276 27 85299
1631183529057 27 85349
1631183562840 27 85399
1631183596781 27 85449
1631183630886 27 85499
1631183664747 27 85549
1631183698701 27 85599
1631183732248 27 85649
1631183765643 27 85699
1631183799267 27 85749
1631183832891 27 85799
1631183866698 27 85849
1631183900466 27 85899
1631183934035 27 85949
1631183967575 27 85999
1631184001300 27 86049
1631184034954 27 86099
1631184068685 27 86149
1631184102218 27 86199
1631184135875 27 86249
1631184169558 27 86299
1631184203025 27 86349
1631184236510 27 86399
1631184269919 27 86449
1631184303265 27 86499
1631184336724 27 86549
1631184370081 27 86599
1631184403497 27 86649
1631184436893 27 86699
1631184470335 27 86749
1631184503865 27 86799
1631184537167 27 86849
1631184570652 27 86899
1631184603971 27 86949
1631184637320 27 86999
1631184670820 27 87049
1631184704442 27 87099
1631184738089 27 87149
1631184771770 27 87199
1631184805363 27 87249
1631184839043 27 87299
1631184872611 27 87349
1631184906278 27 87399
1631184939816 27 87449
1631184975770 27 87499
1631184978162 27 87499
1631185261341 27 87499
1631185301957 28 87549
1631185335222 28 87599
1631185368484 28 87649
1631185401769 28 87699
1631185435079 28 87749
1631185469366 28 87799
1631185502719 28 87849
1631185536181 28 87899
1631185569554 28 87949
1631185602958 28 87999
1631185636289 28 88049
1631185669735 28 88099
1631185703271 28 88149
1631185737036 28 88199
1631185770590 28 88249
1631185804263 28 88299
1631185837894 28 88349
1631185871518 28 88399
1631185905174 28 88449
1631185938903 28 88499
1631185972673 28 88549
1631186006327 28 88599
1631186039946 28 88649
1631186073722 28 88699
1631186107228 28 88749
1631186140723 28 88799
1631186174251 28 88849
1631186207604 28 88899
1631186241041 28 88949
1631186274344 28 88999
1631186307692 28 89049
1631186341010 28 89099
1631186374480 28 89149
1631186407931 28 89199
1631186441270 28 89249
1631186474572 28 89299
1631186507910 28 89349
1631186541301 28 89399
1631186574949 28 89449
1631186608514 28 89499
1631186642239 28 89549
1631186675868 28 89599
1631186709477 28 89649
1631186743194 28 89699
1631186776868 28 89749
1631186810573 28 89799
1631186844239 28 89849
1631186877894 28 89899
1631186911681 28 89949
1631186945425 28 89999
1631186979070 28 90049
1631187012809 28 90099
1631187046646 28 90149
1631187080242 28 90199
1631187113869 28 90249
1631187147519 28 90299
1631187181193 28 90349
1631187214864 28 90399
1631187248500 28 90449
1631187282093 28 90499
1631187315694 28 90549
1631187349628 28 90599
1631187369103 28 90624
1631187656011 28 90624
1631187680301 29 90649
1631187713753 29 90699
1631187747178 29 90749
1631187780622 29 90799
1631187814038 29 90849
1631187847677 29 90899
1631187881199 29 90949
1631187914742 29 90999
1631187948262 29 91049
1631187981845 29 91099
1631188015533 29 91149
1631188049311 29 91199
1631188083039 29 91249
1631188116735 29 91299
1631188150490 29 91349
1631188184245 29 91399
1631188217935 29 91449
1631188251618 29 91499
1631188285218 29 91549
1631188318924 29 91599
1631188352548 29 91649
1631188386115 29 91699
1631188419701 29 91749
1631188453390 29 91799
1631188487033 29 91849
1631188520719 29 91899
1631188554318 29 91949
1631188587938 29 91999
1631188621482 29 92049
1631188655173 29 92099
1631188688687 29 92149
1631188722301 29 92199
1631188755884 29 92249
1631188789690 29 92299
1631188823352 29 92349
1631188857040 29 92399
1631188890682 29 92449
1631188924414 29 92499
1631188958137 29 92549
1631188991965 29 92599
1631189025611 29 92649
1631189059240 29 92699
1631189092967 29 92749
1631189126614 29 92799
1631189160147 29 92849
1631189193852 29 92899
1631189227388 29 92949
1631189261015 29 92999
1631189294664 29 93049
1631189328233 29 93099
1631189361912 29 93149
1631189395487 29 93199
1631189429036 29 93249
1631189462624 29 93299
1631189496320 29 93349
1631189530050 29 93399
1631189563793 29 93449
1631189597601 29 93499
1631189631217 29 93549
1631189664990 29 93599
1631189698709 29 93649
1631189732502 29 93699
1631189768532 29 93749
1631189768966 29 93749
1631190055145 29 93749
