1631115979679 0.001 0
1631118498849 0.0009972609476841367 3125
1631120992903 0.0009890738003669028 6250
1631123479485 0.0009755282581475768 9375
1631126014179 0.0009567727288213003 12500
1631128777321 0.0009330127018922195 15625
1631131311357 0.0009045084971874739 18750
1631133850341 0.0008715724127386972 21875
1631136290032 0.0008345653031794292 25000
1631138789938 0.0007938926261462366 28125
1631141245674 0.00075 31250
1631143710016 0.0007033683215379003 34375
1631146219868 0.0006545084971874739 37500
1631148678485 0.0006039558454088797 40625
1631151120733 0.0005522642316338269 43750
1631153582692 0.0005000000000000002 46875
1631156062337 0.0004477357683661734 50000
1631158616967 0.00039604415459112036 53125
1631161093487 0.0003454915028125264 56250
1631163557519 0.00029663167846210003 59375
1631165999467 0.00025000000000000017 62500
1631168407824 0.00020610737385376354 65625
1631170821763 0.00016543469682057108 68750
1631173239000 0.00012842758726130303 71875
1631175647682 9.549150281252637e-05 75000
1631178052166 6.698729810778068e-05 78125
1631180461889 4.322727117869953e-05 81250
1631182865031 2.447174185242324e-05 84375
1631185261359 1.092619963309716e-05 87500
1631187656037 2.7390523158633003e-06 90625
