1631118135729 20.292795181274414 3124
1631118498571 20.292795181274414 0
1631120644165 16.486106872558594 6249
1631120992581 16.486106872558594 1
1631123124154 15.226044654846191 9374
1631123479159 15.226044654846191 2
1631125610153 14.773782730102539 12499
1631126013892 14.773782730102539 3
1631128231848 14.50613784790039 15624
1631128776422 14.50613784790039 4
1631130921958 14.318658828735352 18749
1631131311060 14.318658828735352 5
1631133446025 14.173988342285156 21874
1631133850037 14.173988342285156 6
1631135983550 14.048891067504883 24999
1631136289726 14.048891067504883 7
1631138436442 13.955053329467773 28124
1631138789596 13.955053329467773 8
1631140920587 13.858031272888184 31249
1631141244720 13.858031272888184 9
1631143376716 13.762872695922852 34374
1631143709692 13.762872695922852 10
1631145889872 13.673932075500488 37499
1631146219413 13.673932075500488 11
1631148348963 13.59306526184082 40624
1631148678192 13.59306526184082 12
1631150805444 13.523933410644531 43749
1631151120460 13.523933410644531 13
1631153249079 13.463315963745117 46874
1631153581870 13.463315963745117 14
1631155710854 13.40350341796875 49999
1631156062068 13.40350341796875 15
1631158192257 13.350540161132812 53124
1631158616781 13.350540161132812 16
1631160745559 13.299617767333984 56249
1631161093082 13.299617767333984 17
1631163228567 13.251521110534668 59374
1631163557192 13.251521110534668 18
1631165705940 13.203484535217285 62499
1631165998675 13.203484535217285 19
1631168120575 13.154145240783691 65624
1631168407501 13.154145240783691 20
1631170527667 13.108458518981934 68749
1631170821447 13.108458518981934 21
1631172941230 13.066872596740723 71874
1631173238697 13.066872596740723 22
1631175357437 13.025328636169434 74999
1631175647368 13.025328636169434 23
1631177766141 12.993753433227539 78124
1631178051341 12.993753433227539 24
1631180168476 12.9641752243042 81249
1631180461602 12.9641752243042 25
1631182580867 12.942495346069336 84374
1631182864898 12.942495346069336 26
1631184978162 12.922494888305664 87499
1631185261090 12.922494888305664 27
1631187369103 12.90941333770752 90624
1631187655753 12.90941333770752 28
1631189768966 12.901168823242188 93749
1631190054505 12.901168823242188 29
