1631116049136 29.189746856689453 49
1631116086049 27.14700698852539 99
1631116119890 26.726890563964844 149
1631116153616 25.023475646972656 199
1631116187374 24.24820327758789 249
1631116221092 24.260234832763672 299
1631116254745 22.258087158203125 349
1631116288416 23.6197509765625 399
1631116322157 23.261558532714844 449
1631116355833 22.122314453125 499
1631116389442 23.89711570739746 549
1631116423695 22.89909553527832 599
1631116457755 21.758136749267578 649
1631116491555 22.881298065185547 699
1631116525510 21.90468978881836 749
1631116559313 21.466365814208984 799
1631116593057 21.258813858032227 849
1631116626735 20.581501007080078 899
1631116660468 20.601627349853516 949
1631116694262 20.51163101196289 999
1631116727974 20.215465545654297 1049
1631116761916 19.436965942382812 1099
1631116795863 19.885719299316406 1149
1631116829752 19.424346923828125 1199
1631116863588 19.635761260986328 1249
1631116897523 19.697553634643555 1299
1631116931379 19.147666931152344 1349
1631116965310 19.335845947265625 1399
1631116999162 19.321815490722656 1449
1631117032974 18.89400863647461 1499
1631117066902 18.968544006347656 1549
1631117100752 19.156475067138672 1599
1631117134636 18.004541397094727 1649
1631117168504 18.518592834472656 1699
1631117202323 18.1112060546875 1749
1631117236165 18.29486083984375 1799
1631117270128 18.495956420898438 1849
1631117303899 18.606718063354492 1899
1631117337620 18.332530975341797 1949
1631117371509 18.10584259033203 1999
1631117405383 18.234012603759766 2049
1631117439170 18.402503967285156 2099
1631117472888 18.86748504638672 2149
1631117506701 18.34424591064453 2199
1631117540549 18.44737434387207 2249
1631117574315 18.149478912353516 2299
1631117608147 17.969268798828125 2349
1631117642027 17.680803298950195 2399
1631117675911 18.33728790283203 2449
1631117709821 17.737308502197266 2499
1631117743644 17.867263793945312 2549
1631117777429 17.920101165771484 2599
1631117811414 17.952945709228516 2649
1631117845232 17.63716697692871 2699
1631117879216 17.247522354125977 2749
1631117913036 17.192039489746094 2799
1631117946998 17.60418701171875 2849
1631117980732 17.72285270690918 2899
1631118014489 17.485971450805664 2949
1631118048309 17.072063446044922 2999
1631118082230 18.107704162597656 3049
1631118116378 17.804182052612305 3099
1631118498571 17.409305572509766 0
1631118528039 17.366519927978516 3149
1631118561787 17.102352142333984 3199
1631118595429 17.214937210083008 3249
1631118629212 17.127037048339844 3299
1631118662834 16.492660522460938 3349
1631118696589 16.896270751953125 3399
1631118730370 16.812124252319336 3449
1631118764160 16.846050262451172 3499
1631118797899 16.493921279907227 3549
1631118831642 16.68990135192871 3599
1631118865376 17.125652313232422 3649
1631118899069 16.87549591064453 3699
1631118932863 16.876514434814453 3749
1631118966513 17.43991470336914 3799
1631119001159 17.618324279785156 3849
1631119035018 16.56658172607422 3899
1631119068845 16.416799545288086 3949
1631119102687 16.4810733795166 3999
1631119137223 17.224794387817383 4049
1631119171096 16.58917808532715 4099
1631119204951 16.87214469909668 4149
1631119242055 16.570491790771484 4199
1631119279760 17.281543731689453 4249
1631119318962 16.67332649230957 4299
1631119352921 16.354291915893555 4349
1631119386734 16.509784698486328 4399
1631119420602 16.71626091003418 4449
1631119454488 16.371135711669922 4499
1631119488326 17.21855354309082 4549
1631119522314 16.350976943969727 4599
1631119556141 15.78995418548584 4649
1631119590030 16.402050018310547 4699
1631119623957 16.241535186767578 4749
1631119657945 16.87877082824707 4799
1631119691913 16.436492919921875 4849
1631119725869 16.438812255859375 4899
1631119759858 16.12664222717285 4949
1631119793760 16.207094192504883 4999
1631119827690 17.067649841308594 5049
1631119861553 16.454355239868164 5099
1631119895417 16.420549392700195 5149
1631119929398 16.60561752319336 5199
1631119963298 16.986724853515625 5249
1631119997186 16.455848693847656 5299
1631120031123 16.058216094970703 5349
1631120065150 16.348419189453125 5399
1631120099047 16.279808044433594 5449
1631120132965 16.060901641845703 5499
1631120166946 16.756866455078125 5549
1631120200823 16.69786262512207 5599
1631120234766 16.126678466796875 5649
1631120268581 15.764598846435547 5699
1631120302418 15.720785140991211 5749
1631120336310 16.033828735351562 5799
1631120370164 15.639791488647461 5849
1631120404077 15.605207443237305 5899
1631120437994 15.336143493652344 5949
1631120471803 16.045372009277344 5999
1631120505555 15.72016716003418 6049
1631120539516 15.5518217086792 6099
1631120573371 15.483901977539062 6149
1631120607328 16.119441986083984 6199
1631120643365 15.294136047363281 6249
1631120992581 15.294136047363281 1
1631121038992 15.1702299118042 6299
1631121072591 15.96029281616211 6349
1631121106308 15.419902801513672 6399
1631121140045 15.339614868164062 6449
1631121173775 15.028120040893555 6499
1631121207517 15.882047653198242 6549
1631121241294 15.453849792480469 6599
1631121275056 15.349790573120117 6649
1631121308823 15.57471752166748 6699
1631121342594 15.380188941955566 6749
1631121376328 15.495582580566406 6799
1631121410182 15.520490646362305 6849
1631121443844 15.651008605957031 6899
1631121477579 15.608388900756836 6949
1631121511483 15.375504493713379 6999
1631121545315 15.015939712524414 7049
1631121579372 15.210990905761719 7099
1631121613310 15.549820899963379 7149
1631121647046 15.319029808044434 7199
1631121680892 15.420670509338379 7249
1631121714728 14.917768478393555 7299
1631121748583 15.755020141601562 7349
1631121782453 15.637195587158203 7399
1631121816385 15.045469284057617 7449
1631121850287 15.31730842590332 7499
1631121884134 15.064062118530273 7549
1631121918089 15.387212753295898 7599
1631121952017 15.01624584197998 7649
1631121985914 15.238276481628418 7699
1631122019842 15.018741607666016 7749
1631122053688 15.15510082244873 7799
1631122087522 15.432024955749512 7849
1631122121389 15.384597778320312 7899
1631122155307 15.165976524353027 7949
1631122189087 15.459372520446777 7999
1631122222941 15.2731294631958 8049
1631122256883 15.223353385925293 8099
1631122290701 14.995434761047363 8149
1631122324615 15.262219429016113 8199
1631122358481 15.190288543701172 8249
1631122392736 15.008781433105469 8299
1631122426669 14.886980056762695 8349
1631122460580 15.194866180419922 8399
1631122494490 14.913740158081055 8449
1631122528137 14.791152000427246 8499
1631122561948 15.057486534118652 8549
1631122595760 15.609518051147461 8599
1631122629508 14.754368782043457 8649
1631122663514 15.30691909790039 8699
1631122697247 15.278373718261719 8749
1631122731254 14.921030044555664 8799
1631122765283 15.121634483337402 8849
1631122799112 14.942116737365723 8899
1631122832939 14.8956880569458 8949
1631122866866 15.214987754821777 8999
1631122900818 14.644814491271973 9049
1631122934634 14.675835609436035 9099
1631122968483 15.23893928527832 9149
1631123002423 15.219404220581055 9199
1631123036308 14.874799728393555 9249
1631123070230 14.626068115234375 9299
1631123104471 15.110618591308594 9349
1631123479159 14.789191246032715 2
1631123507287 15.117416381835938 9399
1631123541089 15.138225555419922 9449
1631123574698 14.77086353302002 9499
1631123608429 15.109460830688477 9549
1631123642202 15.174715042114258 9599
1631123675896 14.844779968261719 9649
1631123709636 15.03453540802002 9699
1631123743333 14.647974014282227 9749
1631123777120 14.644477844238281 9799
1631123810706 14.65849494934082 9849
1631123844452 14.765466690063477 9899
1631123878185 14.970131874084473 9949
1631123911978 14.948675155639648 9999
1631123946191 14.964536666870117 10049
1631123980048 14.804254531860352 10099
1631124013988 14.865949630737305 10149
1631124047887 14.584831237792969 10199
1631124081684 14.751526832580566 10249
1631124115555 15.210103988647461 10299
1631124149392 14.99044418334961 10349
1631124183146 14.899697303771973 10399
1631124216986 14.932568550109863 10449
1631124250898 14.758248329162598 10499
1631124284666 14.714605331420898 10549
1631124318596 14.395259857177734 10599
1631124352390 14.677087783813477 10649
1631124386389 14.554655075073242 10699
1631124420332 15.293211936950684 10749
1631124454231 14.658507347106934 10799
1631124488149 14.73843002319336 10849
1631124522107 14.519020080566406 10899
1631124555956 14.830026626586914 10949
1631124589856 14.626578330993652 10999
1631124623740 14.877021789550781 11049
1631124657612 14.554058074951172 11099
1631124691543 15.237558364868164 11149
1631124725442 15.107678413391113 11199
1631124759374 14.992697715759277 11249
1631124793255 14.453058242797852 11299
1631124827153 14.726115226745605 11349
1631124860999 15.108175277709961 11399
1631124894836 14.631694793701172 11449
1631124928804 15.078939437866211 11499
1631124962738 14.731609344482422 11549
1631124996692 14.753535270690918 11599
1631125030585 14.461973190307617 11649
1631125064542 14.537498474121094 11699
1631125098372 15.144264221191406 11749
1631125132270 14.600120544433594 11799
1631125166209 14.65041446685791 11849
1631125199960 14.249807357788086 11899
1631125233889 14.511733055114746 11949
1631125267699 14.449606895446777 11999
1631125301626 14.693559646606445 12049
1631125335541 14.59891128540039 12099
1631125369465 14.433945655822754 12149
1631125403411 14.42015266418457 12199
1631125437181 15.103978157043457 12249
1631125471160 14.65629768371582 12299
1631125505271 14.713592529296875 12349
1631125539291 14.77639102935791 12399
1631125573147 14.794105529785156 12449
1631125609346 14.636795043945312 12499
1631126013892 14.636795043945312 3
1631126061125 14.44236946105957 12549
1631126094834 14.682113647460938 12599
1631126128489 14.70739459991455 12649
1631126164993 14.508893966674805 12699
1631126208833 14.474592208862305 12749
1631126248495 14.390347480773926 12799
1631126294213 14.445572853088379 12849
1631126336170 14.818429946899414 12899
1631126370111 14.698067665100098 12949
1631126403958 14.526423454284668 12999
1631126442609 14.431314468383789 13049
1631126485863 14.768102645874023 13099
1631126520624 14.58241081237793 13149
1631126555662 14.504805564880371 13199
1631126589659 14.295574188232422 13249
1631126623481 14.902765274047852 13299
1631126669125 14.272855758666992 13349
1631126713512 14.659154891967773 13399
1631126750718 14.46426010131836 13449
1631126784810 14.695323944091797 13499
1631126818838 14.625362396240234 13549
1631126852618 14.549312591552734 13599
1631126886476 14.156902313232422 13649
1631126920396 14.67181396484375 13699
1631126954330 14.533798217773438 13749
1631126988319 14.169159889221191 13799
1631127022266 14.916094779968262 13849
1631127056076 14.388622283935547 13899
1631127089993 14.21983528137207 13949
1631127123954 14.292678833007812 13999
1631127157809 14.5828857421875 14049
1631127191592 14.4202880859375 14099
1631127225551 14.604097366333008 14149
1631127259380 14.922199249267578 14199
1631127293152 14.672733306884766 14249
1631127327049 14.321861267089844 14299
1631127360918 14.626687049865723 14349
1631127396958 14.781105041503906 14399
1631127430874 14.572189331054688 14449
1631127464996 14.171184539794922 14499
1631127498824 14.743651390075684 14549
1631127532816 14.260231018066406 14599
1631127566747 14.64860725402832 14649
1631127600735 14.003928184509277 14699
1631127634713 14.51024341583252 14749
1631127668526 14.59737777709961 14799
1631127702500 14.292707443237305 14849
1631127736651 14.601008415222168 14899
1631127770475 14.574865341186523 14949
1631127804480 14.334750175476074 14999
1631127838339 14.19037914276123 15049
1631127872415 14.080869674682617 15099
1631127906502 14.53441047668457 15149
1631127940383 14.405308723449707 15199
1631127974322 14.654224395751953 15249
1631128008398 14.27147388458252 15299
1631128042272 14.747812271118164 15349
1631128076198 14.484079360961914 15399
1631128110089 14.622064590454102 15449
1631128143926 14.234975814819336 15499
1631128177949 14.146697044372559 15549
1631128212176 14.462310791015625 15599
1631128776422 14.260189056396484 4
1631128810057 14.248031616210938 15649
1631128849348 14.408517837524414 15699
1631128883145 14.43887710571289 15749
1631128916951 14.29643726348877 15799
1631128950779 14.728668212890625 15849
1631128984579 14.312907218933105 15899
1631129018315 14.386956214904785 15949
1631129052152 14.63748836517334 15999
1631129085872 13.998825073242188 16049
1631129119616 14.072616577148438 16099
1631129153538 14.267416000366211 16149
1631129187281 14.590158462524414 16199
1631129221107 14.625608444213867 16249
1631129254951 14.55621337890625 16299
1631129288827 14.596126556396484 16349
1631129322640 14.23077392578125 16399
1631129356522 14.433085441589355 16449
1631129390344 14.240036964416504 16499
1631129424287 14.065950393676758 16549
1631129459222 14.284255981445312 16599
1631129493218 14.345172882080078 16649
1631129527220 14.17637825012207 16699
1631129561255 14.315695762634277 16749
1631129595213 14.138154029846191 16799
1631129629246 14.613617897033691 16849
1631129663145 14.194493293762207 16899
1631129697123 14.333738327026367 16949
1631129731093 14.091592788696289 16999
1631129765001 14.595226287841797 17049
1631129798845 14.860875129699707 17099
1631129832807 14.194202423095703 17149
1631129866870 14.083393096923828 17199
1631129900698 14.039785385131836 17249
1631129934655 14.431882858276367 17299
1631129968612 14.149291038513184 17349
1631130002576 14.24931812286377 17399
1631130036558 14.283103942871094 17449
1631130070553 14.179489135742188 17499
1631130104459 14.469154357910156 17549
1631130138292 14.517565727233887 17599
1631130172176 14.485997200012207 17649
1631130206175 14.02417278289795 17699
1631130240050 14.298752784729004 17749
1631130274039 14.052513122558594 17799
1631130307982 14.480892181396484 17849
1631130341980 14.231117248535156 17899
1631130376054 13.883240699768066 17949
1631130409896 14.704141616821289 17999
1631130443887 14.236318588256836 18049
1631130477855 14.251843452453613 18099
1631130511756 14.150535583496094 18149
1631130545716 14.174956321716309 18199
1631130579626 14.482640266418457 18249
1631130613477 14.210333824157715 18299
1631130647347 14.399243354797363 18349
1631130681221 14.495859146118164 18399
1631130715185 14.2266206741333 18449
1631130749020 14.248427391052246 18499
1631130783018 14.349787712097168 18549
1631130816956 14.073022842407227 18599
1631130850915 14.450368881225586 18649
1631130884884 14.100164413452148 18699
1631130921091 14.157583236694336 18749
1631131311060 14.157583236694336 5
1631131356933 14.041166305541992 18799
1631131390637 14.26010513305664 18849
1631131424423 14.057281494140625 18899
1631131458262 14.073638916015625 18949
1631131492132 14.02487564086914 18999
1631131525843 14.099915504455566 19049
1631131559639 14.247193336486816 19099
1631131593396 14.21076488494873 19149
1631131627142 13.98675537109375 19199
1631131660867 14.439278602600098 19249
1631131694690 14.036306381225586 19299
1631131728502 14.310150146484375 19349
1631131762184 14.164342880249023 19399
1631131796046 14.333419799804688 19449
1631131829984 14.192087173461914 19499
1631131863780 13.999095916748047 19549
1631131897827 14.164363861083984 19599
1631131931653 14.513811111450195 19649
1631131965763 14.283659934997559 19699
1631131999544 14.106315612792969 19749
1631132033381 14.518813133239746 19799
1631132067306 13.935643196105957 19849
1631132101365 14.236413955688477 19899
1631132135358 14.239846229553223 19949
1631132169366 13.886747360229492 19999
1631132203240 14.11007022857666 20049
1631132237061 14.243646621704102 20099
1631132270932 14.12289047241211 20149
1631132304791 14.399761199951172 20199
1631132338627 14.0421142578125 20249
1631132372457 14.263448715209961 20299
1631132406463 14.124755859375 20349
1631132440395 13.822410583496094 20399
1631132474299 14.137295722961426 20449
1631132508221 14.151906967163086 20499
1631132542136 14.339366912841797 20549
1631132576011 14.224557876586914 20599
1631132609939 14.090350151062012 20649
1631132643946 14.210614204406738 20699
1631132679646 14.213968276977539 20749
1631132713486 14.19053840637207 20799
1631132747420 14.364892959594727 20849
1631132781403 14.15063762664795 20899
1631132815343 14.185104370117188 20949
1631132849328 14.03778076171875 20999
1631132883271 14.08515739440918 21049
1631132917314 14.362263679504395 21099
1631132951331 14.312171936035156 21149
1631132985246 14.19377613067627 21199
1631133019172 13.904557228088379 21249
1631133052978 14.488550186157227 21299
1631133086860 14.404993057250977 21349
1631133120803 13.907447814941406 21399
1631133154728 14.090681076049805 21449
1631133188671 14.098165512084961 21499
1631133222650 14.48110580444336 21549
1631133256524 13.851566314697266 21599
1631133290360 14.706939697265625 21649
1631133324316 14.340808868408203 21699
1631133358241 13.993709564208984 21749
1631133392188 14.369525909423828 21799
1631133426515 13.901479721069336 21849
1631133850037 14.308460235595703 6
1631133879451 14.235519409179688 21899
1631133913154 14.27293586730957 21949
1631133946935 13.987415313720703 21999
1631133980825 14.352226257324219 22049
1631134014648 14.034952163696289 22099
1631134048454 13.649046897888184 22149
1631134082150 14.307806015014648 22199
1631134115942 13.6123685836792 22249
1631134149593 14.072042465209961 22299
1631134183235 13.719707489013672 22349
1631134217003 14.123554229736328 22399
1631134250778 14.011401176452637 22449
1631134284556 14.202434539794922 22499
1631134318412 14.145866394042969 22549
1631134352236 13.75105094909668 22599
1631134386318 14.126477241516113 22649
1631134420183 13.857993125915527 22699
1631134453998 14.074230194091797 22749
1631134487860 13.739660263061523 22799
1631134521747 13.669170379638672 22849
1631134555621 14.217130661010742 22899
1631134589525 14.11463737487793 22949
1631134623458 13.904173851013184 22999
1631134657293 13.790456771850586 23049
1631134692233 14.13387393951416 23099
1631134727050 14.184192657470703 23149
1631134760946 14.006246566772461 23199
1631134794714 14.327449798583984 23249
1631134828651 14.353252410888672 23299
1631134862577 14.38768196105957 23349
1631134896553 14.078874588012695 23399
1631134930482 14.227137565612793 23449
1631134964611 14.09458065032959 23499
1631134998529 13.995790481567383 23549
1631135032404 14.179518699645996 23599
1631135066365 14.479485511779785 23649
1631135100242 13.948341369628906 23699
1631135134194 13.816612243652344 23749
1631135168265 14.392364501953125 23799
1631135202173 13.938560485839844 23849
1631135236023 13.947471618652344 23899
1631135269934 14.1781005859375 23949
1631135303710 13.989502906799316 23999
1631135337508 14.412471771240234 24049
1631135371354 14.084495544433594 24099
1631135405253 13.995855331420898 24149
1631135439123 14.232078552246094 24199
1631135473063 14.02742862701416 24249
1631135506916 13.91868782043457 24299
1631135540780 13.610771179199219 24349
1631135574581 14.181502342224121 24399
1631135608361 14.014616966247559 24449
1631135642135 14.437294006347656 24499
1631135675961 14.044428825378418 24549
1631135709930 13.800271987915039 24599
1631135743676 13.796823501586914 24649
1631135777497 13.995583534240723 24699
1631135811346 13.977889060974121 24749
1631135845127 14.479162216186523 24799
1631135879048 14.167755126953125 24849
1631135912861 14.05698299407959 24899
1631135946596 14.209324836730957 24949
1631135982725 14.240530014038086 24999
1631136289726 14.240530014038086 7
1631136335070 13.876615524291992 25049
1631136368712 13.853010177612305 25099
1631136402430 13.972440719604492 25149
1631136436081 14.00503158569336 25199
1631136469842 13.553787231445312 25249
1631136503476 14.228325843811035 25299
1631136537174 13.877650260925293 25349
1631136570822 13.925085067749023 25399
1631136604425 14.007723808288574 25449
1631136638053 13.890207290649414 25499
1631136671696 14.12619400024414 25549
1631136705295 13.976762771606445 25599
1631136739035 13.685282707214355 25649
1631136772816 13.945182800292969 25699
1631136806869 13.97993278503418 25749
1631136840742 13.739291191101074 25799
1631136874613 13.909713745117188 25849
1631136908647 13.985809326171875 25899
1631136942581 13.871667861938477 25949
1631136976403 13.725654602050781 25999
1631137010324 13.961809158325195 26049
1631137045751 13.999861717224121 26099
1631137079947 13.673502922058105 26149
1631137114063 13.750690460205078 26199
1631137147923 14.166559219360352 26249
1631137181852 13.906661033630371 26299
1631137215775 14.3245267868042 26349
1631137249591 13.81985092163086 26399
1631137283410 13.856124877929688 26449
1631137317265 14.17150592803955 26499
1631137351147 13.886547088623047 26549
1631137384957 13.815078735351562 26599
1631137418716 13.992904663085938 26649
1631137452651 13.731531143188477 26699
1631137486591 14.601482391357422 26749
1631137520470 13.839678764343262 26799
1631137554367 14.032608985900879 26849
1631137588190 13.612902641296387 26899
1631137622021 13.872865676879883 26949
1631137655982 13.879981994628906 26999
1631137689928 13.837535858154297 27049
1631137723619 14.048237800598145 27099
1631137757558 13.69340705871582 27149
1631137791555 14.243425369262695 27199
1631137825448 13.916730880737305 27249
1631137859323 13.811275482177734 27299
1631137893224 14.023809432983398 27349
1631137927240 13.861857414245605 27399
1631137961006 13.842796325683594 27449
1631137994906 13.83037281036377 27499
1631138028747 14.309879302978516 27549
1631138062530 13.985939979553223 27599
1631138096370 13.789571762084961 27649
1631138130227 13.768102645874023 27699
1631138164129 14.167184829711914 27749
1631138198033 13.915546417236328 27799
1631138231876 14.25667953491211 27849
1631138265899 13.660200119018555 27899
1631138299541 13.986152648925781 27949
1631138347310 13.96478271484375 27999
1631138382193 14.112310409545898 28049
1631138416679 13.977424621582031 28099
1631138789596 13.995917320251465 8
1631138818862 13.811483383178711 28149
1631138852552 13.8145170211792 28199
1631138886274 13.582319259643555 28249
1631138920000 13.685352325439453 28299
1631138953893 13.671079635620117 28349
1631138987714 13.546285629272461 28399
1631139021559 14.360284805297852 28449
1631139055417 14.184507369995117 28499
1631139089285 13.641390800476074 28549
1631139123112 13.853139877319336 28599
1631139156909 13.959856033325195 28649
1631139190693 14.104509353637695 28699
1631139224427 13.906177520751953 28749
1631139258122 13.982892990112305 28799
1631139291990 14.14995002746582 28849
1631139325753 13.837793350219727 28899
1631139359696 13.77285385131836 28949
1631139393691 13.808053016662598 28999
1631139427759 13.848129272460938 29049
1631139461548 14.301701545715332 29099
1631139495481 13.530824661254883 29149
1631139529255 13.919870376586914 29199
1631139563176 13.664997100830078 29249
1631139596945 13.716127395629883 29299
1631139630782 13.771743774414062 29349
1631139664634 13.673564910888672 29399
1631139698516 13.705059051513672 29449
1631139732261 13.688054084777832 29499
1631139766099 14.061139106750488 29549
1631139799900 13.72027587890625 29599
1631139833622 14.100126266479492 29649
1631139867529 13.801456451416016 29699
1631139901214 13.916498184204102 29749
1631139935170 13.629789352416992 29799
1631139968976 13.828275680541992 29849
1631140002819 13.796042442321777 29899
1631140036694 13.751363754272461 29949
1631140070676 13.802684783935547 29999
1631140104458 13.613639831542969 30049
1631140138310 13.896183013916016 30099
1631140172085 14.193883895874023 30149
1631140205997 14.015954971313477 30199
1631140239946 13.445972442626953 30249
1631140274025 13.7637939453125 30299
1631140307810 13.877208709716797 30349
1631140341734 13.520057678222656 30399
1631140375706 13.231095314025879 30449
1631140409538 14.090758323669434 30499
1631140443427 13.834897994995117 30549
1631140477289 13.966983795166016 30599
1631140511165 14.033307075500488 30649
1631140545165 13.823286056518555 30699
1631140579051 13.915510177612305 30749
1631140612843 13.90045166015625 30799
1631140646713 13.897957801818848 30849
1631140680559 13.869534492492676 30899
1631140714452 13.746990203857422 30949
1631140748202 13.944772720336914 30999
1631140782130 13.940895080566406 31049
1631140816020 13.961690902709961 31099
1631140849978 13.555830001831055 31149
1631140883747 13.986847877502441 31199
1631140919821 13.970661163330078 31249
1631141244720 13.970661163330078 9
1631141289793 13.624061584472656 31299
1631141323455 13.729325294494629 31349
1631141357187 13.759135246276855 31399
1631141390958 13.960943222045898 31449
1631141424682 14.173542976379395 31499
1631141458472 13.809901237487793 31549
1631141492173 13.735300064086914 31599
1631141525980 13.924467086791992 31649
1631141559722 13.72358226776123 31699
1631141593396 13.741365432739258 31749
1631141627122 13.818742752075195 31799
1631141661037 13.965011596679688 31849
1631141694671 13.89228630065918 31899
1631141728556 13.915786743164062 31949
1631141762513 13.823274612426758 31999
1631141796342 13.980486869812012 32049
1631141830130 13.693428039550781 32099
1631141864059 13.997023582458496 32149
1631141897882 13.94209098815918 32199
1631141931754 13.753644943237305 32249
1631141965632 13.74312686920166 32299
1631141999461 13.883281707763672 32349
1631142033256 13.570816040039062 32399
1631142067287 13.6502685546875 32449
1631142101169 13.646236419677734 32499
1631142134990 13.504368782043457 32549
1631142168795 14.120938301086426 32599
1631142202602 14.150103569030762 32649
1631142236385 13.711915016174316 32699
1631142270193 13.940326690673828 32749
1631142304129 13.702329635620117 32799
1631142338027 13.64012336730957 32849
1631142372214 13.741918563842773 32899
1631142406239 13.698314666748047 32949
1631142440066 13.807262420654297 32999
1631142473781 13.53339958190918 33049
1631142509318 13.696613311767578 33099
1631142543433 13.89822769165039 33149
1631142577256 14.045429229736328 33199
1631142611291 13.775179862976074 33249
1631142645270 14.446046829223633 33299
1631142679080 13.779523849487305 33349
1631142713014 13.649751663208008 33399
1631142747071 13.656494140625 33449
1631142781031 13.938789367675781 33499
1631142814922 13.477347373962402 33549
1631142848677 13.875446319580078 33599
1631142882428 13.933951377868652 33649
1631142916287 13.481616020202637 33699
1631142950159 13.34787654876709 33749
1631142984140 14.05020523071289 33799
1631143017947 13.563634872436523 33849
1631143051734 13.685869216918945 33899
1631143085531 13.575784683227539 33949
1631143119476 13.543149948120117 33999
1631143153350 13.79893684387207 34049
1631143187346 13.848403930664062 34099
1631143221290 13.646252632141113 34149
1631143255122 13.578145980834961 34199
1631143288963 13.717772483825684 34249
1631143322803 13.971765518188477 34299
1631143357063 13.974366188049316 34349
1631143709692 13.613639831542969 10
1631143738650 13.439654350280762 34399
1631143772287 13.750799179077148 34449
1631143806010 13.665342330932617 34499
1631143839730 13.636308670043945 34549
1631143873522 13.498886108398438 34599
1631143907251 13.708964347839355 34649
1631143941088 13.670759201049805 34699
1631143974882 13.909697532653809 34749
1631144008733 13.822603225708008 34799
1631144042471 13.565389633178711 34849
1631144076134 13.98589038848877 34899
1631144109760 13.6552734375 34949
1631144143493 13.576034545898438 34999
1631144177316 13.757165908813477 35049
1631144211143 13.604902267456055 35099
1631144245148 13.570943832397461 35149
1631144279042 13.740652084350586 35199
1631144312891 13.884775161743164 35249
1631144347219 13.811502456665039 35299
1631144381032 13.749551773071289 35349
1631144415100 13.827430725097656 35399
1631144450105 13.617456436157227 35449
1631144484535 13.64107894897461 35499
1631144518529 13.326467514038086 35549
1631144552387 13.57997989654541 35599
1631144586262 13.592375755310059 35649
1631144620085 13.596046447753906 35699
1631144653907 13.549461364746094 35749
1631144687898 13.835260391235352 35799
1631144721852 13.911029815673828 35849
1631144755728 13.468574523925781 35899
1631144789619 13.686491012573242 35949
1631144823493 13.716551780700684 35999
1631144857326 13.718072891235352 36049
1631144891163 13.699649810791016 36099
1631144924951 13.425284385681152 36149
1631144958869 13.591998100280762 36199
1631144992845 13.641397476196289 36249
1631145026607 13.62463665008545 36299
1631145060692 13.716009140014648 36349
1631145130171 13.605703353881836 36399
1631145174917 13.8783597946167 36449
1631145208933 13.463319778442383 36499
1631145242959 13.837722778320312 36549
1631145276824 13.61204719543457 36599
1631145310629 13.683277130126953 36649
1631145344624 13.613188743591309 36699
1631145378464 13.738350868225098 36749
1631145412330 13.903335571289062 36799
1631145446297 13.343791007995605 36849
1631145480229 13.880716323852539 36899
1631145514177 13.52296257019043 36949
1631145548006 13.957422256469727 36999
1631145581917 13.546380996704102 37049
1631145615697 13.65929889678955 37099
1631145649607 13.644685745239258 37149
1631145683355 13.671547889709473 37199
1631145717380 13.424945831298828 37249
1631145751217 14.079378128051758 37299
1631145785134 13.670083999633789 37349
1631145819047 13.711986541748047 37399
1631145852959 13.543741226196289 37449
1631145889203 13.794072151184082 37499
1631146219413 13.794072151184082 11
1631146264149 13.606542587280273 37549
1631146297786 13.835161209106445 37599
1631146331518 13.53307056427002 37649
1631146365269 13.644208908081055 37699
1631146398969 13.385442733764648 37749
1631146432790 13.531628608703613 37799
1631146466569 13.626349449157715 37849
1631146500338 13.621459007263184 37899
1631146534095 13.511749267578125 37949
1631146567774 13.380475044250488 37999
1631146601493 13.459259033203125 38049
1631146635218 13.968330383300781 38099
1631146668754 13.630766868591309 38149
1631146702519 13.726875305175781 38199
1631146736486 13.39659309387207 38249
1631146770381 13.52550220489502 38299
1631146804373 13.466259002685547 38349
1631146838224 13.262907028198242 38399
1631146872023 13.384272575378418 38449
1631146905903 13.38715934753418 38499
1631146939650 13.46945571899414 38549
1631146973485 13.710813522338867 38599
1631147007451 13.394960403442383 38649
1631147041272 13.426081657409668 38699
1631147075089 13.584026336669922 38749
1631147109011 13.7815580368042 38799
1631147142818 13.504203796386719 38849
1631147176668 13.84945011138916 38899
1631147210618 13.535335540771484 38949
1631147244511 13.405975341796875 38999
1631147278410 13.826128959655762 39049
1631147312188 13.686075210571289 39099
1631147346101 13.2930908203125 39149
1631147379939 13.558675765991211 39199
1631147413725 13.911361694335938 39249
1631147447607 13.398680686950684 39299
1631147481534 13.5829439163208 39349
1631147515530 13.577798843383789 39399
1631147549362 13.357681274414062 39449
1631147583182 13.563742637634277 39499
1631147617022 13.43142032623291 39549
1631147650834 13.827709197998047 39599
1631147684740 13.345211029052734 39649
1631147718537 13.401269912719727 39699
1631147752346 13.597881317138672 39749
1631147786289 13.649165153503418 39799
1631147820084 13.547502517700195 39849
1631147854062 13.647709846496582 39899
1631147888089 13.49795150756836 39949
1631147921879 13.597390174865723 39999
1631147955839 13.767864227294922 40049
1631147989679 14.039560317993164 40099
1631148023710 13.516913414001465 40149
1631148057574 13.891680717468262 40199
1631148091440 13.640408515930176 40249
1631148125413 13.54410457611084 40299
1631148159300 13.526063919067383 40349
1631148193170 13.345219612121582 40399
1631148227047 13.355754852294922 40449
1631148260847 13.701919555664062 40499
1631148294944 13.60641098022461 40549
1631148329236 13.763694763183594 40599
1631148678192 13.689021110534668 12
1631148703968 13.514041900634766 40649
1631148737625 13.636775016784668 40699
1631148771281 13.61676025390625 40749
1631148804987 13.413461685180664 40799
1631148838696 13.220659255981445 40849
1631148872499 13.894786834716797 40899
1631148906274 13.536548614501953 40949
1631148939980 13.359125137329102 40999
1631148973578 13.153589248657227 41049
1631149007182 13.59440803527832 41099
1631149040974 13.427108764648438 41149
1631149075158 13.380578994750977 41199
1631149108878 13.308563232421875 41249
1631149142680 13.679222106933594 41299
1631149176339 13.383979797363281 41349
1631149210112 13.368399620056152 41399
1631149243886 13.348795890808105 41449
1631149277724 13.450435638427734 41499
1631149311611 13.486005783081055 41549
1631149345294 13.566142082214355 41599
1631149379149 13.330238342285156 41649
1631149413042 13.440574645996094 41699
1631149446937 13.53254508972168 41749
1631149480759 13.321310997009277 41799
1631149514628 13.342859268188477 41849
1631149548448 13.63168716430664 41899
1631149582292 13.480818748474121 41949
1631149616080 13.547176361083984 41999
1631149649952 13.304445266723633 42049
1631149683777 13.445615768432617 42099
1631149717573 13.454859733581543 42149
1631149751465 13.708891868591309 42199
1631149785326 13.476643562316895 42249
1631149819251 13.743206977844238 42299
1631149853292 13.510608673095703 42349
1631149887075 13.287134170532227 42399
1631149920950 13.4974365234375 42449
1631149954923 13.533671379089355 42499
1631149988729 13.541259765625 42549
1631150022721 13.276132583618164 42599
1631150056714 13.322750091552734 42649
1631150090704 13.487736701965332 42699
1631150124654 13.721735000610352 42749
1631150158597 13.587474822998047 42799
1631150192586 13.418047904968262 42849
1631150226454 13.593551635742188 42899
1631150260386 13.678140640258789 42949
1631150294208 13.256720542907715 42999
1631150328108 13.53972339630127 43049
1631150361959 13.615520477294922 43099
1631150395743 13.659637451171875 43149
1631150429718 13.460529327392578 43199
1631150463562 13.529507637023926 43249
1631150497399 13.579891204833984 43299
1631150531285 13.290946960449219 43349
1631150565244 13.613037109375 43399
1631150599189 13.522311210632324 43449
1631150633027 13.538211822509766 43499
1631150666991 13.81389331817627 43549
1631150700879 13.315733909606934 43599
1631150734729 13.722053527832031 43649
1631150768537 13.502826690673828 43699
1631150804664 13.345673561096191 43749
1631151120460 13.345673561096191 13
1631151166144 13.724122047424316 43799
1631151199876 13.174427032470703 43849
1631151233622 13.562450408935547 43899
1631151267325 13.442800521850586 43949
1631151301052 13.586453437805176 43999
1631151334830 13.520675659179688 44049
1631151368459 14.037641525268555 44099
1631151402108 13.333879470825195 44149
1631151435813 13.568925857543945 44199
1631151469603 13.303723335266113 44249
1631151503334 13.448724746704102 44299
1631151536919 13.313459396362305 44349
1631151570622 13.471287727355957 44399
1631151604387 13.439149856567383 44449
1631151638338 13.776010513305664 44499
1631151672264 13.351438522338867 44549
1631151706164 13.463263511657715 44599
1631151740029 13.500343322753906 44649
1631151773915 13.474648475646973 44699
1631151807756 13.476043701171875 44749
1631151841543 13.527077674865723 44799
1631151875315 13.780349731445312 44849
1631151909045 13.603076934814453 44899
1631151942940 13.288980484008789 44949
1631151976808 13.206888198852539 44999
1631152010741 13.389971733093262 45049
1631152044554 13.408323287963867 45099
1631152078443 13.531707763671875 45149
1631152112369 13.773231506347656 45199
1631152146243 13.42032241821289 45249
1631152180070 13.081212997436523 45299
1631152213978 13.791522979736328 45349
1631152247775 13.511178970336914 45399
1631152281593 13.40233325958252 45449
1631152315327 13.449607849121094 45499
1631152349150 13.699605941772461 45549
1631152382943 13.374565124511719 45599
1631152416911 13.321331024169922 45649
1631152450675 13.144500732421875 45699
1631152484670 13.448266983032227 45749
1631152518495 13.320152282714844 45799
1631152552444 13.6932373046875 45849
1631152586274 13.519013404846191 45899
1631152620217 13.226292610168457 45949
1631152654021 13.394832611083984 45999
1631152687889 13.284832954406738 46049
1631152721746 13.554786682128906 46099
1631152755600 13.399152755737305 46149
1631152789535 13.546721458435059 46199
1631152823419 13.322914123535156 46249
1631152857135 13.487470626831055 46299
1631152890893 13.531394958496094 46349
1631152924522 13.618345260620117 46399
1631152958314 13.170204162597656 46449
1631152992013 13.685514450073242 46499
1631153025852 13.414539337158203 46549
1631153059587 13.6058931350708 46599
1631153093423 13.360298156738281 46649
1631153127331 13.656896591186523 46699
1631153161303 13.524627685546875 46749
1631153195149 13.070674896240234 46799
1631153229338 13.580930709838867 46849
1631153581870 13.70429515838623 14
1631153608800 13.43519115447998 46899
1631153642615 13.523796081542969 46949
1631153676317 13.202967643737793 46999
1631153710099 13.330726623535156 47049
1631153743762 13.585330963134766 47099
1631153777428 13.311885833740234 47149
1631153811176 13.516685485839844 47199
1631153844936 13.343355178833008 47249
1631153878713 13.345807075500488 47299
1631153912424 13.545076370239258 47349
1631153946009 13.621345520019531 47399
1631153979806 13.445090293884277 47449
1631154013448 13.414199829101562 47499
1631154047189 13.560859680175781 47549
1631154081007 13.240056037902832 47599
1631154114860 13.363436698913574 47649
1631154148772 13.665843963623047 47699
1631154182646 13.268001556396484 47749
1631154216533 13.48944091796875 47799
1631154250416 13.41235637664795 47849
1631154284405 13.504854202270508 47899
1631154318198 13.281932830810547 47949
1631154352093 13.469959259033203 47999
1631154386015 13.585098266601562 48049
1631154419903 13.164876937866211 48099
1631154453828 13.196121215820312 48149
1631154487711 13.313230514526367 48199
1631154521649 13.538485527038574 48249
1631154555507 13.295663833618164 48299
1631154589462 13.690885543823242 48349
1631154623229 13.056968688964844 48399
1631154657082 13.690174102783203 48449
1631154691023 13.524198532104492 48499
1631154724751 13.316564559936523 48549
1631154758656 13.432779312133789 48599
1631154792640 13.475484848022461 48649
1631154826571 13.461524963378906 48699
1631154860599 13.531660079956055 48749
1631154894536 13.293970108032227 48799
1631154928455 13.326252937316895 48849
1631154962377 13.505195617675781 48899
1631154996250 13.572025299072266 48949
1631155030194 13.344100952148438 48999
1631155064103 13.353435516357422 49049
1631155097791 13.539031982421875 49099
1631155131786 13.378448486328125 49149
1631155165630 13.556986808776855 49199
1631155199375 13.382131576538086 49249
1631155233310 13.523279190063477 49299
1631155267213 13.51003646850586 49349
1631155301130 13.498595237731934 49399
1631155335016 13.628873825073242 49449
1631155368800 13.292877197265625 49499
1631155402589 13.300262451171875 49549
1631155436506 13.23727035522461 49599
1631155470434 13.677884101867676 49649
1631155504344 13.28041934967041 49699
1631155538367 13.33488941192627 49749
1631155572236 13.41378402709961 49799
1631155606040 13.382386207580566 49849
1631155640017 13.575457572937012 49899
1631155673888 13.41873836517334 49949
1631155710103 13.239450454711914 49999
1631156062068 13.239450454711914 15
1631156105646 13.380509376525879 50049
1631156139271 13.26888370513916 50099
1631156172857 13.313933372497559 50149
1631156206518 13.278690338134766 50199
1631156240162 13.195975303649902 50249
1631156273793 13.44264030456543 50299
1631156307477 13.300056457519531 50349
1631156341259 13.347850799560547 50399
1631156374931 13.202983856201172 50449
1631156408705 13.27287483215332 50499
1631156442389 13.228063583374023 50549
1631156476100 13.323066711425781 50599
1631156509879 13.535638809204102 50649
1631156543670 13.287395477294922 50699
1631156577617 13.036163330078125 50749
1631156611412 13.343175888061523 50799
1631156645266 13.19924259185791 50849
1631156679194 13.578126907348633 50899
1631156712975 12.961390495300293 50949
1631156746870 13.315666198730469 50999
1631156780801 13.560736656188965 51049
1631156814691 13.343160629272461 51099
1631156848586 13.430591583251953 51149
1631156882407 13.096456527709961 51199
1631156916344 13.438706398010254 51249
1631156950254 13.437455177307129 51299
1631156984323 13.58753490447998 51349
1631157018274 13.343408584594727 51399
1631157052242 13.777507781982422 51449
1631157086106 13.20042896270752 51499
1631157119916 13.457782745361328 51549
1631157153772 13.212273597717285 51599
1631157187827 13.339532852172852 51649
1631157221784 13.494773864746094 51699
1631157255610 13.300176620483398 51749
1631157289614 13.394594192504883 51799
1631157323596 13.340126037597656 51849
1631157357537 13.72312068939209 51899
1631157391549 13.377179145812988 51949
1631157425529 13.604729652404785 51999
1631157459594 13.428873062133789 52049
1631157493557 13.30412769317627 52099
1631157527639 13.351767539978027 52149
1631157561496 13.252196311950684 52199
1631157595460 13.266942977905273 52249
1631157629355 13.551658630371094 52299
1631157663185 13.603865623474121 52349
1631157697197 13.123189926147461 52399
1631157731098 13.176458358764648 52449
1631157764876 13.416553497314453 52499
1631157798686 13.302080154418945 52549
1631157832514 13.453462600708008 52599
1631157866479 13.292647361755371 52649
1631157900486 13.377967834472656 52699
1631157934372 12.97722053527832 52749
1631157968332 13.235143661499023 52799
1631158002288 13.215764999389648 52849
1631158036343 13.088343620300293 52899
1631158070301 13.441795349121094 52949
1631158104201 13.579075813293457 52999
1631158138132 13.242862701416016 53049
1631158172458 13.666550636291504 53099
1631158616781 13.325738906860352 16
1631158643622 12.942535400390625 53149
1631158677221 13.386409759521484 53199
1631158710930 13.402270317077637 53249
1631158744634 13.170964241027832 53299
1631158778366 13.172119140625 53349
1631158812104 12.971022605895996 53399
1631158845752 13.392179489135742 53449
1631158879359 13.114582061767578 53499
1631158912955 13.069494247436523 53549
1631158946622 13.138982772827148 53599
1631158980194 13.480857849121094 53649
1631159013733 13.434030532836914 53699
1631159047319 13.227882385253906 53749
1631159080990 13.223381996154785 53799
1631159114753 13.17699909210205 53849
1631159148711 13.59060287475586 53899
1631159182551 13.57931137084961 53949
1631159216387 13.335847854614258 53999
1631159250147 13.321165084838867 54049
1631159284016 13.279775619506836 54099
1631159317918 13.096113204956055 54149
1631159351758 13.306665420532227 54199
1631159385722 13.273969650268555 54249
1631159419587 13.256834983825684 54299
1631159453490 13.204385757446289 54349
1631159487354 13.301883697509766 54399
1631159521135 13.304489135742188 54449
1631159554904 13.23131275177002 54499
1631159588665 13.300311088562012 54549
1631159622491 13.513559341430664 54599
1631159656327 13.291030883789062 54649
1631159690097 13.393638610839844 54699
1631159723851 13.505012512207031 54749
1631159757716 13.082311630249023 54799
1631159791495 13.29217529296875 54849
1631159825276 13.367365837097168 54899
1631159858879 13.093975067138672 54949
1631159892759 13.358880996704102 54999
1631159926473 13.107625007629395 55049
1631159962010 13.348840713500977 55099
1631159995723 13.037744522094727 55149
1631160029390 13.349538803100586 55199
1631160063129 13.369625091552734 55249
1631160097078 13.281082153320312 55299
1631160131092 13.133222579956055 55349
1631160165019 13.289106369018555 55399
1631160198925 13.280906677246094 55449
1631160232860 13.45868968963623 55499
1631160266850 13.304360389709473 55549
1631160300862 13.138423919677734 55599
1631160334878 13.103195190429688 55649
1631160368917 13.288352966308594 55699
1631160402819 13.188240051269531 55749
1631160436849 13.136394500732422 55799
1631160470753 13.377176284790039 55849
1631160504676 13.176383972167969 55899
1631160538727 13.410813331604004 55949
1631160572620 13.423007011413574 55999
1631160606573 13.354608535766602 56049
1631160640562 13.42176342010498 56099
1631160674502 13.246664047241211 56149
1631160708411 13.293779373168945 56199
1631160744779 13.118432998657227 56249
1631161093082 13.118432998657227 17
1631161143720 13.119417190551758 56299
1631161177572 13.303750991821289 56349
1631161211361 13.374031066894531 56399
1631161245114 13.315532684326172 56449
1631161278899 13.105005264282227 56499
1631161312578 13.072372436523438 56549
1631161346251 13.199239730834961 56599
1631161379933 13.232185363769531 56649
1631161413656 13.066557884216309 56699
1631161447374 13.085149765014648 56749
1631161481042 13.157061576843262 56799
1631161514696 13.459403038024902 56849
1631161548449 13.139510154724121 56899
1631161582184 13.143779754638672 56949
1631161616156 13.103593826293945 56999
1631161649968 13.365180969238281 57049
1631161683775 13.293676376342773 57099
1631161717595 13.224015235900879 57149
1631161751491 13.39369010925293 57199
1631161785323 13.18624496459961 57249
1631161819075 13.223787307739258 57299
1631161852941 13.29330062866211 57349
1631161886636 13.507474899291992 57399
1631161920508 13.199535369873047 57449
1631161956092 13.03299331665039 57499
1631161989984 13.18155288696289 57549
1631162023822 13.330852508544922 57599
1631162057552 13.195805549621582 57649
1631162091473 13.398326873779297 57699
1631162125281 13.148551940917969 57749
1631162159209 13.36843204498291 57799
1631162193059 12.993310928344727 57849
1631162226896 13.585479736328125 57899
1631162260782 13.142045974731445 57949
1631162294524 13.195632934570312 57999
1631162328313 13.224996566772461 58049
1631162362258 13.32101058959961 58099
1631162396019 13.144794464111328 58149
1631162429919 13.018484115600586 58199
1631162463830 13.498647689819336 58249
1631162497654 13.361373901367188 58299
1631162531557 13.095693588256836 58349
1631162565433 13.231681823730469 58399
1631162599161 12.823464393615723 58449
1631162633011 13.421747207641602 58499
1631162666910 13.126252174377441 58549
1631162700621 13.314289093017578 58599
1631162734629 13.413625717163086 58649
1631162768341 13.499767303466797 58699
1631162802195 13.182352066040039 58749
1631162836047 12.952129364013672 58799
1631162869856 13.10597038269043 58849
1631162903655 13.394948959350586 58899
1631162937462 13.627636909484863 58949
1631162971227 13.351728439331055 58999
1631163005068 13.174251556396484 59049
1631163038980 13.304241180419922 59099
1631163072872 13.227599143981934 59149
1631163106712 13.29943561553955 59199
1631163140593 13.146928787231445 59249
1631163174540 13.159233093261719 59299
1631163208775 12.894639015197754 59349
1631163557192 13.33395004272461 18
1631163585380 13.32132339477539 59399
1631163619047 13.171789169311523 59449
1631163652748 13.180557250976562 59499
1631163686364 13.050771713256836 59549
1631163719943 13.323885917663574 59599
1631163753716 13.495990753173828 59649
1631163787327 13.083738327026367 59699
1631163821049 13.009786605834961 59749
1631163854805 13.238405227661133 59799
1631163888438 13.29786491394043 59849
1631163922129 13.292213439941406 59899
1631163955812 13.410588264465332 59949
1631163989526 13.282882690429688 59999
1631164023247 13.363189697265625 60049
1631164057044 13.181818962097168 60099
1631164090912 12.957435607910156 60149
1631164124640 13.146461486816406 60199
1631164158452 13.272926330566406 60249
1631164193799 13.161703109741211 60299
1631164227505 13.22214126586914 60349
1631164261330 13.187271118164062 60399
1631164295108 13.272500991821289 60449
1631164329009 12.993280410766602 60499
1631164362898 13.433528900146484 60549
1631164396630 13.123108863830566 60599
1631164430356 13.163003921508789 60649
1631164464124 13.182916641235352 60699
1631164498007 13.311565399169922 60749
1631164531781 13.648344039916992 60799
1631164565618 13.296475410461426 60849
1631164599378 13.23902702331543 60899
1631164633158 12.803435325622559 60949
1631164666980 12.971599578857422 60999
1631164700781 13.246803283691406 61049
1631164734621 13.115032196044922 61099
1631164768287 13.197715759277344 61149
1631164801991 13.374978065490723 61199
1631164835812 13.212014198303223 61249
1631164869667 13.27637004852295 61299
1631164903444 13.369979858398438 61349
1631164937177 13.380010604858398 61399
1631164971132 12.93389892578125 61449
1631165004947 13.129138946533203 61499
1631165038786 13.290750503540039 61549
1631165072629 13.026545524597168 61599
1631165106624 13.458454132080078 61649
1631165140605 13.101567268371582 61699
1631165174435 13.373645782470703 61749
1631165208299 13.185147285461426 61799
1631165242373 12.977821350097656 61849
1631165276232 13.433531761169434 61899
1631165310047 13.134991645812988 61949
1631165343849 13.03997802734375 61999
1631165377845 13.49344253540039 62049
1631165411724 13.015241622924805 62099
1631165445623 13.37649154663086 62149
1631165479533 12.998870849609375 62199
1631165513410 13.426751136779785 62249
1631165547393 13.566133499145508 62299
1631165594527 13.34119987487793 62349
1631165635221 13.251191139221191 62399
1631165669014 13.2032470703125 62449
1631165705101 13.179545402526855 62499
1631165998675 13.179545402526855 19
1631166042449 13.255916595458984 62549
1631166076130 13.07933521270752 62599
1631166109784 13.36731243133545 62649
1631166143370 12.860566139221191 62699
1631166176939 13.09792709350586 62749
1631166210531 12.87173080444336 62799
1631166244173 13.059659004211426 62849
1631166277855 13.290409088134766 62899
1631166311496 13.182609558105469 62949
1631166345155 13.206560134887695 62999
1631166378824 13.082310676574707 63049
1631166412565 13.00674057006836 63099
1631166446178 13.275121688842773 63149
1631166479877 13.226644515991211 63199
1631166513710 13.9431791305542 63249
1631166547496 13.390671730041504 63299
1631166581282 13.01083755493164 63349
1631166614906 13.493366241455078 63399
1631166648749 12.976081848144531 63449
1631166682593 13.17325210571289 63499
1631166716347 13.188569068908691 63549
1631166750012 12.972116470336914 63599
1631166783650 12.966936111450195 63649
1631166817298 13.19013500213623 63699
1631166851055 13.385486602783203 63749
1631166884833 12.995354652404785 63799
1631166918684 13.113557815551758 63849
1631166952412 13.432222366333008 63899
1631166986210 13.471574783325195 63949
1631167020004 12.958318710327148 63999
1631167053767 13.075482368469238 64049
1631167087698 13.115411758422852 64099
1631167121295 13.071009635925293 64149
1631167155018 13.223654747009277 64199
1631167188805 13.022302627563477 64249
1631167222617 12.928302764892578 64299
1631167256379 13.416337966918945 64349
1631167290270 13.175716400146484 64399
1631167323940 13.034719467163086 64449
1631167357781 13.204604148864746 64499
1631167391583 13.233499526977539 64549
1631167425355 13.099445343017578 64599
1631167459234 13.137975692749023 64649
1631167493038 13.345327377319336 64699
1631167526881 13.138736724853516 64749
1631167560629 13.20916748046875 64799
1631167594402 13.142404556274414 64849
1631167628181 13.426328659057617 64899
1631167661914 13.504653930664062 64949
1631167695573 13.156705856323242 64999
1631167729316 13.378695487976074 65049
1631167763016 13.07502269744873 65099
1631167796880 13.082490921020508 65149
1631167830548 13.246516227722168 65199
1631167864367 13.1990966796875 65249
1631167898110 13.242685317993164 65299
1631167931800 13.390172958374023 65349
1631167965667 13.159738540649414 65399
1631167999592 13.340635299682617 65449
1631168033215 13.214805603027344 65499
1631168066904 13.19571304321289 65549
1631168100868 13.395753860473633 65599
1631168407501 12.935630798339844 20
1631168432682 12.941756248474121 65649
1631168466197 13.062771797180176 65699
1631168499729 12.939006805419922 65749
1631168533215 12.978090286254883 65799
1631168566659 12.889823913574219 65849
1631168600183 13.243356704711914 65899
1631168633775 13.069661140441895 65949
1631168667360 13.309192657470703 65999
1631168700953 12.897673606872559 66049
1631168734571 13.129393577575684 66099
1631168768122 13.086177825927734 66149
1631168801629 13.356181144714355 66199
1631168835269 13.086562156677246 66249
1631168868859 13.049901962280273 66299
1631168902607 13.096545219421387 66349
1631168936348 13.084875106811523 66399
1631168970124 13.04769515991211 66449
1631169003817 12.9615478515625 66499
1631169037487 13.009786605834961 66549
1631169071127 13.051126480102539 66599
1631169104809 12.994781494140625 66649
1631169138449 13.15788459777832 66699
1631169172234 13.037336349487305 66749
1631169205900 13.014555931091309 66799
1631169239533 13.300139427185059 66849
1631169273279 13.10397720336914 66899
1631169306902 13.2376070022583 66949
1631169340676 13.102673530578613 66999
1631169374515 13.058638572692871 67049
1631169408408 12.953710556030273 67099
1631169442178 13.334539413452148 67149
1631169475826 13.158584594726562 67199
1631169509653 12.975493431091309 67249
1631169543412 13.010700225830078 67299
1631169577156 13.312395095825195 67349
1631169610907 13.050790786743164 67399
1631169644777 13.026910781860352 67449
1631169678505 12.980422973632812 67499
1631169712314 13.22201919555664 67549
1631169746078 13.556586265563965 67599
1631169779970 13.050567626953125 67649
1631169813844 13.335677146911621 67699
1631169847769 12.942930221557617 67749
1631169881566 12.877378463745117 67799
1631169915344 12.977357864379883 67849
1631169949179 12.862096786499023 67899
1631169983165 13.265291213989258 67949
1631170016958 13.096837997436523 67999
1631170050688 13.344619750976562 68049
1631170084546 12.930156707763672 68099
1631170118437 13.255231857299805 68149
1631170152142 13.315450668334961 68199
1631170186026 13.16617488861084 68249
1631170219893 13.13525390625 68299
1631170253873 13.041265487670898 68349
1631170287688 13.099349975585938 68399
1631170321502 13.109745025634766 68449
1631170355362 13.170491218566895 68499
1631170389217 13.192299842834473 68549
1631170423054 13.048105239868164 68599
1631170456821 13.16601848602295 68649
1631170490628 13.239706039428711 68699
1631170526921 13.067920684814453 68749
1631170821447 13.067920684814453 21
1631170863922 13.277745246887207 68799
1631170897498 13.181000709533691 68849
1631170931050 12.96772575378418 68899
1631170964553 13.175060272216797 68949
1631170998136 13.124625205993652 68999
1631171031675 13.022784233093262 69049
1631171065355 12.991338729858398 69099
1631171098952 12.98957347869873 69149
1631171132629 12.977535247802734 69199
1631171166279 13.060163497924805 69249
1631171199914 13.028705596923828 69299
1631171233569 13.027655601501465 69349
1631171267229 13.185236930847168 69399
1631171301034 12.985923767089844 69449
1631171334763 13.061528205871582 69499
1631171368547 13.221052169799805 69549
1631171402396 12.97413444519043 69599
1631171436191 13.322744369506836 69649
1631171469996 13.163322448730469 69699
1631171503898 12.932541847229004 69749
1631171537750 12.775266647338867 69799
1631171571524 12.914253234863281 69849
1631171605159 13.072731018066406 69899
1631171638989 13.059516906738281 69949
1631171672729 13.315962791442871 69999
1631171706541 12.76780891418457 70049
1631171740279 12.977592468261719 70099
1631171774121 13.436986923217773 70149
1631171807933 13.089502334594727 70199
1631171841642 12.99824047088623 70249
1631171875201 12.921409606933594 70299
1631171908881 12.9479341506958 70349
1631171942568 13.010242462158203 70399
1631171976341 13.131599426269531 70449
1631172009916 13.231504440307617 70499
1631172043457 13.092940330505371 70549
1631172077131 12.984567642211914 70599
1631172110797 13.070018768310547 70649
1631172144528 12.9892578125 70699
1631172178225 13.03872299194336 70749
1631172211917 13.166996002197266 70799
1631172245717 12.854804039001465 70849
1631172279608 13.08879280090332 70899
1631172313395 13.093530654907227 70949
1631172347218 13.099422454833984 70999
1631172380965 13.094720840454102 71049
1631172414827 13.154327392578125 71099
1631172448638 12.998979568481445 71149
1631172482364 13.101783752441406 71199
1631172516118 13.185693740844727 71249
1631172549965 13.056926727294922 71299
1631172583643 13.030729293823242 71349
1631172617382 12.918127059936523 71399
1631172651115 13.223471641540527 71449
1631172684918 13.137533187866211 71499
1631172718670 13.229093551635742 71549
1631172752420 12.926828384399414 71599
1631172786230 12.80615234375 71649
1631172820047 12.88200855255127 71699
1631172853824 13.10840129852295 71749
1631172887420 13.245715141296387 71799
1631172921384 12.924151420593262 71849
1631173238697 13.136959075927734 22
1631173263440 13.167762756347656 71899
1631173297097 12.782293319702148 71949
1631173330630 12.940085411071777 71999
1631173364246 12.727249145507812 72049
1631173397889 13.108440399169922 72099
1631173431465 13.019153594970703 72149
1631173465207 13.22817325592041 72199
1631173498973 12.957052230834961 72249
1631173532611 13.193513870239258 72299
1631173566294 13.247772216796875 72349
1631173599932 13.1243896484375 72399
1631173633719 13.065511703491211 72449
1631173668052 13.104752540588379 72499
1631173701694 13.296952247619629 72549
1631173735539 13.1265230178833 72599
1631173769357 12.84445858001709 72649
1631173803060 12.835990905761719 72699
1631173836796 13.09256362915039 72749
1631173870419 13.190792083740234 72799
1631173904264 12.93510627746582 72849
1631173937941 12.939080238342285 72899
1631173971909 13.124723434448242 72949
1631174005564 13.021799087524414 72999
1631174039242 13.01191520690918 73049
1631174073018 13.355680465698242 73099
1631174106808 13.15731430053711 73149
1631174140549 13.10859489440918 73199
1631174174140 12.737878799438477 73249
1631174207776 13.070655822753906 73299
1631174241451 13.055927276611328 73349
1631174275138 12.968073844909668 73399
1631174308929 13.26282787322998 73449
1631174342600 12.951642990112305 73499
1631174376101 13.050548553466797 73549
1631174409799 12.804506301879883 73599
1631174443507 12.799894332885742 73649
1631174477126 12.951559066772461 73699
1631174510798 12.667078018188477 73749
1631174544423 12.938241958618164 73799
1631174578166 12.990689277648926 73849
1631174611914 12.91302490234375 73899
1631174645612 13.019397735595703 73949
1631174679396 13.083155632019043 73999
1631174713149 13.381875038146973 74049
1631174746747 13.321240425109863 74099
1631174780405 12.942337989807129 74149
1631174814068 12.985223770141602 74199
1631174847756 13.151079177856445 74249
1631174881524 13.224615097045898 74299
1631174915084 12.870600700378418 74349
1631174948791 12.984148025512695 74399
1631174982468 13.026898384094238 74449
1631175016217 13.100728988647461 74499
1631175049995 12.94434928894043 74549
1631175083922 13.258103370666504 74599
1631175117795 13.069214820861816 74649
1631175151540 13.13078498840332 74699
1631175185379 12.982457160949707 74749
1631175219129 13.068819999694824 74799
1631175253035 13.137587547302246 74849
1631175286729 12.635821342468262 74899
1631175320560 13.235054016113281 74949
1631175356664 13.18380355834961 74999
1631175647368 13.18380355834961 23
1631175692370 13.07292366027832 75049
1631175726101 13.255823135375977 75099
1631175759782 13.169565200805664 75149
1631175793405 13.127386093139648 75199
1631175826913 13.018316268920898 75249
1631175860463 13.106429100036621 75299
1631175893968 12.862988471984863 75349
1631175927382 13.178777694702148 75399
1631175961015 12.958747863769531 75449
1631175994677 13.076835632324219 75499
1631176028328 13.25277328491211 75549
1631176061916 12.833542823791504 75599
1631176095450 12.821015357971191 75649
1631176129059 12.895181655883789 75699
1631176162832 12.857959747314453 75749
1631176196584 12.961865425109863 75799
1631176230249 12.923288345336914 75849
1631176263940 12.824308395385742 75899
1631176297718 12.922210693359375 75949
1631176331475 13.20124626159668 75999
1631176365229 13.142903327941895 76049
1631176399012 12.882068634033203 76099
1631176432698 12.914896011352539 76149
1631176466438 12.911880493164062 76199
1631176500085 13.183320999145508 76249
1631176533852 12.84725570678711 76299
1631176567499 13.105917930603027 76349
1631176601112 13.272659301757812 76399
1631176634811 12.677783966064453 76449
1631176668411 13.210016250610352 76499
1631176702173 13.056354522705078 76549
1631176735859 13.120340347290039 76599
1631176769614 12.869617462158203 76649
1631176803189 13.143256187438965 76699
1631176836811 13.203594207763672 76749
1631176870507 13.042951583862305 76799
1631176904075 12.946718215942383 76849
1631176937658 13.140674591064453 76899
1631176971356 12.983133316040039 76949
1631177005191 13.177745819091797 76999
1631177038830 13.12955093383789 77049
1631177072549 12.867383003234863 77099
1631177106347 12.93813705444336 77149
1631177140111 12.891744613647461 77199
1631177173777 13.175651550292969 77249
1631177207601 13.313018798828125 77299
1631177241388 12.983015060424805 77349
1631177275113 13.037506103515625 77399
1631177308883 13.097319602966309 77449
1631177342559 13.121321678161621 77499
1631177376152 13.002030372619629 77549
1631177409852 12.926581382751465 77599
1631177443815 13.077919960021973 77649
1631177477356 12.831413269042969 77699
1631177510937 12.881762504577637 77749
1631177544615 13.04094123840332 77799
1631177578344 12.789068222045898 77849
1631177612040 12.966021537780762 77899
1631177645686 12.979402542114258 77949
1631177679300 12.982667922973633 77999
1631177712848 12.930583000183105 78049
1631177746772 12.879595756530762 78099
1631178051341 12.811041831970215 24
1631178078088 12.936023712158203 78149
1631178111717 12.740161895751953 78199
1631178145356 12.556488037109375 78249
1631178179031 12.821043014526367 78299
1631178212566 12.832098007202148 78349
1631178246190 12.914813995361328 78399
1631178279686 12.884908676147461 78449
1631178313193 13.00954532623291 78499
1631178346779 12.814318656921387 78549
1631178380279 13.215860366821289 78599
1631178413805 13.232316970825195 78649
1631178447296 12.640260696411133 78699
1631178480785 12.866079330444336 78749
1631178514305 13.041418075561523 78799
1631178547990 13.173558235168457 78849
1631178581653 13.098885536193848 78899
1631178615301 13.010865211486816 78949
1631178648939 13.13786506652832 78999
1631178682652 12.831854820251465 79049
1631178716222 13.070951461791992 79099
1631178749834 13.078722953796387 79149
1631178783433 12.895998001098633 79199
1631178817030 12.986793518066406 79249
1631178850547 12.747429847717285 79299
1631178884063 13.205923080444336 79349
1631178917708 13.1063232421875 79399
1631178951401 13.188051223754883 79449
1631178985035 13.212381362915039 79499
1631179018776 13.248727798461914 79549
1631179052538 13.070180892944336 79599
1631179086461 12.670635223388672 79649
1631179120226 12.928932189941406 79699
1631179154005 12.549158096313477 79749
1631179187727 13.110599517822266 79799
1631179221460 12.91015338897705 79849
1631179255205 12.787860870361328 79899
1631179288901 12.894527435302734 79949
1631179322574 12.971089363098145 79999
1631179356296 12.76484203338623 80049
1631179390000 12.936393737792969 80099
1631179423659 13.069127082824707 80149
1631179457406 13.344345092773438 80199
1631179491255 12.911571502685547 80249
1631179524993 12.834529876708984 80299
1631179558709 13.089320182800293 80349
1631179592294 12.962722778320312 80399
1631179625812 12.913167953491211 80449
1631179659509 13.210896492004395 80499
1631179693134 13.113529205322266 80549
1631179726819 12.831093788146973 80599
1631179760477 12.625253677368164 80649
1631179794097 13.415058135986328 80699
1631179827749 12.93585205078125 80749
1631179861381 12.902055740356445 80799
1631179895075 12.884052276611328 80849
1631179928776 13.064250946044922 80899
1631179962461 12.772930145263672 80949
1631179996295 12.909126281738281 80999
1631180030059 13.146829605102539 81049
1631180063829 12.73644733428955 81099
1631180097694 13.087736129760742 81149
1631180131620 12.781982421875 81199
1631180167745 12.912333488464355 81249
1631180461602 12.912333488464355 25
1631180505168 12.984395980834961 81299
1631180538855 12.792146682739258 81349
1631180572444 12.99181079864502 81399
1631180606118 12.92084789276123 81449
1631180639728 12.8676176071167 81499
1631180673298 12.628122329711914 81549
1631180706835 12.818033218383789 81599
1631180740376 13.196187973022461 81649
1631180773945 13.060403823852539 81699
1631180807539 12.939026832580566 81749
1631180841119 13.2733154296875 81799
1631180874717 12.711714744567871 81849
1631180908522 12.876180648803711 81899
1631180942480 13.043821334838867 81949
1631180976357 13.098896026611328 81999
1631181010284 12.871150016784668 82049
1631181044251 12.922073364257812 82099
1631181078112 13.246407508850098 82149
1631181111913 12.923843383789062 82199
1631181145647 12.803962707519531 82249
1631181179480 12.793619155883789 82299
1631181213345 12.728402137756348 82349
1631181247215 12.736125946044922 82399
1631181280933 12.916901588439941 82449
1631181314662 13.082716941833496 82499
1631181348305 12.93634033203125 82549
1631181382031 13.049602508544922 82599
1631181415733 13.29468059539795 82649
1631181449332 13.141767501831055 82699
1631181483063 12.891651153564453 82749
1631181516686 12.829840660095215 82799
1631181550325 12.999444961547852 82849
1631181583949 13.191818237304688 82899
1631181617626 12.953802108764648 82949
1631181651289 13.048410415649414 82999
1631181685060 13.27049446105957 83049
1631181718779 13.014405250549316 83099
1631181752540 13.077852249145508 83149
1631181786251 12.80608081817627 83199
1631181819931 12.99799633026123 83249
1631181853680 12.867806434631348 83299
1631181887384 13.131799697875977 83349
1631181921121 12.948324203491211 83399
1631181954909 12.798628807067871 83449
1631181988726 12.970551490783691 83499
1631182022235 12.893641471862793 83549
1631182055880 12.971391677856445 83599
1631182089530 12.89380168914795 83649
1631182123133 12.91148567199707 83699
1631182156813 12.843221664428711 83749
1631182190410 12.691617965698242 83799
1631182224022 12.993547439575195 83849
1631182257437 13.064886093139648 83899
1631182291238 12.675464630126953 83949
1631182324868 13.091119766235352 83999
1631182358624 13.088462829589844 84049
1631182392395 12.970293998718262 84099
1631182426222 13.088216781616211 84149
1631182460008 12.965368270874023 84199
1631182493829 12.969566345214844 84249
1631182527528 12.918611526489258 84299
1631182561337 12.922542572021484 84349
1631182864898 12.881093978881836 26
1631182889444 12.77346420288086 84399
1631182922926 12.71519660949707 84449
1631182956435 13.283249855041504 84499
1631182990012 12.922279357910156 84549
1631183023511 12.967302322387695 84599
1631183057135 13.293331146240234 84649
1631183090536 13.065120697021484 84699
1631183123955 13.042369842529297 84749
1631183157337 12.936073303222656 84799
1631183190790 12.678930282592773 84849
1631183224234 13.097914695739746 84899
1631183257757 12.931947708129883 84949
1631183291521 12.971875190734863 84999
1631183325283 12.86549186706543 85049
1631183359215 12.890445709228516 85099
1631183393310 13.165407180786133 85149
1631183427310 12.923381805419922 85199
1631183461395 13.030501365661621 85249
1631183495276 13.259765625 85299
1631183529057 12.772726058959961 85349
1631183562840 13.073614120483398 85399
1631183596781 12.806118965148926 85449
1631183630886 13.38245677947998 85499
1631183664747 12.825040817260742 85549
1631183698701 12.68280029296875 85599
1631183732248 13.06491756439209 85649
1631183765643 12.57463550567627 85699
1631183799267 13.236686706542969 85749
1631183832891 12.748456954956055 85799
1631183866698 12.916072845458984 85849
1631183900466 12.836799621582031 85899
1631183934035 12.900158882141113 85949
1631183967575 12.642860412597656 85999
1631184001300 13.077641487121582 86049
1631184034954 13.269375801086426 86099
1631184068685 12.852684020996094 86149
1631184102218 12.972854614257812 86199
1631184135875 13.060304641723633 86249
1631184169558 12.838348388671875 86299
1631184203025 12.68078899383545 86349
1631184236510 12.799802780151367 86399
1631184269919 12.931089401245117 86449
1631184303265 12.845535278320312 86499
1631184336724 13.081649780273438 86549
1631184370081 12.75167465209961 86599
1631184403497 12.79226303100586 86649
1631184436893 12.669679641723633 86699
1631184470335 13.091683387756348 86749
1631184503865 12.61654281616211 86799
1631184537167 13.119902610778809 86849
1631184570652 12.795135498046875 86899
1631184603971 13.03647232055664 86949
1631184637320 12.952312469482422 86999
1631184670820 12.955949783325195 87049
1631184704442 12.94373607635498 87099
1631184738089 13.038551330566406 87149
1631184771770 12.946239471435547 87199
1631184805363 12.92943000793457 87249
1631184839043 12.614940643310547 87299
1631184872611 12.947763442993164 87349
1631184906278 12.970136642456055 87399
1631184939816 13.307893753051758 87449
1631184975770 12.967475891113281 87499
1631185261090 12.967475891113281 27
1631185301957 13.112469673156738 87549
1631185335222 12.779897689819336 87599
1631185368484 13.018006324768066 87649
1631185401769 13.001404762268066 87699
1631185435079 12.883646011352539 87749
1631185469366 12.615212440490723 87799
1631185502719 13.01309585571289 87849
1631185536181 13.255701065063477 87899
1631185569554 12.728550910949707 87949
1631185602958 12.69387435913086 87999
1631185636289 12.881815910339355 88049
1631185669735 12.890768051147461 88099
1631185703271 12.75930118560791 88149
1631185737036 13.292951583862305 88199
1631185770590 13.025644302368164 88249
1631185804263 12.946619033813477 88299
1631185837894 12.878110885620117 88349
1631185871518 12.908353805541992 88399
1631185905174 12.738539695739746 88449
1631185938903 12.815032958984375 88499
1631185972673 12.522290229797363 88549
1631186006327 13.003170013427734 88599
1631186039946 12.736135482788086 88649
1631186073722 13.212631225585938 88699
1631186107228 12.905599594116211 88749
1631186140723 12.95065689086914 88799
1631186174251 12.98088264465332 88849
1631186207604 12.915301322937012 88899
1631186241041 12.770551681518555 88949
1631186274344 12.729424476623535 88999
1631186307692 12.990683555603027 89049
1631186341010 12.606069564819336 89099
1631186374480 12.981398582458496 89149
1631186407931 13.293100357055664 89199
1631186441270 12.999092102050781 89249
1631186474572 12.995698928833008 89299
1631186507910 12.750106811523438 89349
1631186541301 12.899002075195312 89399
1631186574949 12.742024421691895 89449
1631186608514 12.964702606201172 89499
1631186642239 12.725381851196289 89549
1631186675868 13.366218566894531 89599
1631186709477 13.249465942382812 89649
1631186743194 12.938405990600586 89699
1631186776868 12.789846420288086 89749
1631186810573 13.054530143737793 89799
1631186844239 12.765832901000977 89849
1631186877894 13.074106216430664 89899
1631186911681 12.917552947998047 89949
1631186945425 13.073247909545898 89999
1631186979070 13.003667831420898 90049
1631187012809 12.832841873168945 90099
1631187046646 12.784530639648438 90149
1631187080242 12.974593162536621 90199
1631187113869 13.230599403381348 90249
1631187147519 12.776723861694336 90299
1631187181193 12.895740509033203 90349
1631187214864 13.113389015197754 90399
1631187248500 12.896690368652344 90449
1631187282093 13.19628620147705 90499
1631187315694 12.812979698181152 90549
1631187349628 12.717391014099121 90599
1631187655753 12.80622673034668 28
1631187680301 12.590169906616211 90649
1631187713753 12.957845687866211 90699
1631187747178 12.810441970825195 90749
1631187780622 13.06904411315918 90799
1631187814038 12.81709098815918 90849
1631187847677 12.94386100769043 90899
1631187881199 12.859344482421875 90949
1631187914742 12.945049285888672 90999
1631187948262 12.977816581726074 91049
1631187981845 12.866504669189453 91099
1631188015533 12.975578308105469 91149
1631188049311 13.031079292297363 91199
1631188083039 12.866495132446289 91249
1631188116735 12.971735954284668 91299
1631188150490 12.77691650390625 91349
1631188184245 12.83272933959961 91399
1631188217935 12.908954620361328 91449
1631188251618 12.726836204528809 91499
1631188285218 12.787823677062988 91549
1631188318924 12.997322082519531 91599
1631188352548 12.78178596496582 91649
1631188386115 12.858734130859375 91699
1631188419701 12.902153015136719 91749
1631188453390 12.820755004882812 91799
1631188487033 12.837121963500977 91849
1631188520719 12.684326171875 91899
1631188554318 12.697306632995605 91949
1631188587938 12.932036399841309 91999
1631188621482 12.961493492126465 92049
1631188655173 12.513252258300781 92099
1631188688687 13.066581726074219 92149
1631188722301 12.869691848754883 92199
1631188755884 12.68271541595459 92249
1631188789690 13.176431655883789 92299
1631188823352 12.720760345458984 92349
1631188857040 13.07868766784668 92399
1631188890682 12.929607391357422 92449
1631188924414 12.936461448669434 92499
1631188958137 12.701801300048828 92549
1631188991965 13.087385177612305 92599
1631189025611 12.810136795043945 92649
1631189059240 12.827059745788574 92699
1631189092967 12.927658081054688 92749
1631189126614 13.102972030639648 92799
1631189160147 13.024843215942383 92849
1631189193852 12.586684226989746 92899
1631189227388 13.187943458557129 92949
1631189261015 13.039993286132812 92999
1631189294664 12.829154968261719 93049
1631189328233 12.963287353515625 93099
1631189361912 12.985438346862793 93149
1631189395487 13.207225799560547 93199
1631189429036 13.204737663269043 93249
1631189462624 12.853118896484375 93299
1631189496320 12.992386817932129 93349
1631189530050 13.062446594238281 93399
1631189563793 13.225351333618164 93449
1631189597601 13.005242347717285 93499
1631189631217 12.724976539611816 93549
1631189664990 12.910262107849121 93599
1631189698709 12.92647933959961 93649
1631189732502 12.856120109558105 93699
1631189768532 12.9539794921875 93749
1631190054505 12.9539794921875 29
