1631118498571 17.409305572509766 0
1631120992581 15.294136047363281 1
1631123479159 14.789191246032715 2
1631126013892 14.636795043945312 3
1631128776422 14.260189056396484 4
1631131311060 14.157583236694336 5
1631133850037 14.308460235595703 6
1631136289726 14.240530014038086 7
1631138789596 13.995917320251465 8
1631141244720 13.970661163330078 9
1631143709692 13.613639831542969 10
1631146219413 13.794072151184082 11
1631148678192 13.689021110534668 12
1631151120460 13.345673561096191 13
1631153581870 13.70429515838623 14
1631156062068 13.239450454711914 15
1631158616781 13.325738906860352 16
1631161093082 13.118432998657227 17
1631163557192 13.33395004272461 18
1631165998675 13.179545402526855 19
1631168407501 12.935630798339844 20
1631170821447 13.067920684814453 21
1631173238697 13.136959075927734 22
1631175647368 13.18380355834961 23
1631178051341 12.811041831970215 24
1631180461602 12.912333488464355 25
1631182864898 12.881093978881836 26
1631185261090 12.967475891113281 27
1631187655753 12.80622673034668 28
1631190054505 12.9539794921875 29
