1625152692803 0 49
1625152718591 0 99
1625152736356 0 149
1625152762228 0 199
1625152779410 0 249
1625152805481 0 299
1625152822850 0 349
1625152846913 0 399
1625152870306 0 449
1625152886461 0 499
1625152909569 0 549
1625152927496 0 599
1625152951373 0 649
1625152969090 0 699
1625152993548 0 749
1625153014204 0 799
1625153035119 0 849
1625153058980 0 899
1625153075992 0 949
1625153099736 0 999
1625153114918 0 1049
1625153138655 0 1099
1625153154843 0 1149
1625153181300 0 1199
1625153203827 0 1249
1625153222017 0 1299
1625153244004 0 1349
1625153260911 0 1399
1625153281067 0 1449
1625153300648 0 1499
1625153321696 0 1549
1625153339447 0 1599
1625153363831 0 1649
1625153386857 0 1699
1625153404475 0 1749
1625153430782 0 1799
1625153449011 0 1849
1625153475333 0 1899
1625153494723 0 1949
1625153517936 0 1999
1625153541181 0 2049
1625153557861 0 2099
1625153585399 0 2149
1625153605734 0 2199
1625153627883 0 2249
1625153646392 0 2299
1625153671846 0 2349
1625153693340 0 2399
1625153713931 0 2449
1625153738323 0 2499
1625153753673 0 2549
1625153780092 0 2599
1625153802196 0 2649
1625153829365 0 2699
1625153846026 0 2749
1625153868035 0 2799
1625153896583 0 2849
1625153916801 0 2899
1625153942466 0 2949
1625153959305 0 2999
1625153982061 0 3049
1625154000012 0 3099
1625154026564 0 3149
1625154052339 0 3199
1625154068740 0 3249
1625154100529 0 3299
1625154130441 0 3349
1625154168244 0 3399
1625154213580 0 3449
1625154274675 0 3499
1625154300323 0 3549
1625154343899 0 3599
1625154371676 0 3649
1625154388210 0 3699
1625154413030 0 3749
1625154433028 0 3799
1625154457134 0 3849
1625154472875 0 3899
1625154495760 0 3949
1625154517538 0 3999
1625154536109 0 4049
1625154561353 0 4099
1625154578708 0 4149
1625154601728 0 4199
1625154619375 0 4249
1625154642777 0 4299
1625154660450 0 4349
1625154684019 0 4399
1625154712425 0 4449
1625154734874 0 4499
1625154765900 0 4549
1625154784959 0 4599
1625154809942 0 4649
1625154829122 0 4699
1625154851711 0 4749
1625154868288 0 4799
1625154892674 0 4849
1625154916600 0 4899
1625154934649 0 4949
1625154958465 0 4999
1625154979601 0 5049
1625155007671 0 5099
1625155026558 0 5149
1625155052092 0 5199
1625155073236 0 5249
1625155090837 0 5299
1625155113718 0 5349
1625155136116 0 5399
1625155163741 0 5449
1625155181903 0 5499
1625155205204 0 5549
1625155222434 0 5599
1625155246209 0 5649
1625155272054 0 5699
1625155289031 0 5749
1625155312998 0 5799
1625155335610 0 5849
1625155356028 0 5899
1625155378495 0 5949
1625155406096 0 5999
1625155433147 0 6049
1625155459260 0 6099
1625155494894 0 6149
1625155529301 0 6199
1625155552783 0 6249
1625155554145 0 6249
1625156184527 0 6249
1625156212774 1 6299
1625156232376 1 6349
1625156247465 1 6399
1625156266453 1 6449
1625156280669 1 6499
1625156299491 1 6549
1625156314653 1 6599
1625156333737 1 6649
1625156350807 1 6699
1625156369579 1 6749
1625156387211 1 6799
1625156402045 1 6849
1625156423048 1 6899
1625156437673 1 6949
1625156457425 1 6999
1625156471430 1 7049
1625156491866 1 7099
1625156507607 1 7149
1625156526317 1 7199
1625156541207 1 7249
1625156560087 1 7299
1625156572280 1 7349
1625156583292 1 7399
1625156597324 1 7449
1625156614477 1 7499
1625156633718 1 7549
1625156660243 1 7599
1625156676911 1 7649
1625156697035 1 7699
1625156714002 1 7749
1625156731769 1 7799
1625156747659 1 7849
1625156768787 1 7899
1625156785463 1 7949
1625156808024 1 7999
1625156829935 1 8049
1625156845944 1 8099
1625156869646 1 8149
1625156885808 1 8199
1625156909266 1 8249
1625156925885 1 8299
1625156947842 1 8349
1625156968213 1 8399
1625156994304 1 8449
1625157024660 1 8499
1625157048110 1 8549
1625157073716 1 8599
1625157104644 1 8649
1625157127163 1 8699
1625157157296 1 8749
1625157186909 1 8799
1625157214620 1 8849
1625157240702 1 8899
1625157273013 1 8949
1625157295376 1 8999
1625157316842 1 9049
1625157357925 1 9099
1625157395229 1 9149
1625157440609 1 9199
1625157470509 1 9249
1625157506457 1 9299
1625157532513 1 9349
1625157551673 1 9399
1625157576000 1 9449
1625157615820 1 9499
1625157654644 1 9549
1625157690809 1 9599
1625157736823 1 9649
1625157767121 1 9699
1625157792935 1 9749
1625157818616 1 9799
1625157847562 1 9849
1625157864802 1 9899
1625157887480 1 9949
1625157903907 1 9999
1625157926143 1 10049
1625157943395 1 10099
1625157968718 1 10149
1625157985222 1 10199
1625158007555 1 10249
1625158029010 1 10299
1625158047545 1 10349
1625158066760 1 10399
1625158085624 1 10449
1625158109426 1 10499
1625158130058 1 10549
1625158154936 1 10599
1625158177372 1 10649
1625158198038 1 10699
1625158216209 1 10749
1625158240611 1 10799
1625158256736 1 10849
1625158286626 1 10899
1625158306515 1 10949
1625158337235 1 10999
1625158366210 1 11049
1625158385068 1 11099
1625158414245 1 11149
1625158438407 1 11199
1625158467414 1 11249
1625158487511 1 11299
1625158515140 1 11349
1625158541280 1 11399
1625158560015 1 11449
1625158586793 1 11499
1625158617199 1 11549
1625158658896 1 11599
1625158689629 1 11649
1625158733035 1 11699
1625158752734 1 11749
1625158781513 1 11799
1625158807123 1 11849
1625158832590 1 11899
1625158874439 1 11949
1625158897694 1 11999
1625158934249 1 12049
1625158968999 1 12099
1625159014264 1 12149
1625159060022 1 12199
1625159098982 1 12249
1625159138398 1 12299
1625159166394 1 12349
1625159189859 1 12399
1625159214766 1 12449
1625159234499 1 12499
1625159235819 1 12499
1625159869048 1 12499
1625159905742 2 12549
1625159928709 2 12599
1625159945177 2 12649
1625159969740 2 12699
1625159987936 2 12749
1625160011180 2 12799
1625160028320 2 12849
1625160051994 2 12899
1625160071745 2 12949
1625160088057 2 12999
1625160099363 2 13049
1625160110187 2 13099
1625160129503 2 13149
1625160146879 2 13199
1625160167573 2 13249
1625160183757 2 13299
1625160206804 2 13349
1625160232900 2 13399
1625160260354 2 13449
1625160288735 2 13499
1625160317760 2 13549
1625160347066 2 13599
1625160363776 2 13649
1625160386345 2 13699
1625160401909 2 13749
1625160422134 2 13799
1625160438679 2 13849
1625160457890 2 13899
1625160478521 2 13949
1625160495179 2 13999
1625160514207 2 14049
1625160536251 2 14099
1625160565624 2 14149
1625160596056 2 14199
1625160638947 2 14249
1625160686580 2 14299
1625160712479 2 14349
1625160756713 2 14399
1625160773935 2 14449
1625160795415 2 14499
1625160811013 2 14549
1625160825026 2 14599
1625160836057 2 14649
1625160850057 2 14699
1625160871203 2 14749
1625160891401 2 14799
1625160912534 2 14849
1625160931963 2 14899
1625160952407 2 14949
1625160974930 2 14999
1625161003037 2 15049
1625161037172 2 15099
1625161079626 2 15149
1625161117922 2 15199
1625161149588 2 15249
1625161180057 2 15299
1625161199594 2 15349
1625161220387 2 15399
1625161237885 2 15449
1625161261577 2 15499
1625161280581 2 15549
1625161302694 2 15599
1625161321747 2 15649
1625161344106 2 15699
1625161365645 2 15749
1625161384099 2 15799
1625161404376 2 15849
1625161420763 2 15899
1625161442285 2 15949
1625161460583 2 15999
1625161482448 2 16049
1625161511672 2 16099
1625161530531 2 16149
1625161555182 2 16199
1625161575605 2 16249
1625161598731 2 16299
1625161617848 2 16349
1625161643596 2 16399
1625161661962 2 16449
1625161683264 2 16499
1625161702798 2 16549
1625161723774 2 16599
1625161744026 2 16649
1625161764090 2 16699
1625161781598 2 16749
1625161803539 2 16799
1625161831817 2 16849
1625161851995 2 16899
1625161877692 2 16949
1625161901251 2 16999
1625161924117 2 17049
1625161950332 2 17099
1625161971850 2 17149
1625161993235 2 17199
1625162015363 2 17249
1625162038960 2 17299
1625162055676 2 17349
1625162079349 2 17399
1625162095920 2 17449
1625162119220 2 17499
1625162137482 2 17549
1625162162463 2 17599
1625162187983 2 17649
1625162208887 2 17699
1625162253592 2 17749
1625162286664 2 17799
1625162338411 2 17849
1625162367561 2 17899
1625162401639 2 17949
1625162425108 2 17999
1625162448043 2 18049
1625162469463 2 18099
1625162486140 2 18149
1625162508030 2 18199
1625162524290 2 18249
1625162547514 2 18299
1625162562730 2 18349
1625162584957 2 18399
1625162607406 2 18449
1625162630071 2 18499
1625162651947 2 18549
1625162673812 2 18599
1625162698662 2 18649
1625162733076 2 18699
1625162766796 2 18749
1625162768090 2 18749
1625163283291 2 18749
1625163314872 3 18799
1625163337512 3 18849
1625163354581 3 18899
1625163376854 3 18949
1625163392252 3 18999
1625163418319 3 19049
1625163438633 3 19099
1625163467621 3 19149
1625163495605 3 19199
1625163516802 3 19249
1625163543983 3 19299
1625163560606 3 19349
1625163581725 3 19399
1625163598548 3 19449
1625163623494 3 19499
1625163638679 3 19549
1625163661930 3 19599
1625163683093 3 19649
1625163701971 3 19699
1625163725570 3 19749
1625163740492 3 19799
1625163762859 3 19849
1625163779581 3 19899
1625163802200 3 19949
1625163820494 3 19999
1625163858782 3 20049
1625163902251 3 20099
1625163928313 3 20149
1625163976665 3 20199
1625164000302 3 20249
1625164034380 3 20299
1625164058684 3 20349
1625164084998 3 20399
1625164104362 3 20449
1625164125089 3 20499
1625164140637 3 20549
1625164152275 3 20599
1625164163348 3 20649
1625164178887 3 20699
1625164198371 3 20749
1625164216983 3 20799
1625164234226 3 20849
1625164252711 3 20899
1625164269882 3 20949
1625164288701 3 20999
1625164310232 3 21049
1625164325441 3 21099
1625164343734 3 21149
1625164363180 3 21199
1625164382052 3 21249
1625164412984 3 21299
1625164459172 3 21349
1625164501562 3 21399
1625164531866 3 21449
1625164566394 3 21499
1625164583169 3 21549
1625164604274 3 21599
1625164618924 3 21649
1625164638893 3 21699
1625164658631 3 21749
1625164675019 3 21799
1625164693506 3 21849
1625164713219 3 21899
1625164732411 3 21949
1625164750011 3 21999
1625164772290 3 22049
1625164787517 3 22099
1625164807866 3 22149
1625164820995 3 22199
1625164832875 3 22249
1625164843635 3 22299
1625164867145 3 22349
1625164887196 3 22399
1625164905412 3 22449
1625164928285 3 22499
1625164946753 3 22549
1625164969510 3 22599
1625164985438 3 22649
1625165009840 3 22699
1625165031868 3 22749
1625165059745 3 22799
1625165085259 3 22849
1625165106667 3 22899
1625165130061 3 22949
1625165151644 3 22999
1625165173276 3 23049
1625165192581 3 23099
1625165212575 3 23149
1625165234834 3 23199
1625165254812 3 23249
1625165277160 3 23299
1625165294134 3 23349
1625165315770 3 23399
1625165336361 3 23449
1625165359697 3 23499
1625165376449 3 23549
1625165401761 3 23599
1625165422950 3 23649
1625165444722 3 23699
1625165475610 3 23749
1625165499999 3 23799
1625165533902 3 23849
1625165561550 3 23899
1625165590329 3 23949
1625165615998 3 23999
1625165637799 3 24049
1625165664090 3 24099
1625165682807 3 24149
1625165711199 3 24199
1625165728996 3 24249
1625165755255 3 24299
1625165776791 3 24349
1625165795774 3 24399
1625165817408 3 24449
1625165836016 3 24499
1625165856695 3 24549
1625165874217 3 24599
1625165897903 3 24649
1625165913828 3 24699
1625165942420 3 24749
1625165963736 3 24799
1625165987866 3 24849
1625166011388 3 24899
1625166030117 3 24949
1625166050553 3 24999
1625166051521 3 24999
1625166601726 3 24999
1625166638493 4 25049
1625166664929 4 25099
1625166685014 4 25149
1625166712299 4 25199
1625166730158 4 25249
1625166755639 4 25299
1625166771490 4 25349
1625166794843 4 25399
1625166815234 4 25449
1625166835028 4 25499
1625166856069 4 25549
1625166871702 4 25599
1625166891397 4 25649
1625166907235 4 25699
1625166927752 4 25749
1625166947448 4 25799
1625166965873 4 25849
1625166986634 4 25899
1625167005413 4 25949
1625167027111 4 25999
1625167043949 4 26049
1625167068030 4 26099
1625167092431 4 26149
1625167125177 4 26199
1625167157929 4 26249
1625167182032 4 26299
1625167213620 4 26349
1625167232734 4 26399
1625167256942 4 26449
1625167277400 4 26499
1625167299374 4 26549
1625167323838 4 26599
1625167344615 4 26649
1625167369772 4 26699
1625167390218 4 26749
1625167413813 4 26799
1625167432081 4 26849
1625167459248 4 26899
1625167482936 4 26949
1625167505978 4 26999
1625167531865 4 27049
1625167547326 4 27099
1625167570464 4 27149
1625167589103 4 27199
1625167616618 4 27249
1625167636310 4 27299
1625167654864 4 27349
1625167678620 4 27399
1625167701682 4 27449
1625167726830 4 27499
1625167745661 4 27549
1625167768775 4 27599
1625167790299 4 27649
1625167832192 4 27699
1625167867987 4 27749
1625167899302 4 27799
1625167940976 4 27849
1625167960103 4 27899
1625167981833 4 27949
1625167998075 4 27999
1625168019654 4 28049
1625168043240 4 28099
1625168058113 4 28149
1625168070016 4 28199
1625168080859 4 28249
1625168099662 4 28299
1625168116862 4 28349
1625168137909 4 28399
1625168154682 4 28449
1625168176030 4 28499
1625168192614 4 28549
1625168211585 4 28599
1625168235525 4 28649
1625168257577 4 28699
1625168281026 4 28749
1625168302082 4 28799
1625168330566 4 28849
1625168350416 4 28899
1625168371382 4 28949
1625168390456 4 28999
1625168409532 4 29049
1625168430100 4 29099
1625168448283 4 29149
1625168468661 4 29199
1625168486016 4 29249
1625168507313 4 29299
1625168525132 4 29349
1625168543053 4 29399
1625168564244 4 29449
1625168580846 4 29499
1625168601025 4 29549
1625168618420 4 29599
1625168637572 4 29649
1625168655924 4 29699
1625168677342 4 29749
1625168692223 4 29799
1625168716632 4 29849
1625168747092 4 29899
1625168772768 4 29949
1625168806140 4 29999
1625168836166 4 30049
1625168863269 4 30099
1625168882483 4 30149
1625168903916 4 30199
1625168925189 4 30249
1625168945957 4 30299
1625168965969 4 30349
1625168989043 4 30399
1625169014429 4 30449
1625169033946 4 30499
1625169061979 4 30549
1625169084055 4 30599
1625169109234 4 30649
1625169131102 4 30699
1625169152156 4 30749
1625169174929 4 30799
1625169193261 4 30849
1625169218549 4 30899
1625169237277 4 30949
1625169263570 4 30999
1625169284610 4 31049
1625169306811 4 31099
1625169325312 4 31149
1625169347612 4 31199
1625169365619 4 31249
1625169366453 4 31249
1625169941490 4 31249
1625169977274 5 31299
1625170000405 5 31349
1625170017518 5 31399
1625170036985 5 31449
1625170053052 5 31499
1625170075038 5 31549
1625170092869 5 31599
1625170116791 5 31649
1625170138288 5 31699
1625170154626 5 31749
1625170177398 5 31799
1625170195672 5 31849
1625170216486 5 31899
1625170232890 5 31949
1625170257385 5 31999
1625170276885 5 32049
1625170300438 5 32099
1625170325853 5 32149
1625170355294 5 32199
1625170382407 5 32249
1625170417558 5 32299
1625170446395 5 32349
1625170474735 5 32399
1625170500533 5 32449
1625170525456 5 32499
1625170544342 5 32549
1625170563518 5 32599
1625170582225 5 32649
1625170603922 5 32699
1625170622837 5 32749
1625170643740 5 32799
1625170667918 5 32849
1625170696660 5 32899
1625170730373 5 32949
1625170752018 5 32999
1625170786970 5 33049
1625170808291 5 33099
1625170829879 5 33149
1625170848172 5 33199
1625170872386 5 33249
1625170891843 5 33299
1625170915901 5 33349
1625170932891 5 33399
1625170954946 5 33449
1625170978806 5 33499
1625170995266 5 33549
1625171020952 5 33599
1625171039204 5 33649
1625171061555 5 33699
1625171081022 5 33749
1625171104608 5 33799
1625171124863 5 33849
1625171145403 5 33899
1625171170800 5 33949
1625171199679 5 33999
1625171246443 5 34049
1625171276945 5 34099
1625171321126 5 34149
1625171348226 5 34199
1625171377540 5 34249
1625171400812 5 34299
1625171419634 5 34349
1625171451866 5 34399
1625171474805 5 34449
1625171505542 5 34499
1625171530021 5 34549
1625171558718 5 34599
1625171589738 5 34649
1625171609478 5 34699
1625171632163 5 34749
1625171651158 5 34799
1625171678076 5 34849
1625171695625 5 34899
1625171717788 5 34949
1625171735606 5 34999
1625171758703 5 35049
1625171783540 5 35099
1625171800475 5 35149
1625171822470 5 35199
1625171839189 5 35249
1625171865681 5 35299
1625171885606 5 35349
1625171910064 5 35399
1625171935936 5 35449
1625171957653 5 35499
1625172000996 5 35549
1625172017755 5 35599
1625172054453 5 35649
1625172086178 5 35699
1625172126479 5 35749
1625172155777 5 35799
1625172177432 5 35849
1625172196690 5 35899
1625172214163 5 35949
1625172233382 5 35999
1625172252049 5 36049
1625172273474 5 36099
1625172292387 5 36149
1625172310251 5 36199
1625172329006 5 36249
1625172352198 5 36299
1625172382450 5 36349
1625172414881 5 36399
1625172440786 5 36449
1625172478318 5 36499
1625172503176 5 36549
1625172522992 5 36599
1625172544332 5 36649
1625172560164 5 36699
1625172581890 5 36749
1625172599623 5 36799
1625172620211 5 36849
1625172638365 5 36899
1625172662978 5 36949
1625172680767 5 36999
1625172699938 5 37049
1625172718152 5 37099
1625172733042 5 37149
1625172744336 5 37199
1625172760141 5 37249
1625172781792 5 37299
1625172801666 5 37349
1625172825968 5 37399
1625172845854 5 37449
1625172867495 5 37499
1625172868325 5 37499
1625173472435 5 37499
1625173505721 6 37549
1625173527438 6 37599
1625173543357 6 37649
1625173571352 6 37699
1625173593657 6 37749
1625173624821 6 37799
1625173649821 6 37849
1625173683650 6 37899
1625173719260 6 37949
1625173743915 6 37999
1625173771034 6 38049
1625173791616 6 38099
1625173816244 6 38149
1625173833928 6 38199
1625173858806 6 38249
1625173875928 6 38299
1625173897919 6 38349
1625173917357 6 38399
1625173939560 6 38449
1625173962035 6 38499
1625173979884 6 38549
1625174005629 6 38599
1625174023351 6 38649
1625174048282 6 38699
1625174072888 6 38749
1625174101056 6 38799
1625174134275 6 38849
1625174161469 6 38899
1625174190093 6 38949
1625174207721 6 38999
1625174233438 6 39049
1625174249890 6 39099
1625174271244 6 39149
1625174296263 6 39199
1625174313658 6 39249
1625174337101 6 39299
1625174354697 6 39349
1625174378665 6 39399
1625174395628 6 39449
1625174421270 6 39499
1625174439805 6 39549
1625174464085 6 39599
1625174487324 6 39649
1625174505830 6 39699
1625174534493 6 39749
1625174553522 6 39799
1625174578540 6 39849
1625174599548 6 39899
1625174635339 6 39949
1625174683104 6 39999
1625174715617 6 40049
1625174768122 6 40099
1625174803729 6 40149
1625174839064 6 40199
1625174861114 6 40249
1625174885843 6 40299
1625174902331 6 40349
1625174925639 6 40399
1625174948809 6 40449
1625174966305 6 40499
1625174990114 6 40549
1625175008327 6 40599
1625175034034 6 40649
1625175054931 6 40699
1625175080140 6 40749
1625175098818 6 40799
1625175120679 6 40849
1625175139198 6 40899
1625175160903 6 40949
1625175179198 6 40999
1625175206183 6 41049
1625175236009 6 41099
1625175255889 6 41149
1625175290605 6 41199
1625175317553 6 41249
1625175348808 6 41299
1625175374441 6 41349
1625175402014 6 41399
1625175430052 6 41449
1625175447186 6 41499
1625175475784 6 41549
1625175494495 6 41599
1625175517386 6 41649
1625175535541 6 41699
1625175556364 6 41749
1625175575676 6 41799
1625175599381 6 41849
1625175621232 6 41899
1625175639998 6 41949
1625175665022 6 41999
1625175681696 6 42049
1625175705350 6 42099
1625175726172 6 42149
1625175747382 6 42199
1625175777523 6 42249
1625175798793 6 42299
1625175827384 6 42349
1625175846701 6 42399
1625175872801 6 42449
1625175899544 6 42499
1625175917729 6 42549
1625175941850 6 42599
1625175958662 6 42649
1625175981473 6 42699
1625175999604 6 42749
1625176023655 6 42799
1625176042038 6 42849
1625176064642 6 42899
1625176078193 6 42949
1625176089801 6 42999
1625176100640 6 43049
1625176118551 6 43099
1625176136405 6 43149
1625176155338 6 43199
1625176172707 6 43249
1625176192497 6 43299
1625176211145 6 43349
1625176229619 6 43399
1625176248476 6 43449
1625176271253 6 43499
1625176287273 6 43549
1625176310956 6 43599
1625176327739 6 43649
1625176363387 6 43699
1625176392080 6 43749
1625176393005 6 43749
1625176891016 6 43749
1625176957377 7 43799
1625176993689 7 43849
1625177019039 7 43899
1625177047240 7 43949
1625177071157 7 43999
1625177097636 7 44049
1625177113688 7 44099
1625177136701 7 44149
1625177158207 7 44199
1625177176118 7 44249
1625177197328 7 44299
1625177215940 7 44349
1625177240133 7 44399
1625177255989 7 44449
1625177277302 7 44499
1625177293967 7 44549
1625177320400 7 44599
1625177339857 7 44649
1625177361870 7 44699
1625177383270 7 44749
1625177405462 7 44799
1625177434742 7 44849
1625177462356 7 44899
1625177496016 7 44949
1625177525628 7 44999
1625177556612 7 45049
1625177582388 7 45099
1625177603577 7 45149
1625177622745 7 45199
1625177644481 7 45249
1625177667370 7 45299
1625177686601 7 45349
1625177707138 7 45399
1625177726412 7 45449
1625177749819 7 45499
1625177770702 7 45549
1625177799134 7 45599
1625177822520 7 45649
1625177849448 7 45699
1625177867849 7 45749
1625177891469 7 45799
1625177908602 7 45849
1625177931939 7 45899
1625177952021 7 45949
1625177984971 7 45999
1625178019338 7 46049
1625178046876 7 46099
1625178100905 7 46149
1625178133260 7 46199
1625178173097 7 46249
1625178207548 7 46299
1625178249884 7 46349
1625178277713 7 46399
1625178299096 7 46449
1625178319524 7 46499
1625178344598 7 46549
1625178362912 7 46599
1625178383490 7 46649
1625178405592 7 46699
1625178435145 7 46749
1625178471905 7 46799
1625178501952 7 46849
1625178534308 7 46899
1625178558249 7 46949
1625178597238 7 46999
1625178634284 7 47049
1625178669666 7 47099
1625178702798 7 47149
1625178732275 7 47199
1625178752440 7 47249
1625178774616 7 47299
1625178791915 7 47349
1625178817144 7 47399
1625178836521 7 47449
1625178865755 7 47499
1625178882498 7 47549
1625178903982 7 47599
1625178928540 7 47649
1625178947396 7 47699
1625178971408 7 47749
1625178991592 7 47799
1625179015555 7 47849
1625179035671 7 47899
1625179061698 7 47949
1625179090024 7 47999
1625179107625 7 48049
1625179145455 7 48099
1625179171596 7 48149
1625179201962 7 48199
1625179231189 7 48249
1625179253629 7 48299
1625179275991 7 48349
1625179298472 7 48399
1625179323639 7 48449
1625179343870 7 48499
1625179364021 7 48549
1625179387839 7 48599
1625179408945 7 48649
1625179430992 7 48699
1625179451833 7 48749
1625179474401 7 48799
1625179509660 7 48849
1625179526409 7 48899
1625179553040 7 48949
1625179577846 7 48999
1625179599063 7 49049
1625179630659 7 49099
1625179664787 7 49149
1625179692540 7 49199
1625179730385 7 49249
1625179751451 7 49299
1625179776748 7 49349
1625179816129 7 49399
1625179847896 7 49449
1625179895118 7 49499
1625179925981 7 49549
1625179974452 7 49599
1625180002031 7 49649
1625180028490 7 49699
1625180062856 7 49749
1625180096472 7 49799
1625180132656 7 49849
1625180162871 7 49899
1625180195924 7 49949
1625180220866 7 49999
1625180225425 7 49999
1625180743127 7 49999
1625180778446 8 50049
1625180802663 8 50099
1625180829348 8 50149
1625180863470 8 50199
1625180884374 8 50249
1625180914534 8 50299
1625180933829 8 50349
1625180965716 8 50399
1625180989166 8 50449
1625181005623 8 50499
1625181020073 8 50549
1625181031421 8 50599
1625181053239 8 50649
1625181072520 8 50699
1625181094352 8 50749
1625181112063 8 50799
1625181133075 8 50849
1625181154479 8 50899
1625181170850 8 50949
1625181195243 8 50999
1625181211945 8 51049
1625181248771 8 51099
1625181275857 8 51149
1625181307578 8 51199
1625181342090 8 51249
1625181373689 8 51299
1625181397545 8 51349
1625181412232 8 51399
1625181435483 8 51449
1625181453773 8 51499
1625181477801 8 51549
1625181502042 8 51599
1625181553519 8 51649
1625181600156 8 51699
1625181625975 8 51749
1625181675065 8 51799
1625181708669 8 51849
1625181745122 8 51899
1625181789413 8 51949
1625181815048 8 51999
1625181842909 8 52049
1625181876448 8 52099
1625181905460 8 52149
1625181933830 8 52199
1625181967612 8 52249
1625181996593 8 52299
1625182019406 8 52349
1625182039720 8 52399
1625182066469 8 52449
1625182085683 8 52499
1625182111512 8 52549
1625182131653 8 52599
1625182153841 8 52649
1625182176802 8 52699
1625182198974 8 52749
1625182221028 8 52799
1625182242710 8 52849
1625182266748 8 52899
1625182283961 8 52949
1625182308307 8 52999
1625182333443 8 53049
1625182354829 8 53099
1625182375923 8 53149
1625182396768 8 53199
1625182416458 8 53249
1625182440644 8 53299
1625182462094 8 53349
1625182485087 8 53399
1625182514277 8 53449
1625182546617 8 53499
1625182574738 8 53549
1625182600475 8 53599
1625182630160 8 53649
1625182657246 8 53699
1625182679895 8 53749
1625182700868 8 53799
1625182718836 8 53849
1625182740068 8 53899
1625182758964 8 53949
1625182783340 8 53999
1625182802289 8 54049
1625182827340 8 54099
1625182848252 8 54149
1625182882685 8 54199
1625182916336 8 54249
1625182944668 8 54299
1625182982774 8 54349
1625183007654 8 54399
1625183033859 8 54449
1625183052728 8 54499
1625183075204 8 54549
1625183094462 8 54599
1625183119184 8 54649
1625183141860 8 54699
1625183165031 8 54749
1625183186186 8 54799
1625183219659 8 54849
1625183254450 8 54899
1625183306154 8 54949
1625183347483 8 54999
1625183404366 8 55049
1625183439614 8 55099
1625183482279 8 55149
1625183508957 8 55199
1625183542582 8 55249
1625183582880 8 55299
1625183612055 8 55349
1625183640512 8 55399
1625183657579 8 55449
1625183683924 8 55499
1625183701888 8 55549
1625183729548 8 55599
1625183754540 8 55649
1625183772143 8 55699
1625183794979 8 55749
1625183813089 8 55799
1625183839261 8 55849
1625183859345 8 55899
1625183883745 8 55949
1625183904170 8 55999
1625183929826 8 56049
1625183954568 8 56099
1625183975858 8 56149
1625183998681 8 56199
1625184018712 8 56249
1625184019977 8 56249
1625184667951 8 56249
1625184690708 9 56299
1625184706739 9 56349
1625184724614 9 56399
1625184748627 9 56449
1625184765323 9 56499
1625184787592 9 56549
1625184805954 9 56599
1625184828461 9 56649
1625184849179 9 56699
1625184864641 9 56749
1625184887332 9 56799
1625184903917 9 56849
1625184934133 9 56899
1625184965972 9 56949
1625185027415 9 56999
1625185068302 9 57049
1625185126454 9 57099
1625185173758 9 57149
1625185205202 9 57199
1625185240721 9 57249
1625185265709 9 57299
1625185291570 9 57349
1625185308009 9 57399
1625185329906 9 57449
1625185352442 9 57499
1625185368093 9 57549
1625185387712 9 57599
1625185402209 9 57649
1625185424877 9 57699
1625185440953 9 57749
1625185463723 9 57799
1625185481939 9 57849
1625185493663 9 57899
1625185504524 9 57949
1625185527109 9 57999
1625185548524 9 58049
1625185575007 9 58099
1625185597475 9 58149
1625185619719 9 58199
1625185641592 9 58249
1625185661565 9 58299
1625185684261 9 58349
1625185701814 9 58399
1625185722898 9 58449
1625185744113 9 58499
1625185767652 9 58549
1625185788014 9 58599
1625185809436 9 58649
1625185827493 9 58699
1625185853547 9 58749
1625185870663 9 58799
1625185900552 9 58849
1625185935764 9 58899
1625185964870 9 58949
1625185985082 9 58999
1625186016178 9 59049
1625186040668 9 59099
1625186064722 9 59149
1625186088041 9 59199
1625186113503 9 59249
1625186148428 9 59299
1625186173599 9 59349
1625186204790 9 59399
1625186227613 9 59449
1625186259678 9 59499
1625186278075 9 59549
1625186301334 9 59599
1625186326860 9 59649
1625186345908 9 59699
1625186370429 9 59749
1625186388325 9 59799
1625186412717 9 59849
1625186435705 9 59899
1625186454764 9 59949
1625186477704 9 59999
1625186495480 9 60049
1625186522236 9 60099
1625186538368 9 60149
1625186563788 9 60199
1625186583533 9 60249
1625186615371 9 60299
1625186646702 9 60349
1625186679375 9 60399
1625186730880 9 60449
1625186772365 9 60499
1625186841035 9 60549
1625186879648 9 60599
1625186919985 9 60649
1625186939320 9 60699
1625186963798 9 60749
1625186985811 9 60799
1625187004496 9 60849
1625187029405 9 60899
1625187047449 9 60949
1625187071027 9 60999
1625187092951 9 61049
1625187115684 9 61099
1625187135939 9 61149
1625187156074 9 61199
1625187180121 9 61249
1625187200450 9 61299
1625187227459 9 61349
1625187248884 9 61399
1625187267780 9 61449
1625187290136 9 61499
1625187308636 9 61549
1625187332097 9 61599
1625187351212 9 61649
1625187375213 9 61699
1625187391927 9 61749
1625187414808 9 61799
1625187441741 9 61849
1625187457898 9 61899
1625187480947 9 61949
1625187499450 9 61999
1625187521551 9 62049
1625187540459 9 62099
1625187567830 9 62149
1625187592882 9 62199
1625187625170 9 62249
1625187655368 9 62299
1625187688419 9 62349
1625187714103 9 62399
1625187752252 9 62449
1625187776471 9 62499
1625187778374 9 62499
1625188377254 9 62499
1625188445124 10 62549
1625188512848 10 62599
1625188553131 10 62649
1625188622583 10 62699
1625188646224 10 62749
1625188676366 10 62799
1625188698632 10 62849
1625188726570 10 62899
1625188754446 10 62949
1625188775906 10 62999
1625188805653 10 63049
1625188828525 10 63099
1625188854013 10 63149
1625188874705 10 63199
1625188899369 10 63249
1625188921370 10 63299
1625188948475 10 63349
1625188974650 10 63399
1625188994985 10 63449
1625189024572 10 63499
1625189045875 10 63549
1625189062407 10 63599
1625189073745 10 63649
1625189084916 10 63699
1625189103862 10 63749
1625189127305 10 63799
1625189149933 10 63849
1625189168592 10 63899
1625189189264 10 63949
1625189218147 10 63999
1625189237602 10 64049
1625189264165 10 64099
1625189296533 10 64149
1625189348050 10 64199
1625189407028 10 64249
1625189445750 10 64299
1625189484911 10 64349
1625189512254 10 64399
1625189539834 10 64449
1625189561302 10 64499
1625189589981 10 64549
1625189608397 10 64599
1625189630986 10 64649
1625189653015 10 64699
1625189679929 10 64749
1625189707019 10 64799
1625189734225 10 64849
1625189756525 10 64899
1625189782193 10 64949
1625189810839 10 64999
1625189837695 10 65049
1625189878142 10 65099
1625189929586 10 65149
1625189950017 10 65199
1625189990813 10 65249
1625190016316 10 65299
1625190068161 10 65349
1625190111750 10 65399
1625190155187 10 65449
1625190222358 10 65499
1625190275125 10 65549
1625190332154 10 65599
1625190370555 10 65649
1625190400469 10 65699
1625190426361 10 65749
1625190453739 10 65799
1625190471482 10 65849
1625190500285 10 65899
1625190521997 10 65949
1625190560882 10 65999
1625190581218 10 66049
1625190610690 10 66099
1625190632035 10 66149
1625190655712 10 66199
1625190681088 10 66249
1625190702363 10 66299
1625190730043 10 66349
1625190750589 10 66399
1625190777224 10 66449
1625190797331 10 66499
1625190825607 10 66549
1625190854931 10 66599
1625190876630 10 66649
1625190902030 10 66699
1625190921465 10 66749
1625190950724 10 66799
1625190976129 10 66849
1625191042478 10 66899
1625191101407 10 66949
1625191154589 10 66999
1625191192265 10 67049
1625191213171 10 67099
1625191247933 10 67149
1625191266051 10 67199
1625191297555 10 67249
1625191317376 10 67299
1625191346830 10 67349
1625191375258 10 67399
1625191401349 10 67449
1625191435990 10 67499
1625191459581 10 67549
1625191516048 10 67599
1625191549255 10 67649
1625191599447 10 67699
1625191639513 10 67749
1625191666073 10 67799
1625191710337 10 67849
1625191739468 10 67899
1625191780804 10 67949
1625191818197 10 67999
1625191860406 10 68049
1625191891799 10 68099
1625191990512 10 68149
1625192073325 10 68199
1625192105529 10 68249
1625192134565 10 68299
1625192154704 10 68349
1625192184107 10 68399
1625192203717 10 68449
1625192232990 10 68499
1625192262008 10 68549
1625192292661 10 68599
1625192323767 10 68649
1625192348058 10 68699
1625192371223 10 68749
1625192374193 10 68749
1625193208733 10 68749
1625193271487 11 68799
1625193312416 11 68849
1625193345845 11 68899
1625193390983 11 68949
1625193420583 11 68999
1625193464346 11 69049
1625193488042 11 69099
1625193514908 11 69149
1625193545303 11 69199
1625193574747 11 69249
1625193599677 11 69299
1625193646779 11 69349
1625193706418 11 69399
1625193764418 11 69449
1625193840549 11 69499
1625193860682 11 69549
1625193886617 11 69599
1625193905322 11 69649
1625193936474 11 69699
1625193956360 11 69749
1625193985037 11 69799
1625194006430 11 69849
1625194033869 11 69899
1625194060105 11 69949
1625194083182 11 69999
1625194112277 11 70049
1625194134499 11 70099
1625194157601 11 70149
1625194185293 11 70199
1625194210024 11 70249
1625194236867 11 70299
1625194259761 11 70349
1625194311515 11 70399
1625194365995 11 70449
1625194413445 11 70499
1625194464509 11 70549
1625194505862 11 70599
1625194538275 11 70649
1625194578744 11 70699
1625194623962 11 70749
1625194649855 11 70799
1625194675399 11 70849
1625194705426 11 70899
1625194734844 11 70949
1625194785376 11 70999
1625194831355 11 71049
1625194876348 11 71099
1625194901068 11 71149
1625194947077 11 71199
1625195003594 11 71249
1625195036241 11 71299
1625195081873 11 71349
1625195106163 11 71399
1625195132178 11 71449
1625195150785 11 71499
1625195180611 11 71549
1625195202725 11 71599
1625195227260 11 71649
1625195261579 11 71699
1625195276290 11 71749
1625195310110 11 71799
1625195336709 11 71849
1625195395487 11 71899
1625195441368 11 71949
1625195515967 11 71999
1625195569322 11 72049
1625195595852 11 72099
1625195608617 11 72149
1625195621146 11 72199
1625195647879 11 72249
1625195669046 11 72299
1625195694820 11 72349
1625195717156 11 72399
1625195744121 11 72449
1625195773917 11 72499
1625195802568 11 72549
1625195824319 11 72599
1625195846945 11 72649
1625195870347 11 72699
1625195896243 11 72749
1625195926100 11 72799
1625195975335 11 72849
1625196011671 11 72899
1625196050476 11 72949
1625196078359 11 72999
1625196107673 11 73049
1625196138058 11 73099
1625196169199 11 73149
1625196213082 11 73199
1625196245453 11 73249
1625196299811 11 73299
1625196320321 11 73349
1625196347751 11 73399
1625196375608 11 73449
1625196420686 11 73499
1625196460220 11 73549
1625196499494 11 73599
1625196546094 11 73649
1625196573596 11 73699
1625196626465 11 73749
1625196657835 11 73799
1625196704394 11 73849
1625196728668 11 73899
1625196756110 11 73949
1625196775635 11 73999
1625196801539 11 74049
1625196827817 11 74099
1625196850600 11 74149
1625196878625 11 74199
1625196897768 11 74249
1625196924810 11 74299
1625196944665 11 74349
1625196969644 11 74399
1625196998698 11 74449
1625197020701 11 74499
1625197052012 11 74549
1625197077954 11 74599
1625197132875 11 74649
1625197171533 11 74699
1625197242163 11 74749
1625197293440 11 74799
1625197315099 11 74849
1625197344962 11 74899
1625197366784 11 74949
1625197388472 11 74999
1625197389616 11 74999
1625198223698 11 74999
1625198271944 12 75049
1625198307529 12 75099
1625198327133 12 75149
1625198350228 12 75199
1625198367978 12 75249
1625198393412 12 75299
1625198411653 12 75349
1625198436760 12 75399
1625198458333 12 75449
1625198478086 12 75499
1625198496830 12 75549
1625198521982 12 75599
1625198540519 12 75649
1625198562535 12 75699
1625198582710 12 75749
1625198604042 12 75799
1625198621373 12 75849
1625198640967 12 75899
1625198661214 12 75949
1625198678736 12 75999
1625198699465 12 76049
1625198721978 12 76099
1625198740390 12 76149
1625198763814 12 76199
1625198783079 12 76249
1625198813659 12 76299
1625198844158 12 76349
1625198879758 12 76399
1625198913706 12 76449
1625198946488 12 76499
1625198982051 12 76549
1625199000012 12 76599
1625199026277 12 76649
1625199043105 12 76699
1625199065234 12 76749
1625199083858 12 76799
1625199108973 12 76849
1625199125636 12 76899
1625199155766 12 76949
1625199183960 12 76999
1625199205910 12 77049
1625199236801 12 77099
1625199260466 12 77149
1625199286682 12 77199
1625199307233 12 77249
1625199329434 12 77299
1625199351889 12 77349
1625199371362 12 77399
1625199397462 12 77449
1625199415044 12 77499
1625199442331 12 77549
1625199462305 12 77599
1625199490275 12 77649
1625199507138 12 77699
1625199527637 12 77749
1625199539468 12 77799
1625199550595 12 77849
1625199576269 12 77899
1625199613274 12 77949
1625199657721 12 77999
1625199699319 12 78049
1625199733306 12 78099
1625199760103 12 78149
1625199790882 12 78199
1625199820487 12 78249
1625199842888 12 78299
1625199871864 12 78349
1625199899616 12 78399
1625199917113 12 78449
1625199940410 12 78499
1625199958017 12 78549
1625199975088 12 78599
1625199994482 12 78649
1625200013223 12 78699
1625200034486 12 78749
1625200054513 12 78799
1625200075280 12 78849
1625200092790 12 78899
1625200114053 12 78949
1625200134020 12 78999
1625200151000 12 79049
1625200169289 12 79099
1625200187257 12 79149
1625200204505 12 79199
1625200222715 12 79249
1625200241679 12 79299
1625200256092 12 79349
1625200268626 12 79399
1625200279788 12 79449
1625200294319 12 79499
1625200315253 12 79549
1625200333610 12 79599
1625200356415 12 79649
1625200377211 12 79699
1625200395463 12 79749
1625200415943 12 79799
1625200435573 12 79849
1625200458080 12 79899
1625200485694 12 79949
1625200513838 12 79999
1625200542902 12 80049
1625200585553 12 80099
1625200626753 12 80149
1625200657716 12 80199
1625200685356 12 80249
1625200705923 12 80299
1625200730163 12 80349
1625200750580 12 80399
1625200781837 12 80449
1625200805608 12 80499
1625200836070 12 80549
1625200857538 12 80599
1625200886211 12 80649
1625200910588 12 80699
1625200928108 12 80749
1625200957056 12 80799
1625200973932 12 80849
1625200997573 12 80899
1625201017344 12 80949
1625201038091 12 80999
1625201056673 12 81049
1625201081664 12 81099
1625201113503 12 81149
1625201131146 12 81199
1625201148328 12 81249
1625201149243 12 81249
1625201750741 12 81249
1625201781196 13 81299
1625201803978 13 81349
1625201821895 13 81399
1625201842840 13 81449
1625201860112 13 81499
1625201884313 13 81549
1625201900854 13 81599
1625201921176 13 81649
1625201942231 13 81699
1625201961489 13 81749
1625201977846 13 81799
1625201998842 13 81849
1625202021150 13 81899
1625202036974 13 81949
1625202063331 13 81999
1625202077374 13 82049
1625202102218 13 82099
1625202118483 13 82149
1625202141733 13 82199
1625202159907 13 82249
1625202188418 13 82299
1625202219088 13 82349
1625202239617 13 82399
1625202276996 13 82449
1625202299082 13 82499
1625202327417 13 82549
1625202347748 13 82599
1625202378546 13 82649
1625202405787 13 82699
1625202424177 13 82749
1625202449518 13 82799
1625202471741 13 82849
1625202500763 13 82899
1625202517215 13 82949
1625202541291 13 82999
1625202558326 13 83049
1625202583076 13 83099
1625202600504 13 83149
1625202623164 13 83199
1625202640163 13 83249
1625202661422 13 83299
1625202686487 13 83349
1625202703414 13 83399
1625202725081 13 83449
1625202744333 13 83499
1625202767348 13 83549
1625202786128 13 83599
1625202809428 13 83649
1625202831300 13 83699
1625202849180 13 83749
1625202872762 13 83799
1625202891868 13 83849
1625202915446 13 83899
1625202938032 13 83949
1625202956744 13 83999
1625202983107 13 84049
1625203000548 13 84099
1625203028188 13 84149
1625203050843 13 84199
1625203073881 13 84249
1625203094802 13 84299
1625203117009 13 84349
1625203138423 13 84399
1625203158419 13 84449
1625203181238 13 84499
1625203205042 13 84549
1625203221578 13 84599
1625203247508 13 84649
1625203265308 13 84699
1625203290637 13 84749
1625203307928 13 84799
1625203336522 13 84849
1625203355698 13 84899
1625203385748 13 84949
1625203407066 13 84999
1625203432921 13 85049
1625203459700 13 85099
1625203479054 13 85149
1625203501209 13 85199
1625203522427 13 85249
1625203539357 13 85299
1625203551299 13 85349
1625203562309 13 85399
1625203576615 13 85449
1625203597606 13 85499
1625203614535 13 85549
1625203634282 13 85599
1625203651540 13 85649
1625203672102 13 85699
1625203693380 13 85749
1625203710958 13 85799
1625203731175 13 85849
1625203752453 13 85899
1625203770035 13 85949
1625203788203 13 85999
1625203807321 13 86049
1625203826960 13 86099
1625203847709 13 86149
1625203871773 13 86199
1625203900374 13 86249
1625203923706 13 86299
1625203956745 13 86349
1625203977075 13 86399
1625204000031 13 86449
1625204016527 13 86499
1625204040161 13 86549
1625204060530 13 86599
1625204077886 13 86649
1625204098269 13 86699
1625204115426 13 86749
1625204136664 13 86799
1625204152223 13 86849
1625204173983 13 86899
1625204192614 13 86949
1625204204685 13 86999
1625204215560 13 87049
1625204231989 13 87099
1625204252301 13 87149
1625204275605 13 87199
1625204296748 13 87249
1625204320853 13 87299
1625204341040 13 87349
1625204365158 13 87399
1625204389794 13 87449
1625204416403 13 87499
1625204417235 13 87499
1625204908559 13 87499
1625204950253 14 87549
1625204978214 14 87599
1625204994283 14 87649
1625205017970 14 87699
1625205033531 14 87749
1625205056526 14 87799
1625205071225 14 87849
1625205093808 14 87899
1625205115468 14 87949
1625205132792 14 87999
1625205161961 14 88049
1625205177782 14 88099
1625205203557 14 88149
1625205220601 14 88199
1625205246314 14 88249
1625205266190 14 88299
1625205295162 14 88349
1625205317207 14 88399
1625205335731 14 88449
1625205362521 14 88499
1625205380111 14 88549
1625205402499 14 88599
1625205418435 14 88649
1625205445384 14 88699
1625205469679 14 88749
1625205485234 14 88799
1625205506568 14 88849
1625205522999 14 88899
1625205546306 14 88949
1625205563173 14 88999
1625205586780 14 89049
1625205605320 14 89099
1625205634976 14 89149
1625205659441 14 89199
1625205678884 14 89249
1625205710098 14 89299
1625205730681 14 89349
1625205755775 14 89399
1625205771065 14 89449
1625205792361 14 89499
1625205811912 14 89549
1625205841881 14 89599
1625205870989 14 89649
1625205889692 14 89699
1625205918454 14 89749
1625205940719 14 89799
1625205962779 14 89849
1625205984043 14 89899
1625206014926 14 89949
1625206040052 14 89999
1625206058208 14 90049
1625206081971 14 90099
1625206100287 14 90149
1625206127049 14 90199
1625206144723 14 90249
1625206168037 14 90299
1625206187414 14 90349
1625206222002 14 90399
1625206251188 14 90449
1625206269850 14 90499
1625206292759 14 90549
1625206312269 14 90599
1625206343747 14 90649
1625206362810 14 90699
1625206394502 14 90749
1625206428101 14 90799
1625206448205 14 90849
1625206473372 14 90899
1625206489445 14 90949
1625206516455 14 90999
1625206536359 14 91049
1625206560753 14 91099
1625206581757 14 91149
1625206606380 14 91199
1625206627040 14 91249
1625206643534 14 91299
1625206669489 14 91349
1625206690058 14 91399
1625206715981 14 91449
1625206735348 14 91499
1625206767187 14 91549
1625206789869 14 91599
1625206822491 14 91649
1625206843260 14 91699
1625206866413 14 91749
1625206896212 14 91799
1625206919633 14 91849
1625206947724 14 91899
1625206970347 14 91949
1625206996600 14 91999
1625207019769 14 92049
1625207044850 14 92099
1625207070735 14 92149
1625207094091 14 92199
1625207121168 14 92249
1625207141758 14 92299
1625207166614 14 92349
1625207187103 14 92399
1625207207648 14 92449
1625207233789 14 92499
1625207259958 14 92549
1625207284327 14 92599
1625207306819 14 92649
1625207336659 14 92699
1625207356385 14 92749
1625207376236 14 92799
1625207389357 14 92849
1625207401069 14 92899
1625207412016 14 92949
1625207431579 14 92999
1625207452066 14 93049
1625207471369 14 93099
1625207489610 14 93149
1625207508178 14 93199
1625207525127 14 93249
1625207547977 14 93299
1625207566970 14 93349
1625207587669 14 93399
1625207605601 14 93449
1625207626220 14 93499
1625207647740 14 93549
1625207665448 14 93599
1625207689074 14 93649
1625207704131 14 93699
1625207725980 14 93749
1625207726843 14 93749
1625208117675 14 93749
1625208157934 15 93799
1625208182018 15 93849
1625208198142 15 93899
1625208219551 15 93949
1625208238194 15 93999
1625208262107 15 94049
1625208278921 15 94099
1625208303399 15 94149
1625208323218 15 94199
1625208341161 15 94249
1625208365776 15 94299
1625208381535 15 94349
1625208402118 15 94399
1625208418770 15 94449
1625208442317 15 94499
1625208463230 15 94549
1625208481425 15 94599
1625208503533 15 94649
1625208525810 15 94699
1625208545616 15 94749
1625208564657 15 94799
1625208585349 15 94849
1625208601375 15 94899
1625208624355 15 94949
1625208645884 15 94999
1625208663110 15 95049
1625208687919 15 95099
1625208704536 15 95149
1625208729537 15 95199
1625208746128 15 95249
1625208773315 15 95299
1625208790765 15 95349
1625208813631 15 95399
1625208836136 15 95449
1625208856391 15 95499
1625208878946 15 95549
1625208899011 15 95599
1625208922617 15 95649
1625208943817 15 95699
1625208968791 15 95749
1625208996986 15 95799
1625209022499 15 95849
1625209042630 15 95899
1625209065966 15 95949
1625209091414 15 95999
1625209108594 15 96049
1625209133372 15 96099
1625209158030 15 96149
1625209185715 15 96199
1625209207830 15 96249
1625209232586 15 96299
1625209252973 15 96349
1625209275575 15 96399
1625209303333 15 96449
1625209325028 15 96499
1625209349545 15 96549
1625209367969 15 96599
1625209392408 15 96649
1625209422756 15 96699
1625209447455 15 96749
1625209471322 15 96799
1625209496611 15 96849
1625209524478 15 96899
1625209546905 15 96949
1625209577281 15 96999
1625209599421 15 97049
1625209623702 15 97099
1625209645919 15 97149
1625209671326 15 97199
1625209697326 15 97249
1625209716311 15 97299
1625209746171 15 97349
1625209763489 15 97399
1625209785811 15 97449
1625209809736 15 97499
1625209836075 15 97549
1625209864241 15 97599
1625209889285 15 97649
1625209915847 15 97699
1625209941249 15 97749
1625209967088 15 97799
1625209993671 15 97849
1625210018020 15 97899
1625210036260 15 97949
1625210064606 15 97999
1625210086999 15 98049
1625210116939 15 98099
1625210139831 15 98149
1625210171696 15 98199
1625210194892 15 98249
1625210224931 15 98299
1625210257803 15 98349
1625210275763 15 98399
1625210310403 15 98449
1625210328746 15 98499
1625210358006 15 98549
1625210375628 15 98599
1625210398867 15 98649
1625210429217 15 98699
1625210451290 15 98749
1625210479005 15 98799
1625210497776 15 98849
1625210523941 15 98899
1625210543684 15 98949
1625210572110 15 98999
1625210590651 15 99049
1625210617580 15 99099
1625210645163 15 99149
1625210664248 15 99199
1625210692761 15 99249
1625210711467 15 99299
1625210734041 15 99349
1625210754131 15 99399
1625210784252 15 99449
1625210811297 15 99499
1625210832220 15 99549
1625210857717 15 99599
1625210878520 15 99649
1625210906312 15 99699
1625210923723 15 99749
1625210952112 15 99799
1625210971432 15 99849
1625211001665 15 99899
1625211021431 15 99949
1625211039792 15 99999
1625211040748 15 99999
1625211441779 15 99999
1625211469721 16 100049
1625211489803 16 100099
1625211505298 16 100149
1625211523779 16 100199
1625211541809 16 100249
1625211560729 16 100299
1625211576395 16 100349
1625211595874 16 100399
1625211612035 16 100449
1625211632095 16 100499
1625211651645 16 100549
1625211667836 16 100599
1625211681679 16 100649
1625211693323 16 100699
1625211704232 16 100749
1625211718847 16 100799
1625211743229 16 100849
1625211763453 16 100899
1625211785497 16 100949
1625211801702 16 100999
1625211825299 16 101049
1625211841790 16 101099
1625211864524 16 101149
1625211883611 16 101199
1625211903408 16 101249
1625211926482 16 101299
1625211942354 16 101349
1625211965163 16 101399
1625211983456 16 101449
1625212008491 16 101499
1625212027454 16 101549
1625212050685 16 101599
1625212069209 16 101649
1625212089362 16 101699
1625212113943 16 101749
1625212134268 16 101799
1625212158511 16 101849
1625212178226 16 101899
1625212198338 16 101949
1625212216206 16 101999
1625212243220 16 102049
1625212268590 16 102099
1625212288954 16 102149
1625212312903 16 102199
1625212331064 16 102249
1625212358215 16 102299
1625212375873 16 102349
1625212406902 16 102399
1625212432456 16 102449
1625212457283 16 102499
1625212483810 16 102549
1625212504208 16 102599
1625212525744 16 102649
1625212542692 16 102699
1625212568169 16 102749
1625212584834 16 102799
1625212612219 16 102849
1625212633956 16 102899
1625212653458 16 102949
1625212681466 16 102999
1625212696058 16 103049
1625212720928 16 103099
1625212739318 16 103149
1625212769967 16 103199
1625212787331 16 103249
1625212810051 16 103299
1625212836140 16 103349
1625212853559 16 103399
1625212879478 16 103449
1625212901208 16 103499
1625212926710 16 103549
1625212941018 16 103599
1625212968972 16 103649
1625212994978 16 103699
1625213015419 16 103749
1625213039572 16 103799
1625213057961 16 103849
1625213081453 16 103899
1625213099764 16 103949
1625213125574 16 103999
1625213142886 16 104049
1625213170211 16 104099
1625213192273 16 104149
1625213212430 16 104199
1625213233049 16 104249
1625213253393 16 104299
1625213278613 16 104349
1625213298738 16 104399
1625213322336 16 104449
1625213344683 16 104499
1625213363244 16 104549
1625213389280 16 104599
1625213406593 16 104649
1625213437937 16 104699
1625213455932 16 104749
1625213476705 16 104799
1625213495189 16 104849
1625213524207 16 104899
1625213543973 16 104949
1625213570219 16 104999
1625213591404 16 105049
1625213613560 16 105099
1625213644433 16 105149
1625213667337 16 105199
1625213697427 16 105249
1625213715398 16 105299
1625213740409 16 105349
1625213759871 16 105399
1625213782424 16 105449
1625213800046 16 105499
1625213823969 16 105549
1625213848241 16 105599
1625213870721 16 105649
1625213891743 16 105699
1625213917352 16 105749
1625213939194 16 105799
1625213962924 16 105849
1625213986207 16 105899
1625214008939 16 105949
1625214026552 16 105999
1625214052865 16 106049
1625214082935 16 106099
1625214102293 16 106149
1625214124841 16 106199
1625214142373 16 106249
1625214143671 16 106249
1625214638509 16 106249
1625214676637 17 106299
1625214706488 17 106349
1625214722765 17 106399
1625214744799 17 106449
1625214763147 17 106499
1625214789095 17 106549
1625214806093 17 106599
1625214818282 17 106649
1625214829285 17 106699
1625214842535 17 106749
1625214857575 17 106799
1625214878594 17 106849
1625214894749 17 106899
1625214912909 17 106949
1625214929571 17 106999
1625214947267 17 107049
1625214966688 17 107099
1625214982330 17 107149
1625215001533 17 107199
1625215016750 17 107249
1625215036288 17 107299
1625215051518 17 107349
1625215071028 17 107399
1625215086828 17 107449
1625215104818 17 107499
1625215123320 17 107549
1625215140447 17 107599
1625215157840 17 107649
1625215175524 17 107699
1625215193296 17 107749
1625215212118 17 107799
1625215229426 17 107849
1625215247868 17 107899
1625215264849 17 107949
1625215284779 17 107999
1625215302142 17 108049
1625215322760 17 108099
1625215342473 17 108149
1625215360069 17 108199
1625215377657 17 108249
1625215394553 17 108299
1625215407508 17 108349
1625215418711 17 108399
1625215436224 17 108449
1625215459195 17 108499
1625215481653 17 108549
1625215505155 17 108599
1625215522229 17 108649
1625215547560 17 108699
1625215566068 17 108749
1625215589679 17 108799
1625215610184 17 108849
1625215630629 17 108899
1625215652229 17 108949
1625215669982 17 108999
1625215694646 17 109049
1625215715366 17 109099
1625215741308 17 109149
1625215758503 17 109199
1625215782135 17 109249
1625215802776 17 109299
1625215825047 17 109349
1625215845521 17 109399
1625215864104 17 109449
1625215884223 17 109499
1625215906598 17 109549
1625215931416 17 109599
1625215949872 17 109649
1625215971137 17 109699
1625215994621 17 109749
1625216014029 17 109799
1625216040431 17 109849
1625216060346 17 109899
1625216090787 17 109949
1625216107138 17 109999
1625216130985 17 110049
1625216150790 17 110099
1625216172706 17 110149
1625216194218 17 110199
1625216215711 17 110249
1625216240880 17 110299
1625216263449 17 110349
1625216284838 17 110399
1625216309086 17 110449
1625216333592 17 110499
1625216349285 17 110549
1625216376843 17 110599
1625216399609 17 110649
1625216428310 17 110699
1625216451368 17 110749
1625216470461 17 110799
1625216496200 17 110849
1625216518266 17 110899
1625216542391 17 110949
1625216563443 17 110999
1625216590313 17 111049
1625216613484 17 111099
1625216633926 17 111149
1625216657686 17 111199
1625216687485 17 111249
1625216721106 17 111299
1625216736568 17 111349
1625216762502 17 111399
1625216783218 17 111449
1625216804979 17 111499
1625216822502 17 111549
1625216851119 17 111599
1625216881747 17 111649
1625216902446 17 111699
1625216933455 17 111749
1625216956744 17 111799
1625216978588 17 111849
1625216999553 17 111899
1625217023623 17 111949
1625217042113 17 111999
1625217065829 17 112049
1625217093733 17 112099
1625217109103 17 112149
1625217132852 17 112199
1625217148592 17 112249
1625217174943 17 112299
1625217195181 17 112349
1625217226239 17 112399
1625217253627 17 112449
1625217268840 17 112499
1625217270161 17 112499
1625217792140 17 112499
1625217825325 18 112549
1625217847482 18 112599
1625217866418 18 112649
1625217885866 18 112699
1625217905847 18 112749
1625217925456 18 112799
1625217943933 18 112849
1625217968724 18 112899
1625217984334 18 112949
1625218008569 18 112999
1625218026185 18 113049
1625218046588 18 113099
1625218064721 18 113149
1625218086120 18 113199
1625218109457 18 113249
1625218126551 18 113299
1625218145778 18 113349
1625218163163 18 113399
1625218185142 18 113449
1625218201528 18 113499
1625218226146 18 113549
1625218247634 18 113599
1625218266241 18 113649
1625218289098 18 113699
1625218309374 18 113749
1625218329333 18 113799
1625218352166 18 113849
1625218372714 18 113899
1625218395725 18 113949
1625218417440 18 113999
1625218438277 18 114049
1625218464541 18 114099
1625218482691 18 114149
1625218494812 18 114199
1625218505887 18 114249
1625218521271 18 114299
1625218540112 18 114349
1625218558882 18 114399
1625218578129 18 114449
1625218594447 18 114499
1625218614457 18 114549
1625218632431 18 114599
1625218653719 18 114649
1625218672971 18 114699
1625218692134 18 114749
1625218711576 18 114799
1625218729152 18 114849
1625218748730 18 114899
1625218764880 18 114949
1625218786293 18 114999
1625218804159 18 115049
1625218825561 18 115099
1625218844412 18 115149
1625218864671 18 115199
1625218883416 18 115249
1625218904137 18 115299
1625218921449 18 115349
1625218937773 18 115399
1625218961139 18 115449
1625218980265 18 115499
1625218998500 18 115549
1625219022971 18 115599
1625219037569 18 115649
1625219058588 18 115699
1625219075534 18 115749
1625219097700 18 115799
1625219112513 18 115849
1625219127808 18 115899
1625219138984 18 115949
1625219154604 18 115999
1625219178110 18 116049
1625219195514 18 116099
1625219223329 18 116149
1625219241618 18 116199
1625219268448 18 116249
1625219287453 18 116299
1625219310965 18 116349
1625219331931 18 116399
1625219356827 18 116449
1625219374484 18 116499
1625219396978 18 116549
1625219423202 18 116599
1625219442752 18 116649
1625219471669 18 116699
1625219489824 18 116749
1625219516117 18 116799
1625219536353 18 116849
1625219556242 18 116899
1625219582697 18 116949
1625219604793 18 116999
1625219628448 18 117049
1625219647149 18 117099
1625219668881 18 117149
1625219692185 18 117199
1625219712778 18 117249
1625219732132 18 117299
1625219757832 18 117349
1625219779955 18 117399
1625219801329 18 117449
1625219826141 18 117499
1625219844769 18 117549
1625219869266 18 117599
1625219887633 18 117649
1625219908393 18 117699
1625219928296 18 117749
1625219948834 18 117799
1625219973760 18 117849
1625219992936 18 117899
1625220014880 18 117949
1625220034662 18 117999
1625220055023 18 118049
1625220076606 18 118099
1625220104667 18 118149
1625220126660 18 118199
1625220145016 18 118249
1625220167792 18 118299
1625220192818 18 118349
1625220217210 18 118399
1625220239064 18 118449
1625220264074 18 118499
1625220285738 18 118549
1625220305689 18 118599
1625220326079 18 118649
1625220354209 18 118699
1625220377015 18 118749
1625220380931 18 118749
1625220873953 18 118749
1625220913955 19 118799
1625220937065 19 118849
1625220956761 19 118899
1625220979614 19 118949
1625220999268 19 118999
1625221020916 19 119049
1625221036501 19 119099
1625221061204 19 119149
1625221081276 19 119199
1625221105822 19 119249
1625221124776 19 119299
1625221140889 19 119349
1625221164363 19 119399
1625221181768 19 119449
1625221210367 19 119499
1625221231226 19 119549
1625221253640 19 119599
1625221276667 19 119649
1625221293756 19 119699
1625221319607 19 119749
1625221336626 19 119799
1625221359508 19 119849
1625221374899 19 119899
1625221399432 19 119949
1625221416013 19 119999
1625221444736 19 120049
1625221466829 19 120099
1625221487715 19 120149
1625221512803 19 120199
1625221533334 19 120249
1625221557239 19 120299
1625221578094 19 120349
1625221601981 19 120399
1625221630115 19 120449
1625221647121 19 120499
1625221666794 19 120549
1625221688233 19 120599
1625221710819 19 120649
1625221727715 19 120699
1625221756453 19 120749
1625221771364 19 120799
1625221797955 19 120849
1625221822889 19 120899
1625221842950 19 120949
1625221865756 19 120999
1625221883918 19 121049
1625221908611 19 121099
1625221932816 19 121149
1625221957594 19 121199
1625221987256 19 121249
1625222007367 19 121299
1625222026761 19 121349
1625222046513 19 121399
1625222073089 19 121449
1625222092781 19 121499
1625222115004 19 121549
1625222134318 19 121599
1625222164264 19 121649
1625222193584 19 121699
1625222211143 19 121749
1625222223484 19 121799
1625222234777 19 121849
1625222249108 19 121899
1625222266721 19 121949
1625222286673 19 121999
1625222305598 19 122049
1625222326328 19 122099
1625222342344 19 122149
1625222360634 19 122199
1625222383469 19 122249
1625222400622 19 122299
1625222421372 19 122349
1625222438378 19 122399
1625222457863 19 122449
1625222474957 19 122499
1625222498867 19 122549
1625222524243 19 122599
1625222540001 19 122649
1625222562030 19 122699
1625222578594 19 122749
1625222596845 19 122799
1625222612215 19 122849
1625222632417 19 122899
1625222649519 19 122949
1625222669677 19 122999
1625222688718 19 123049
1625222705474 19 123099
1625222726390 19 123149
1625222744060 19 123199
1625222763447 19 123249
1625222780764 19 123299
1625222799993 19 123349
1625222819110 19 123399
1625222837104 19 123449
1625222850234 19 123499
1625222861660 19 123549
1625222874514 19 123599
1625222892638 19 123649
1625222920453 19 123699
1625222943451 19 123749
1625222967709 19 123799
1625222986523 19 123849
1625223008848 19 123899
1625223030376 19 123949
1625223051890 19 123999
1625223071741 19 124049
1625223101261 19 124099
1625223119819 19 124149
1625223144570 19 124199
1625223166350 19 124249
1625223190303 19 124299
1625223206994 19 124349
1625223230077 19 124399
1625223246998 19 124449
1625223275162 19 124499
1625223307206 19 124549
1625223329341 19 124599
1625223359011 19 124649
1625223375934 19 124699
1625223400830 19 124749
1625223416412 19 124799
1625223441248 19 124849
1625223461745 19 124899
1625223478169 19 124949
1625223496770 19 124999
1625223497710 19 124999
1625224001760 19 124999
1625224042055 20 125049
1625224060668 20 125099
1625224077264 20 125149
1625224103321 20 125199
1625224122004 20 125249
1625224145207 20 125299
1625224162803 20 125349
1625224186728 20 125399
1625224207085 20 125449
1625224225275 20 125499
1625224246476 20 125549
1625224264008 20 125599
1625224286998 20 125649
1625224305762 20 125699
1625224328990 20 125749
1625224344677 20 125799
1625224366201 20 125849
1625224385950 20 125899
1625224405701 20 125949
1625224428767 20 125999
1625224445795 20 126049
1625224473181 20 126099
1625224491157 20 126149
1625224519193 20 126199
1625224546308 20 126249
1625224563180 20 126299
1625224585204 20 126349
1625224600580 20 126399
1625224620987 20 126449
1625224637616 20 126499
1625224663964 20 126549
1625224686546 20 126599
1625224713177 20 126649
1625224732675 20 126699
1625224752006 20 126749
1625224774325 20 126799
1625224791833 20 126849
1625224813170 20 126899
1625224838282 20 126949
1625224858882 20 126999
1625224881475 20 127049
1625224905989 20 127099
1625224925455 20 127149
1625224949564 20 127199
1625224971020 20 127249
1625224991129 20 127299
1625225017175 20 127349
1625225036438 20 127399
1625225059979 20 127449
1625225082985 20 127499
1625225101030 20 127549
1625225124160 20 127599
1625225148162 20 127649
1625225170306 20 127699
1625225190973 20 127749
1625225209081 20 127799
1625225236112 20 127849
1625225259229 20 127899
1625225281586 20 127949
1625225306488 20 127999
1625225331282 20 128049
1625225358555 20 128099
1625225378693 20 128149
1625225404483 20 128199
1625225424450 20 128249
1625225450439 20 128299
1625225475173 20 128349
1625225497588 20 128399
1625225516279 20 128449
1625225537747 20 128499
1625225567352 20 128549
1625225587368 20 128599
1625225617824 20 128649
1625225642411 20 128699
1625225672850 20 128749
1625225691461 20 128799
1625225716491 20 128849
1625225746432 20 128899
1625225765343 20 128949
1625225792109 20 128999
1625225813733 20 129049
1625225838409 20 129099
1625225855466 20 129149
1625225878299 20 129199
1625225899035 20 129249
1625225918268 20 129299
1625225930727 20 129349
1625225942123 20 129399
1625225956139 20 129449
1625225973636 20 129499
1625225992805 20 129549
1625226008378 20 129599
1625226027710 20 129649
1625226043974 20 129699
1625226064318 20 129749
1625226081240 20 129799
1625226099999 20 129849
1625226122571 20 129899
1625226138754 20 129949
1625226161012 20 129999
1625226177898 20 130049
1625226198283 20 130099
1625226217409 20 130149
1625226238520 20 130199
1625226260014 20 130249
1625226278031 20 130299
1625226294209 20 130349
1625226314734 20 130399
1625226332413 20 130449
1625226350761 20 130499
1625226371403 20 130549
1625226394216 20 130599
1625226409437 20 130649
1625226431120 20 130699
1625226448361 20 130749
1625226468528 20 130799
1625226484191 20 130849
1625226503518 20 130899
1625226519829 20 130949
1625226539037 20 130999
1625226551051 20 131049
1625226561925 20 131099
1625226581149 20 131149
1625226602163 20 131199
1625226626833 20 131249
1625226627681 20 131249
1625227106397 20 131249
1625227137630 21 131299
1625227160892 21 131349
1625227179633 21 131399
1625227200086 21 131449
1625227219349 21 131499
1625227244335 21 131549
1625227259919 21 131599
1625227287331 21 131649
1625227311536 21 131699
1625227327561 21 131749
1625227350798 21 131799
1625227367669 21 131849
1625227390530 21 131899
1625227407975 21 131949
1625227431028 21 131999
1625227452815 21 132049
1625227473224 21 132099
1625227494708 21 132149
1625227512858 21 132199
1625227533517 21 132249
1625227552811 21 132299
1625227577976 21 132349
1625227595332 21 132399
1625227619134 21 132449
1625227636399 21 132499
1625227658647 21 132549
1625227685326 21 132599
1625227703541 21 132649
1625227730020 21 132699
1625227747990 21 132749
1625227768852 21 132799
1625227786504 21 132849
1625227811237 21 132899
1625227834541 21 132949
1625227851180 21 132999
1625227874438 21 133049
1625227892812 21 133099
1625227914501 21 133149
1625227932271 21 133199
1625227957004 21 133249
1625227977786 21 133299
1625228001618 21 133349
1625228021818 21 133399
1625228045755 21 133449
1625228065145 21 133499
1625228090676 21 133549
1625228115153 21 133599
1625228130773 21 133649
1625228155641 21 133699
1625228175966 21 133749
1625228201590 21 133799
1625228219124 21 133849
1625228242368 21 133899
1625228266508 21 133949
1625228284738 21 133999
1625228305563 21 134049
1625228324300 21 134099
1625228351248 21 134149
1625228376190 21 134199
1625228400170 21 134249
1625228426320 21 134299
1625228445099 21 134349
1625228469746 21 134399
1625228487202 21 134449
1625228510443 21 134499
1625228528736 21 134549
1625228558240 21 134599
1625228578874 21 134649
1625228599332 21 134699
1625228622907 21 134749
1625228645348 21 134799
1625228670961 21 134849
1625228688288 21 134899
1625228712754 21 134949
1625228734920 21 134999
1625228757718 21 135049
1625228774971 21 135099
1625228801858 21 135149
1625228827718 21 135199
1625228845719 21 135249
1625228870987 21 135299
1625228888123 21 135349
1625228913721 21 135399
1625228936213 21 135449
1625228964814 21 135499
1625228993051 21 135549
1625229007689 21 135599
1625229034587 21 135649
1625229055759 21 135699
1625229074867 21 135749
1625229100601 21 135799
1625229126705 21 135849
1625229147762 21 135899
1625229169923 21 135949
1625229194979 21 135999
1625229215100 21 136049
1625229235200 21 136099
1625229257328 21 136149
1625229282195 21 136199
1625229305830 21 136249
1625229330277 21 136299
1625229360381 21 136349
1625229384181 21 136399
1625229413111 21 136449
1625229433717 21 136499
1625229464131 21 136549
1625229482047 21 136599
1625229504624 21 136649
1625229520215 21 136699
1625229552204 21 136749
1625229581893 21 136799
1625229602536 21 136849
1625229614805 21 136899
1625229626239 21 136949
1625229639698 21 136999
1625229659011 21 137049
1625229681263 21 137099
1625229699600 21 137149
1625229721217 21 137199
1625229738161 21 137249
1625229757612 21 137299
1625229777520 21 137349
1625229795451 21 137399
1625229815751 21 137449
1625229834020 21 137499
1625229834873 21 137499
1625230190942 21 137499
1625230229338 22 137549
1625230251148 22 137599
1625230267620 22 137649
1625230286114 22 137699
1625230305231 22 137749
1625230326790 22 137799
1625230344164 22 137849
1625230366500 22 137899
1625230388609 22 137949
1625230408335 22 137999
1625230433467 22 138049
1625230454325 22 138099
1625230477499 22 138149
1625230493161 22 138199
1625230518912 22 138249
1625230540652 22 138299
1625230559270 22 138349
1625230580098 22 138399
1625230598818 22 138449
1625230623129 22 138499
1625230639731 22 138549
1625230665114 22 138599
1625230679370 22 138649
1625230700983 22 138699
1625230719858 22 138749
1625230741614 22 138799
1625230759368 22 138849
1625230781074 22 138899
1625230803292 22 138949
1625230820492 22 138999
1625230847794 22 139049
1625230864554 22 139099
1625230887347 22 139149
1625230905175 22 139199
1625230933456 22 139249
1625230951374 22 139299
1625230978837 22 139349
1625231000671 22 139399
1625231018984 22 139449
1625231046053 22 139499
1625231063789 22 139549
1625231090562 22 139599
1625231110006 22 139649
1625231134361 22 139699
1625231159766 22 139749
1625231178106 22 139799
1625231202191 22 139849
1625231221949 22 139899
1625231244651 22 139949
1625231264026 22 139999
1625231287455 22 140049
1625231303780 22 140099
1625231335363 22 140149
1625231362885 22 140199
1625231381658 22 140249
1625231411101 22 140299
1625231429057 22 140349
1625231450359 22 140399
1625231471792 22 140449
1625231496022 22 140499
1625231518046 22 140549
1625231533755 22 140599
1625231560694 22 140649
1625231576404 22 140699
1625231600809 22 140749
1625231621544 22 140799
1625231643236 22 140849
1625231664361 22 140899
1625231686174 22 140949
1625231707626 22 140999
1625231725840 22 141049
1625231751789 22 141099
1625231768577 22 141149
1625231799143 22 141199
1625231817816 22 141249
1625231841849 22 141299
1625231865201 22 141349
1625231887302 22 141399
1625231917336 22 141449
1625231936253 22 141499
1625231957141 22 141549
1625231974527 22 141599
1625232003906 22 141649
1625232025006 22 141699
1625232050352 22 141749
1625232071840 22 141799
1625232094582 22 141849
1625232124470 22 141899
1625232145092 22 141949
1625232167506 22 141999
1625232190453 22 142049
1625232215902 22 142099
1625232232951 22 142149
1625232259419 22 142199
1625232281936 22 142249
1625232305066 22 142299
1625232325487 22 142349
1625232347949 22 142399
1625232371317 22 142449
1625232389720 22 142499
1625232416715 22 142549
1625232434851 22 142599
1625232464229 22 142649
1625232493497 22 142699
1625232512064 22 142749
1625232536374 22 142799
1625232555279 22 142849
1625232577661 22 142899
1625232593303 22 142949
1625232616898 22 142999
1625232636646 22 143049
1625232657431 22 143099
1625232676746 22 143149
1625232696868 22 143199
1625232722507 22 143249
1625232738937 22 143299
1625232771970 22 143349
1625232795759 22 143399
1625232822097 22 143449
1625232839572 22 143499
1625232861806 22 143549
1625232877975 22 143599
1625232908690 22 143649
1625232936116 22 143699
1625232954141 22 143749
1625232955407 22 143749
1625233385073 22 143749
1625233415990 23 143799
1625233434469 23 143849
1625233450939 23 143899
1625233470516 23 143949
1625233485506 23 143999
1625233503650 23 144049
1625233518421 23 144099
1625233538217 23 144149
1625233553778 23 144199
1625233572121 23 144249
1625233590236 23 144299
1625233606022 23 144349
1625233623506 23 144399
1625233638918 23 144449
1625233660144 23 144499
1625233674480 23 144549
1625233694204 23 144599
1625233711463 23 144649
1625233728030 23 144699
1625233748119 23 144749
1625233763474 23 144799
1625233782911 23 144849
1625233798433 23 144899
1625233810788 23 144949
1625233821783 23 144999
1625233834555 23 145049
1625233853854 23 145099
1625233874637 23 145149
1625233891346 23 145199
1625233921042 23 145249
1625233937797 23 145299
1625233962047 23 145349
1625233979640 23 145399
1625234003298 23 145449
1625234021150 23 145499
1625234046737 23 145549
1625234066775 23 145599
1625234092066 23 145649
1625234120305 23 145699
1625234136570 23 145749
1625234158589 23 145799
1625234184943 23 145849
1625234206514 23 145899
1625234226733 23 145949
1625234246353 23 145999
1625234268039 23 146049
1625234287412 23 146099
1625234308666 23 146149
1625234325488 23 146199
1625234347509 23 146249
1625234372382 23 146299
1625234395067 23 146349
1625234420008 23 146399
1625234442483 23 146449
1625234469458 23 146499
1625234483219 23 146549
1625234509965 23 146599
1625234539854 23 146649
1625234557380 23 146699
1625234589160 23 146749
1625234607871 23 146799
1625234630068 23 146849
1625234646626 23 146899
1625234669249 23 146949
1625234688334 23 146999
1625234717903 23 147049
1625234744006 23 147099
1625234763139 23 147149
1625234784997 23 147199
1625234809131 23 147249
1625234833528 23 147299
1625234851594 23 147349
1625234875154 23 147399
1625234895974 23 147449
1625234921592 23 147499
1625234939988 23 147549
1625234964096 23 147599
1625234985327 23 147649
1625235003592 23 147699
1625235028647 23 147749
1625235046706 23 147799
1625235072660 23 147849
1625235094374 23 147899
1625235111736 23 147949
1625235135266 23 147999
1625235151113 23 148049
1625235177533 23 148099
1625235198658 23 148149
1625235224474 23 148199
1625235249847 23 148249
1625235269597 23 148299
1625235290681 23 148349
1625235308472 23 148399
1625235330091 23 148449
1625235352423 23 148499
1625235377638 23 148549
1625235400380 23 148599
1625235423645 23 148649
1625235445513 23 148699
1625235468583 23 148749
1625235487735 23 148799
1625235507327 23 148849
1625235529577 23 148899
1625235555200 23 148949
1625235583338 23 148999
1625235606736 23 149049
1625235626695 23 149099
1625235652261 23 149149
1625235672302 23 149199
1625235697655 23 149249
1625235718888 23 149299
1625235744625 23 149349
1625235766378 23 149399
1625235790001 23 149449
1625235820776 23 149499
1625235838183 23 149549
1625235862063 23 149599
1625235882287 23 149649
1625235903495 23 149699
1625235920990 23 149749
1625235947124 23 149799
1625235967586 23 149849
1625235986010 23 149899
1625236009738 23 149949
1625236027887 23 149999
1625236031549 23 149999
1625236530369 23 149999
1625236567017 24 150049
1625236589118 24 150099
1625236607205 24 150149
1625236627847 24 150199
1625236647551 24 150249
1625236671042 24 150299
1625236686396 24 150349
1625236710323 24 150399
1625236732742 24 150449
1625236754877 24 150499
1625236775931 24 150549
1625236794162 24 150599
1625236816859 24 150649
1625236837109 24 150699
1625236862054 24 150749
1625236877337 24 150799
1625236894040 24 150849
1625236905359 24 150899
1625236916257 24 150949
1625236931113 24 150999
1625236950720 24 151049
1625236966644 24 151099
1625236984169 24 151149
1625237000221 24 151199
1625237017704 24 151249
1625237033976 24 151299
1625237052965 24 151349
1625237072037 24 151399
1625237084881 24 151449
1625237107104 24 151499
1625237122855 24 151549
1625237143578 24 151599
1625237161878 24 151649
1625237181955 24 151699
1625237199259 24 151749
1625237217266 24 151799
1625237237552 24 151849
1625237254005 24 151899
1625237272589 24 151949
1625237286540 24 151999
1625237310353 24 152049
1625237325430 24 152099
1625237347917 24 152149
1625237368881 24 152199
1625237384361 24 152249
1625237407260 24 152299
1625237423328 24 152349
1625237443271 24 152399
1625237458883 24 152449
1625237479811 24 152499
1625237495027 24 152549
1625237510383 24 152599
1625237521687 24 152649
1625237538099 24 152699
1625237559219 24 152749
1625237583199 24 152799
1625237606503 24 152849
1625237628649 24 152899
1625237649061 24 152949
1625237671548 24 152999
1625237693379 24 153049
1625237715754 24 153099
1625237741247 24 153149
1625237767292 24 153199
1625237787375 24 153249
1625237817625 24 153299
1625237834794 24 153349
1625237860902 24 153399
1625237888174 24 153449
1625237912636 24 153499
1625237933308 24 153549
1625237955503 24 153599
1625237972305 24 153649
1625238000279 24 153699
1625238018658 24 153749
1625238038248 24 153799
1625238069314 24 153849
1625238086081 24 153899
1625238116645 24 153949
1625238134665 24 153999
1625238159593 24 154049
1625238179343 24 154099
1625238200693 24 154149
1625238229387 24 154199
1625238245827 24 154249
1625238268263 24 154299
1625238289248 24 154349
1625238315159 24 154399
1625238340744 24 154449
1625238366756 24 154499
1625238388439 24 154549
1625238413074 24 154599
1625238439503 24 154649
1625238456706 24 154699
1625238484275 24 154749
1625238503122 24 154799
1625238532554 24 154849
1625238554025 24 154899
1625238581002 24 154949
1625238605976 24 154999
1625238626845 24 155049
1625238656813 24 155099
1625238676586 24 155149
1625238702682 24 155199
1625238719702 24 155249
1625238742064 24 155299
1625238765961 24 155349
1625238784488 24 155399
1625238806486 24 155449
1625238824957 24 155499
1625238854946 24 155549
1625238870345 24 155599
