1625152657336 0.001 0
1625156184541 0.0009972609476841367 6250
1625159869148 0.0009890738003669028 12500
1625163283388 0.0009755282581475768 18750
1625166601758 0.0009567727288213003 25000
1625169941513 0.0009330127018922195 31250
1625173472473 0.0009045084971874739 37500
1625176891053 0.0008715724127386972 43750
1625180743163 0.0008345653031794292 50000
1625184667978 0.0007938926261462366 56250
1625188377363 0.00075 62500
1625193208763 0.0007033683215379003 68750
1625198223761 0.0006545084971874739 75000
1625201750772 0.0006039558454088797 81250
1625204908595 0.0005522642316338269 87500
1625208117697 0.0005000000000000002 93750
1625211441804 0.0004477357683661734 100000
1625214638551 0.00039604415459112036 106250
1625217792166 0.0003454915028125264 112500
1625220874006 0.00029663167846210003 118750
1625224001784 0.00025000000000000017 125000
1625227106413 0.00020610737385376354 131250
1625230190949 0.00016543469682057108 137500
1625233385105 0.00012842758726130303 143750
1625236530410 9.549150281252637e-05 150000
