1625155554145 19.486465454101562 6249
1625156184302 19.486465454101562 0
1625159235819 16.35420799255371 12499
1625159868574 16.35420799255371 1
1625162768090 15.701728820800781 18749
1625163283056 15.701728820800781 2
1625166051521 15.343086242675781 24999
1625166601634 15.343086242675781 3
1625169366453 15.089273452758789 31249
1625169940436 15.089273452758789 4
1625172868325 14.90007209777832 37499
1625173472400 14.90007209777832 5
1625176393005 14.710952758789062 43749
1625176890962 14.710952758789062 6
1625180225425 14.60669231414795 49999
1625180742921 14.60669231414795 7
1625184019977 14.461236000061035 56249
1625184667841 14.461236000061035 8
1625187778374 14.356256484985352 62499
1625188374817 14.356256484985352 9
1625192374193 14.271612167358398 68749
1625193207873 14.271612167358398 10
1625197389616 14.19881534576416 74999
1625198223193 14.19881534576416 11
1625201149243 14.131077766418457 81249
1625201750724 14.131077766418457 12
1625204417235 14.069404602050781 87499
1625204908527 14.069404602050781 13
1625207726843 14.00997543334961 93749
1625208117113 14.00997543334961 14
1625211040748 13.951322555541992 99999
1625211441498 13.951322555541992 15
1625214143671 13.892998695373535 106249
1625214638348 13.892998695373535 16
1625217270161 13.840617179870605 112499
1625217791750 13.840617179870605 17
1625220380931 13.789705276489258 118749
1625220873785 13.789705276489258 18
1625223497710 13.743474960327148 124999
1625224000753 13.743474960327148 19
1625226627681 13.702239990234375 131249
1625227106383 13.702239990234375 20
1625229834873 13.659736633300781 137499
1625230190935 13.659736633300781 21
1625232955407 13.622446060180664 143749
1625233384848 13.622446060180664 22
1625236031549 13.58533000946045 149999
1625236530207 13.58533000946045 23
