1625156184302 17.238895416259766 0
1625159868574 16.20183753967285 1
1625163283056 15.526687622070312 2
1625166601634 15.549555778503418 3
1625169940436 15.246192932128906 4
1625173472400 14.411107063293457 5
1625176890962 15.051643371582031 6
1625180742921 14.58955192565918 7
1625184667841 14.21604061126709 8
1625188374817 14.2849760055542 9
1625193207873 14.046696662902832 10
1625198223193 13.865314483642578 11
1625201750724 14.63306999206543 12
1625204908527 14.084609985351562 13
1625208117113 13.974617004394531 14
1625211441498 14.21076774597168 15
1625214638348 13.901556968688965 16
1625217791750 14.174015045166016 17
1625220873785 13.717717170715332 18
1625224000753 13.79891586303711 19
1625227106383 13.602721214294434 20
1625230190935 13.28282356262207 21
1625233384848 13.390503883361816 22
1625236530207 13.778343200683594 23
