1626654918107 0 49
1626654957307 0 99
1626654994615 0 149
1626655031587 0 199
1626655071311 0 249
1626655110171 0 299
1626655146309 0 349
1626655180571 0 399
1626655218751 0 449
1626655255102 0 499
1626655290387 0 549
1626655325225 0 599
1626655358920 0 649
1626655393877 0 699
1626655425720 0 749
1626655457936 0 799
1626655491731 0 849
1626655524538 0 899
1626655557477 0 949
1626655590308 0 999
1626655624290 0 1049
1626655659259 0 1099
1626655693226 0 1149
1626655726086 0 1199
1626655758220 0 1249
1626655791226 0 1299
1626655825352 0 1349
1626655859750 0 1399
1626655896292 0 1449
1626655933648 0 1499
1626655967640 0 1549
1626656004279 0 1599
1626656040985 0 1649
1626656074075 0 1699
1626656108227 0 1749
1626656141129 0 1799
1626656176328 0 1849
1626656212157 0 1899
1626656248454 0 1949
1626656281412 0 1999
1626656314651 0 2049
1626656351105 0 2099
1626656386284 0 2149
1626656420073 0 2199
1626656455576 0 2249
1626656492274 0 2299
1626656526034 0 2349
1626656562251 0 2399
1626656595756 0 2449
1626656630164 0 2499
1626656661461 0 2549
1626656696607 0 2599
1626656730776 0 2649
1626656765357 0 2699
1626656800781 0 2749
1626656836189 0 2799
1626656871787 0 2849
1626656908467 0 2899
1626656944034 0 2949
1626656979762 0 2999
1626657013776 0 3049
1626657047578 0 3099
1626657065001 0 3124
1626657347021 0 3124
1626657368742 1 3149
1626657401944 1 3199
1626657430851 1 3249
1626657464604 1 3299
1626657499186 1 3349
1626657533426 1 3399
1626657567845 1 3449
1626657601888 1 3499
1626657635729 1 3549
1626657671193 1 3599
1626657707222 1 3649
1626657742848 1 3699
1626657778598 1 3749
1626657812993 1 3799
1626657844451 1 3849
1626657877056 1 3899
1626657908834 1 3949
1626657938294 1 3999
1626657971286 1 4049
1626658005497 1 4099
1626658038419 1 4149
1626658072402 1 4199
1626658105612 1 4249
1626658139418 1 4299
1626658173287 1 4349
1626658205573 1 4399
1626658241025 1 4449
1626658271987 1 4499
1626658307037 1 4549
1626658341831 1 4599
1626658376500 1 4649
1626658410913 1 4699
1626658444870 1 4749
1626658479294 1 4799
1626658511312 1 4849
1626658543827 1 4899
1626658578721 1 4949
1626658614215 1 4999
1626658648527 1 5049
1626658683172 1 5099
1626658718519 1 5149
1626658754699 1 5199
1626658789471 1 5249
1626658823042 1 5299
1626658856868 1 5349
1626658890560 1 5399
1626658926486 1 5449
1626658961557 1 5499
1626658996266 1 5549
1626659030858 1 5599
1626659064680 1 5649
1626659098061 1 5699
1626659132752 1 5749
1626659166709 1 5799
1626659200935 1 5849
1626659236028 1 5899
1626659269472 1 5949
1626659304411 1 5999
1626659337314 1 6049
1626659371121 1 6099
1626659407543 1 6149
1626659441266 1 6199
1626659476942 1 6249
1626659477352 1 6249
1626659763034 1 6249
1626659804770 2 6299
1626659836919 2 6349
1626659869425 2 6399
1626659902092 2 6449
1626659936334 2 6499
1626659967001 2 6549
1626659999393 2 6599
1626660030378 2 6649
1626660063291 2 6699
1626660096422 2 6749
1626660128447 2 6799
1626660162085 2 6849
1626660194800 2 6899
1626660225862 2 6949
1626660259133 2 6999
1626660292141 2 7049
1626660325640 2 7099
1626660359460 2 7149
1626660393747 2 7199
1626660429735 2 7249
1626660466379 2 7299
1626660503488 2 7349
1626660541687 2 7399
1626660576979 2 7449
1626660613183 2 7499
1626660651167 2 7549
1626660688369 2 7599
1626660723655 2 7649
1626660758429 2 7699
1626660793476 2 7749
1626660829253 2 7799
1626660864894 2 7849
1626660901179 2 7899
1626660938952 2 7949
1626660973240 2 7999
1626661007811 2 8049
1626661042176 2 8099
1626661077649 2 8149
1626661113588 2 8199
1626661147653 2 8249
1626661181094 2 8299
1626661217676 2 8349
1626661251057 2 8399
1626661284834 2 8449
1626661320360 2 8499
1626661354249 2 8549
1626661386472 2 8599
1626661421060 2 8649
1626661454341 2 8699
1626661488504 2 8749
1626661522060 2 8799
1626661555254 2 8849
1626661588551 2 8899
1626661622520 2 8949
1626661655631 2 8999
1626661691246 2 9049
1626661722232 2 9099
1626661756431 2 9149
1626661789799 2 9199
1626661823214 2 9249
1626661857385 2 9299
1626661893441 2 9349
1626661910892 2 9374
1626662193449 2 9374
1626662216537 3 9399
1626662249915 3 9449
1626662284682 3 9499
1626662318568 3 9549
1626662351040 3 9599
1626662384931 3 9649
1626662419981 3 9699
1626662454113 3 9749
1626662487487 3 9799
1626662522437 3 9849
1626662554462 3 9899
1626662587876 3 9949
1626662620718 3 9999
1626662655794 3 10049
1626662690857 3 10099
1626662723223 3 10149
1626662758906 3 10199
1626662794976 3 10249
1626662829884 3 10299
1626662864705 3 10349
1626662899150 3 10399
1626662935589 3 10449
1626662970226 3 10499
1626663004365 3 10549
1626663038771 3 10599
1626663074645 3 10649
1626663110905 3 10699
1626663148233 3 10749
1626663185026 3 10799
1626663220621 3 10849
1626663255705 3 10899
1626663290143 3 10949
1626663323041 3 10999
1626663360582 3 11049
1626663397233 3 11099
1626663431893 3 11149
1626663470729 3 11199
1626663507984 3 11249
1626663543862 3 11299
1626663578597 3 11349
1626663612693 3 11399
1626663646794 3 11449
1626663678343 3 11499
1626663713624 3 11549
1626663745559 3 11599
1626663779535 3 11649
1626663815791 3 11699
1626663849639 3 11749
1626663883649 3 11799
1626663916291 3 11849
1626663951151 3 11899
1626663987201 3 11949
1626664022415 3 11999
1626664055909 3 12049
1626664089877 3 12099
1626664124372 3 12149
1626664160146 3 12199
1626664192879 3 12249
1626664225735 3 12299
1626664262322 3 12349
1626664298667 3 12399
1626664332838 3 12449
1626664366024 3 12499
1626664366446 3 12499
1626664646666 3 12499
1626664686676 4 12549
1626664716800 4 12599
1626664750781 4 12649
1626664784438 4 12699
1626664816106 4 12749
1626664849600 4 12799
1626664882944 4 12849
1626664915584 4 12899
1626664947442 4 12949
1626664980111 4 12999
1626665014011 4 13049
1626665047918 4 13099
1626665080548 4 13149
1626665114156 4 13199
1626665147910 4 13249
1626665181161 4 13299
1626665215184 4 13349
1626665249422 4 13399
1626665283099 4 13449
1626665316570 4 13499
1626665348917 4 13549
1626665381798 4 13599
1626665415081 4 13649
1626665448597 4 13699
1626665479921 4 13749
1626665514888 4 13799
1626665549836 4 13849
1626665583425 4 13899
1626665619483 4 13949
1626665653441 4 13999
1626665687845 4 14049
1626665721293 4 14099
1626665754609 4 14149
1626665789016 4 14199
1626665825403 4 14249
1626665859560 4 14299
1626665893224 4 14349
1626665928084 4 14399
1626665963831 4 14449
1626665999205 4 14499
1626666033771 4 14549
1626666066295 4 14599
1626666102896 4 14649
1626666137627 4 14699
1626666173766 4 14749
1626666207831 4 14799
1626666242167 4 14849
1626666277774 4 14899
1626666313051 4 14949
1626666347714 4 14999
1626666383042 4 15049
1626666419749 4 15099
1626666456285 4 15149
1626666494033 4 15199
1626666529434 4 15249
1626666564512 4 15299
1626666597890 4 15349
1626666631769 4 15399
1626666665746 4 15449
1626666699248 4 15499
1626666732910 4 15549
1626666767061 4 15599
1626666783926 4 15624
1626667073289 4 15624
1626667093054 5 15649
1626667124710 5 15699
1626667158538 5 15749
1626667191705 5 15799
1626667226815 5 15849
1626667262195 5 15899
1626667294000 5 15949
1626667328582 5 15999
1626667363169 5 16049
1626667397574 5 16099
1626667431531 5 16149
1626667462167 5 16199
1626667495767 5 16249
1626667527559 5 16299
1626667561735 5 16349
1626667595508 5 16399
1626667628969 5 16449
1626667662530 5 16499
1626667695353 5 16549
1626667728018 5 16599
1626667763178 5 16649
1626667797017 5 16699
1626667833057 5 16749
1626667866023 5 16799
1626667898041 5 16849
1626667933587 5 16899
1626667967219 5 16949
1626668002065 5 16999
1626668035314 5 17049
1626668068730 5 17099
1626668105699 5 17149
1626668143009 5 17199
1626668178930 5 17249
1626668212156 5 17299
1626668246627 5 17349
1626668280923 5 17399
1626668314204 5 17449
1626668346997 5 17499
1626668382556 5 17549
1626668419664 5 17599
1626668453583 5 17649
1626668486679 5 17699
1626668519676 5 17749
1626668554840 5 17799
1626668587466 5 17849
1626668622399 5 17899
1626668656726 5 17949
1626668691799 5 17999
1626668726204 5 18049
1626668760263 5 18099
1626668793958 5 18149
1626668828271 5 18199
1626668863233 5 18249
1626668897615 5 18299
1626668931535 5 18349
1626668967012 5 18399
1626668998816 5 18449
1626669033389 5 18499
1626669066501 5 18549
1626669100377 5 18599
1626669133372 5 18649
1626669168367 5 18699
1626669201291 5 18749
1626669201708 5 18749
1626669511249 5 18749
1626669553486 6 18799
1626669586970 6 18849
1626669619818 6 18899
1626669654169 6 18949
1626669688884 6 18999
1626669723337 6 19049
1626669755585 6 19099
1626669788295 6 19149
1626669821840 6 19199
1626669855509 6 19249
1626669887605 6 19299
1626669918870 6 19349
1626669951628 6 19399
1626669984990 6 19449
1626670018906 6 19499
1626670053869 6 19549
1626670088280 6 19599
1626670121746 6 19649
1626670155729 6 19699
1626670192390 6 19749
1626670225228 6 19799
1626670260603 6 19849
1626670294537 6 19899
1626670331936 6 19949
1626670365750 6 19999
1626670400154 6 20049
1626670435515 6 20099
1626670471525 6 20149
1626670506836 6 20199
1626670541014 6 20249
1626670575686 6 20299
1626670610340 6 20349
1626670644971 6 20399
1626670679431 6 20449
1626670713600 6 20499
1626670750751 6 20549
1626670785369 6 20599
1626670819736 6 20649
1626670854072 6 20699
1626670891513 6 20749
1626670924981 6 20799
1626670959687 6 20849
1626670997103 6 20899
1626671030809 6 20949
1626671065379 6 20999
1626671098409 6 21049
1626671131735 6 21099
1626671166037 6 21149
1626671198397 6 21199
1626671231206 6 21249
1626671266340 6 21299
1626671299811 6 21349
1626671332925 6 21399
1626671367800 6 21449
1626671404136 6 21499
1626671438615 6 21549
1626671471558 6 21599
1626671506542 6 21649
1626671539278 6 21699
1626671572480 6 21749
1626671607075 6 21799
1626671641506 6 21849
1626671658395 6 21874
1626671944132 6 21874
1626671965751 7 21899
1626671993686 7 21949
1626672023396 7 21999
1626672057710 7 22049
1626672090092 7 22099
1626672123666 7 22149
1626672156676 7 22199
1626672192475 7 22249
1626672225691 7 22299
1626672258147 7 22349
1626672293029 7 22399
1626672328754 7 22449
1626672362932 7 22499
1626672396480 7 22549
1626672427428 7 22599
1626672460596 7 22649
1626672491168 7 22699
1626672522250 7 22749
1626672552027 7 22799
1626672583936 7 22849
1626672616773 7 22899
1626672650272 7 22949
1626672683069 7 22999
1626672715073 7 23049
1626672748153 7 23099
1626672780202 7 23149
1626672813708 7 23199
1626672846211 7 23249
1626672880059 7 23299
1626672914071 7 23349
1626672947138 7 23399
1626672981970 7 23449
1626673016538 7 23499
1626673053150 7 23549
1626673086369 7 23599
1626673121146 7 23649
1626673155324 7 23699
1626673188838 7 23749
1626673221256 7 23799
1626673254712 7 23849
1626673286887 7 23899
1626673321873 7 23949
1626673354211 7 23999
1626673387082 7 24049
1626673420146 7 24099
1626673453401 7 24149
1626673486681 7 24199
1626673522067 7 24249
1626673556241 7 24299
1626673590434 7 24349
1626673624430 7 24399
1626673657083 7 24449
1626673690065 7 24499
1626673721167 7 24549
1626673753005 7 24599
1626673786606 7 24649
1626673819838 7 24699
1626673854090 7 24749
1626673886118 7 24799
1626673922173 7 24849
1626673957658 7 24899
1626673991520 7 24949
1626674024624 7 24999
1626674025063 7 24999
1626674309678 7 24999
1626674347046 8 25049
1626674379410 8 25099
1626674409486 8 25149
1626674441818 8 25199
1626674473292 8 25249
1626674501307 8 25299
1626674533392 8 25349
1626674565308 8 25399
1626674596331 8 25449
1626674627930 8 25499
1626674656973 8 25549
1626674688445 8 25599
1626674721478 8 25649
1626674753607 8 25699
1626674784991 8 25749
1626674816010 8 25799
1626674848830 8 25849
1626674880748 8 25899
1626674914651 8 25949
1626674948446 8 25999
1626674983173 8 26049
1626675016308 8 26099
1626675050617 8 26149
1626675085125 8 26199
1626675120108 8 26249
1626675154932 8 26299
1626675189961 8 26349
1626675226314 8 26399
1626675263077 8 26449
1626675300092 8 26499
1626675334894 8 26549
1626675368582 8 26599
1626675401609 8 26649
1626675436547 8 26699
1626675471179 8 26749
1626675506739 8 26799
1626675542097 8 26849
1626675576176 8 26899
1626675609386 8 26949
1626675642117 8 26999
1626675675682 8 27049
1626675712345 8 27099
1626675749048 8 27149
1626675782550 8 27199
1626675815300 8 27249
1626675848812 8 27299
1626675883908 8 27349
1626675915974 8 27399
1626675947597 8 27449
1626675979195 8 27499
1626676011466 8 27549
1626676044797 8 27599
1626676079084 8 27649
1626676110370 8 27699
1626676144720 8 27749
1626676178716 8 27799
1626676212709 8 27849
1626676248118 8 27899
1626676282377 8 27949
1626676314256 8 27999
1626676346518 8 28049
1626676380237 8 28099
1626676397071 8 28124
1626676679873 8 28124
1626676701657 9 28149
1626676733553 9 28199
1626676764377 9 28249
1626676799670 9 28299
1626676834860 9 28349
1626676866672 9 28399
1626676900081 9 28449
1626676931756 9 28499
1626676964113 9 28549
1626676995778 9 28599
1626677026935 9 28649
1626677057880 9 28699
1626677090635 9 28749
1626677125287 9 28799
1626677159276 9 28849
1626677192020 9 28899
1626677224537 9 28949
1626677256972 9 28999
1626677289995 9 29049
1626677320822 9 29099
1626677352901 9 29149
1626677386855 9 29199
1626677419872 9 29249
1626677454657 9 29299
1626677489455 9 29349
1626677519981 9 29399
1626677554135 9 29449
1626677587902 9 29499
1626677622423 9 29549
1626677656012 9 29599
1626677688843 9 29649
1626677721305 9 29699
1626677758317 9 29749
1626677791994 9 29799
1626677826552 9 29849
1626677857083 9 29899
1626677890387 9 29949
1626677927435 9 29999
1626677961694 9 30049
1626677995481 9 30099
1626678030821 9 30149
1626678066147 9 30199
1626678099640 9 30249
1626678135296 9 30299
1626678176638 9 30349
1626678214721 9 30399
1626678248519 9 30449
1626678284903 9 30499
1626678318043 9 30549
1626678350769 9 30599
1626678383368 9 30649
1626678416144 9 30699
1626678449116 9 30749
1626678480253 9 30799
1626678512562 9 30849
1626678546441 9 30899
1626678579104 9 30949
1626678610529 9 30999
1626678641989 9 31049
1626678675694 9 31099
1626678708223 9 31149
1626678744108 9 31199
1626678775508 9 31249
1626678775942 9 31249
1626679065232 9 31249
1626679101815 10 31299
1626679133874 10 31349
1626679165450 10 31399
1626679199076 10 31449
1626679231787 10 31499
1626679263956 10 31549
1626679293761 10 31599
1626679325442 10 31649
1626679353526 10 31699
1626679381528 10 31749
1626679410779 10 31799
1626679442016 10 31849
1626679474123 10 31899
1626679507506 10 31949
1626679539151 10 31999
1626679570411 10 32049
1626679602420 10 32099
1626679631207 10 32149
1626679665618 10 32199
1626679698619 10 32249
1626679731418 10 32299
1626679766553 10 32349
1626679800650 10 32399
1626679834773 10 32449
1626679868415 10 32499
1626679902685 10 32549
1626679934957 10 32599
1626679968253 10 32649
1626679998678 10 32699
1626680032796 10 32749
1626680065934 10 32799
1626680098274 10 32849
1626680132075 10 32899
1626680166986 10 32949
1626680203451 10 32999
1626680238005 10 33049
1626680272237 10 33099
1626680303538 10 33149
1626680336207 10 33199
1626680369361 10 33249
1626680403373 10 33299
1626680436058 10 33349
1626680466605 10 33399
1626680496636 10 33449
1626680531790 10 33499
1626680563885 10 33549
1626680597488 10 33599
1626680631848 10 33649
1626680666779 10 33699
1626680702064 10 33749
1626680735384 10 33799
1626680767346 10 33849
1626680803231 10 33899
1626680837012 10 33949
1626680867306 10 33999
1626680900897 10 34049
1626680936033 10 34099
1626680968017 10 34149
1626681003769 10 34199
1626681040768 10 34249
1626681074042 10 34299
1626681107597 10 34349
1626681124373 10 34374
1626681421344 10 34374
1626681441564 11 34399
1626681469946 11 34449
1626681501523 11 34499
1626681534214 11 34549
1626681568409 11 34599
1626681600780 11 34649
1626681633685 11 34699
1626681661743 11 34749
1626681694035 11 34799
1626681726380 11 34849
1626681758517 11 34899
1626681791832 11 34949
1626681825327 11 34999
1626681859390 11 35049
1626681890822 11 35099
1626681924693 11 35149
1626681958560 11 35199
1626681989668 11 35249
1626682020480 11 35299
1626682052995 11 35349
1626682088518 11 35399
1626682120537 11 35449
1626682153702 11 35499
1626682187192 11 35549
1626682220561 11 35599
1626682255914 11 35649
1626682289555 11 35699
1626682323751 11 35749
1626682360450 11 35799
1626682395603 11 35849
1626682429533 11 35899
1626682461093 11 35949
1626682493004 11 35999
1626682526566 11 36049
1626682560446 11 36099
1626682595129 11 36149
1626682626000 11 36199
1626682655931 11 36249
1626682688206 11 36299
1626682721276 11 36349
1626682754662 11 36399
1626682787625 11 36449
1626682819720 11 36499
1626682853083 11 36549
1626682888439 11 36599
1626682921905 11 36649
1626682954220 11 36699
1626682986940 11 36749
1626683020891 11 36799
1626683055165 11 36849
1626683089107 11 36899
1626683123347 11 36949
1626683159186 11 36999
1626683193670 11 37049
1626683226599 11 37099
1626683261855 11 37149
1626683296691 11 37199
1626683328930 11 37249
1626683364088 11 37299
1626683397145 11 37349
1626683431389 11 37399
1626683466233 11 37449
1626683498160 11 37499
1626683498629 11 37499
1626683784076 11 37499
1626683825333 12 37549
1626683858075 12 37599
1626683890647 12 37649
1626683926086 12 37699
1626683957388 12 37749
1626683988583 12 37799
1626684020334 12 37849
1626684054373 12 37899
1626684088267 12 37949
1626684124320 12 37999
1626684158225 12 38049
1626684193227 12 38099
1626684226840 12 38149
1626684257398 12 38199
1626684290038 12 38249
1626684325884 12 38299
1626684359173 12 38349
1626684387249 12 38399
1626684418975 12 38449
1626684452842 12 38499
1626684485340 12 38549
1626684518682 12 38599
1626684550676 12 38649
1626684584487 12 38699
1626684618492 12 38749
1626684652470 12 38799
1626684685331 12 38849
1626684718548 12 38899
1626684751832 12 38949
1626684785223 12 38999
1626684818432 12 39049
1626684851888 12 39099
1626684884760 12 39149
1626684916058 12 39199
1626684951066 12 39249
1626684983518 12 39299
1626685016873 12 39349
1626685047987 12 39399
1626685081075 12 39449
1626685114615 12 39499
1626685148480 12 39549
1626685182983 12 39599
1626685215919 12 39649
1626685251036 12 39699
1626685285060 12 39749
1626685316386 12 39799
1626685350276 12 39849
1626685382393 12 39899
1626685419434 12 39949
1626685450821 12 39999
1626685486728 12 40049
1626685518162 12 40099
1626685552422 12 40149
1626685585382 12 40199
1626685617493 12 40249
1626685647698 12 40299
1626685682259 12 40349
1626685715164 12 40399
1626685749161 12 40449
1626685785557 12 40499
1626685819319 12 40549
1626685849544 12 40599
1626685866364 12 40624
1626686152827 12 40624
1626686176212 13 40649
1626686208801 13 40699
1626686239690 13 40749
1626686272199 13 40799
1626686304485 13 40849
1626686336588 13 40899
1626686368748 13 40949
1626686402407 13 40999
1626686434291 13 41049
1626686466528 13 41099
1626686499552 13 41149
1626686532068 13 41199
1626686566152 13 41249
1626686595819 13 41299
1626686627813 13 41349
1626686660032 13 41399
1626686695765 13 41449
1626686728388 13 41499
1626686762475 13 41549
1626686795722 13 41599
1626686827634 13 41649
1626686863178 13 41699
1626686896868 13 41749
1626686929652 13 41799
1626686963143 13 41849
1626686995487 13 41899
1626687029275 13 41949
1626687062660 13 41999
1626687097861 13 42049
1626687133949 13 42099
1626687168388 13 42149
1626687203886 13 42199
1626687240888 13 42249
1626687278477 13 42299
1626687313535 13 42349
1626687348699 13 42399
1626687383068 13 42449
1626687418178 13 42499
1626687451239 13 42549
1626687485679 13 42599
1626687521221 13 42649
1626687554415 13 42699
1626687584203 13 42749
1626687615929 13 42799
1626687649902 13 42849
1626687682241 13 42899
1626687713739 13 42949
1626687746903 13 42999
1626687779349 13 43049
1626687812730 13 43099
1626687845398 13 43149
1626687878653 13 43199
1626687912018 13 43249
1626687943004 13 43299
1626687975288 13 43349
1626688009654 13 43399
1626688044070 13 43449
1626688077487 13 43499
1626688111513 13 43549
1626688144565 13 43599
1626688178077 13 43649
1626688211462 13 43699
1626688241886 13 43749
1626688242309 13 43749
1626688525013 13 43749
1626688564571 14 43799
1626688592612 14 43849
1626688625992 14 43899
1626688657930 14 43949
1626688691657 14 43999
1626688724824 14 44049
1626688757905 14 44099
1626688791462 14 44149
1626688825783 14 44199
1626688856207 14 44249
1626688884187 14 44299
1626688915915 14 44349
1626688947763 14 44399
1626688978188 14 44449
1626689008181 14 44499
1626689037591 14 44549
1626689070694 14 44599
1626689101487 14 44649
1626689135085 14 44699
1626689167139 14 44749
1626689201992 14 44799
1626689234355 14 44849
1626689270315 14 44899
1626689304013 14 44949
1626689339293 14 44999
1626689373748 14 45049
1626689407239 14 45099
1626689439047 14 45149
1626689470175 14 45199
1626689502034 14 45249
1626689535148 14 45299
1626689569760 14 45349
1626689602302 14 45399
1626689634510 14 45449
1626689669368 14 45499
1626689702971 14 45549
1626689738309 14 45599
1626689771502 14 45649
1626689803561 14 45699
1626689838387 14 45749
1626689871414 14 45799
1626689907570 14 45849
1626689942836 14 45899
1626689973471 14 45949
1626690006578 14 45999
1626690043823 14 46049
1626690077196 14 46099
1626690108437 14 46149
1626690141601 14 46199
1626690175069 14 46249
1626690208729 14 46299
1626690243374 14 46349
1626690276744 14 46399
1626690310909 14 46449
1626690344047 14 46499
1626690376537 14 46549
1626690413765 14 46599
1626690447531 14 46649
1626690477883 14 46699
1626690511080 14 46749
1626690546073 14 46799
1626690576658 14 46849
1626690593482 14 46874
1626690875979 14 46874
1626690896669 15 46899
1626690924685 15 46949
1626690952823 15 46999
1626690980758 15 47049
1626691008746 15 47099
1626691036734 15 47149
1626691066613 15 47199
1626691098082 15 47249
1626691128623 15 47299
1626691156735 15 47349
1626691189597 15 47399
1626691223723 15 47449
1626691254671 15 47499
1626691287307 15 47549
1626691320802 15 47599
1626691355585 15 47649
1626691386774 15 47699
1626691414984 15 47749
1626691445108 15 47799
1626691478103 15 47849
1626691510900 15 47899
1626691543124 15 47949
1626691571281 15 47999
1626691604426 15 48049
1626691639463 15 48099
1626691673503 15 48149
1626691709115 15 48199
1626691741605 15 48249
1626691774155 15 48299
1626691808063 15 48349
1626691841211 15 48399
1626691874867 15 48449
1626691908091 15 48499
1626691940715 15 48549
1626691973625 15 48599
1626692007734 15 48649
1626692040169 15 48699
1626692074974 15 48749
1626692107413 15 48799
1626692137197 15 48849
1626692172484 15 48899
1626692205623 15 48949
1626692240743 15 48999
1626692274585 15 49049
1626692307548 15 49099
1626692340512 15 49149
1626692371033 15 49199
1626692403019 15 49249
1626692433955 15 49299
1626692468087 15 49349
1626692502712 15 49399
1626692534626 15 49449
1626692567671 15 49499
1626692600248 15 49549
1626692632331 15 49599
1626692665682 15 49649
1626692699140 15 49699
1626692733894 15 49749
1626692767672 15 49799
1626692801027 15 49849
1626692836019 15 49899
1626692867875 15 49949
1626692898215 15 49999
1626692898803 15 49999
1626693191300 15 49999
1626693231868 16 50049
1626693264211 16 50099
1626693298321 16 50149
1626693331126 16 50199
1626693366516 16 50249
1626693399409 16 50299
1626693431339 16 50349
1626693463452 16 50399
1626693495867 16 50449
1626693529043 16 50499
1626693560960 16 50549
1626693595913 16 50599
1626693630864 16 50649
1626693663325 16 50699
1626693697199 16 50749
1626693729876 16 50799
1626693763946 16 50849
1626693799096 16 50899
1626693832631 16 50949
1626693866054 16 50999
1626693900637 16 51049
1626693932078 16 51099
1626693964373 16 51149
1626693996050 16 51199
1626694029828 16 51249
1626694064423 16 51299
1626694097462 16 51349
1626694132572 16 51399
1626694166600 16 51449
1626694200905 16 51499
1626694232922 16 51549
1626694268227 16 51599
1626694305045 16 51649
1626694340462 16 51699
1626694374012 16 51749
1626694411099 16 51799
1626694445991 16 51849
1626694480851 16 51899
1626694515709 16 51949
1626694548567 16 51999
1626694583853 16 52049
1626694616908 16 52099
1626694651083 16 52149
1626694685813 16 52199
1626694718574 16 52249
1626694754367 16 52299
1626694788969 16 52349
1626694824380 16 52399
1626694857201 16 52449
1626694893289 16 52499
1626694926185 16 52549
1626694959060 16 52599
1626694993780 16 52649
1626695027519 16 52699
1626695060656 16 52749
1626695093621 16 52799
1626695126724 16 52849
1626695159029 16 52899
1626695193344 16 52949
1626695228004 16 52999
1626695261895 16 53049
1626695294475 16 53099
1626695311339 16 53124
1626695595242 16 53124
1626695618954 17 53149
1626695652864 17 53199
1626695685247 17 53249
1626695716889 17 53299
1626695750380 17 53349
1626695785651 17 53399
1626695818566 17 53449
1626695849931 17 53499
1626695883487 17 53549
1626695916962 17 53599
1626695950287 17 53649
1626695982536 17 53699
1626696013306 17 53749
1626696044950 17 53799
1626696078288 17 53849
1626696111021 17 53899
1626696143939 17 53949
1626696177263 17 53999
1626696214451 17 54049
1626696247943 17 54099
1626696282013 17 54149
1626696314402 17 54199
1626696349016 17 54249
1626696384594 17 54299
1626696421071 17 54349
1626696457712 17 54399
1626696492461 17 54449
1626696526632 17 54499
1626696561354 17 54549
1626696594504 17 54599
1626696628822 17 54649
1626696661791 17 54699
1626696695131 17 54749
1626696729899 17 54799
1626696764252 17 54849
1626696798888 17 54899
1626696833410 17 54949
1626696867871 17 54999
1626696900953 17 55049
1626696935010 17 55099
1626696971358 17 55149
1626697009518 17 55199
1626697042451 17 55249
1626697074731 17 55299
1626697110851 17 55349
1626697145946 17 55399
1626697182708 17 55449
1626697216555 17 55499
1626697248508 17 55549
1626697283567 17 55599
1626697315109 17 55649
1626697348863 17 55699
1626697385023 17 55749
1626697421540 17 55799
1626697456083 17 55849
1626697489727 17 55899
1626697524448 17 55949
1626697561541 17 55999
1626697595464 17 56049
1626697629292 17 56099
1626697660688 17 56149
1626697694548 17 56199
1626697725072 17 56249
1626697725494 17 56249
1626698008726 17 56249
1626698047548 18 56299
1626698075626 18 56349
1626698106367 18 56399
1626698140309 18 56449
1626698172585 18 56499
1626698206043 18 56549
1626698236923 18 56599
1626698265641 18 56649
1626698297704 18 56699
1626698332068 18 56749
1626698363791 18 56799
1626698395641 18 56849
1626698429560 18 56899
1626698462833 18 56949
1626698496598 18 56999
1626698527114 18 57049
1626698558160 18 57099
1626698591207 18 57149
1626698624415 18 57199
1626698658400 18 57249
1626698692807 18 57299
1626698726585 18 57349
1626698759581 18 57399
1626698791747 18 57449
1626698826863 18 57499
1626698861149 18 57549
1626698894113 18 57599
1626698928681 18 57649
1626698963828 18 57699
1626698999516 18 57749
1626699035015 18 57799
1626699068508 18 57849
1626699100902 18 57899
1626699136074 18 57949
1626699171166 18 57999
1626699206151 18 58049
1626699240220 18 58099
1626699275463 18 58149
1626699311753 18 58199
1626699346761 18 58249
1626699380925 18 58299
1626699415360 18 58349
1626699449604 18 58399
1626699483607 18 58449
1626699518487 18 58499
1626699553108 18 58549
1626699585902 18 58599
1626699620679 18 58649
1626699654251 18 58699
1626699687674 18 58749
1626699719722 18 58799
1626699751570 18 58849
1626699786325 18 58899
1626699818352 18 58949
1626699852684 18 58999
1626699886156 18 59049
1626699919170 18 59099
1626699950910 18 59149
1626699984210 18 59199
1626700018219 18 59249
1626700049515 18 59299
1626700081977 18 59349
1626700099089 18 59374
1626700379146 18 59374
1626700400609 19 59399
1626700433939 19 59449
1626700467459 19 59499
1626700500488 19 59549
1626700535404 19 59599
1626700567867 19 59649
1626700601517 19 59699
1626700634527 19 59749
1626700664890 19 59799
1626700697028 19 59849
1626700730175 19 59899
1626700763520 19 59949
1626700796385 19 59999
1626700830250 19 60049
1626700863219 19 60099
1626700896109 19 60149
1626700929133 19 60199
1626700964116 19 60249
1626700994332 19 60299
1626701026837 19 60349
1626701061412 19 60399
1626701095426 19 60449
1626701127739 19 60499
1626701161522 19 60549
1626701194168 19 60599
1626701227933 19 60649
1626701260207 19 60699
1626701295044 19 60749
1626701330140 19 60799
1626701367147 19 60849
1626701403232 19 60899
1626701436432 19 60949
1626701470460 19 60999
1626701504544 19 61049
1626701540229 19 61099
1626701575841 19 61149
1626701608877 19 61199
1626701643714 19 61249
1626701678132 19 61299
1626701714467 19 61349
1626701748971 19 61399
1626701783648 19 61449
1626701819656 19 61499
1626701854074 19 61549
1626701889175 19 61599
1626701923252 19 61649
1626701958658 19 61699
1626701992484 19 61749
1626702026890 19 61799
1626702061628 19 61849
1626702095725 19 61899
1626702128479 19 61949
1626702161439 19 61999
1626702197936 19 62049
1626702232893 19 62099
1626702267881 19 62149
1626702300731 19 62199
1626702334713 19 62249
1626702370453 19 62299
1626702403786 19 62349
1626702440160 19 62399
1626702473070 19 62449
1626702503506 19 62499
1626702503926 19 62499
1626702794619 19 62499
1626702836308 20 62549
1626702869318 20 62599
1626702901339 20 62649
1626702932032 20 62699
1626702963783 20 62749
1626702996017 20 62799
1626703027406 20 62849
1626703059081 20 62899
1626703090182 20 62949
1626703122819 20 62999
1626703156278 20 63049
1626703189154 20 63099
1626703219464 20 63149
1626703253637 20 63199
1626703287026 20 63249
1626703319446 20 63299
1626703353942 20 63349
1626703387250 20 63399
1626703421377 20 63449
1626703452075 20 63499
1626703483871 20 63549
1626703519148 20 63599
1626703551410 20 63649
1626703585111 20 63699
1626703618560 20 63749
1626703650927 20 63799
1626703685455 20 63849
1626703718659 20 63899
1626703755560 20 63949
1626703789106 20 63999
1626703823495 20 64049
1626703857880 20 64099
1626703894505 20 64149
1626703930627 20 64199
1626703963803 20 64249
1626703998490 20 64299
1626704031659 20 64349
1626704067190 20 64399
1626704103743 20 64449
1626704138043 20 64499
1626704172053 20 64549
1626704206229 20 64599
1626704238204 20 64649
1626704272983 20 64699
1626704306454 20 64749
1626704338586 20 64799
1626704374361 20 64849
1626704408353 20 64899
1626704442625 20 64949
1626704477363 20 64999
1626704512573 20 65049
1626704547386 20 65099
1626704581146 20 65149
1626704617600 20 65199
1626704652419 20 65249
1626704687244 20 65299
1626704722764 20 65349
1626704760072 20 65399
1626704795912 20 65449
1626704832425 20 65499
1626704867751 20 65549
1626704898758 20 65599
1626704915651 20 65624
1626705198275 20 65624
1626705221771 21 65649
1626705257490 21 65699
1626705289666 21 65749
1626705324372 21 65799
1626705357596 21 65849
1626705389315 21 65899
1626705422387 21 65949
1626705458364 21 65999
1626705492311 21 66049
1626705526497 21 66099
1626705560664 21 66149
1626705594265 21 66199
1626705628367 21 66249
1626705663903 21 66299
1626705694976 21 66349
1626705727394 21 66399
1626705764117 21 66449
1626705800166 21 66499
1626705831655 21 66549
1626705863866 21 66599
1626705900813 21 66649
1626705936739 21 66699
1626705969883 21 66749
1626706003290 21 66799
1626706037704 21 66849
1626706073418 21 66899
1626706106515 21 66949
1626706145209 21 66999
1626706179726 21 67049
1626706215503 21 67099
1626706248716 21 67149
1626706282095 21 67199
1626706316510 21 67249
1626706350606 21 67299
1626706385178 21 67349
1626706419445 21 67399
1626706455540 21 67449
1626706488405 21 67499
1626706522351 21 67549
1626706558335 21 67599
1626706595556 21 67649
1626706632604 21 67699
1626706666208 21 67749
1626706697460 21 67799
1626706731676 21 67849
1626706766131 21 67899
1626706800054 21 67949
1626706835212 21 67999
1626706870192 21 68049
1626706904906 21 68099
1626706939966 21 68149
1626706974589 21 68199
1626707008076 21 68249
1626707041232 21 68299
1626707074855 21 68349
1626707109069 21 68399
1626707144671 21 68449
1626707179921 21 68499
1626707214413 21 68549
1626707247762 21 68599
1626707280373 21 68649
1626707314572 21 68699
1626707345046 21 68749
1626707345474 21 68749
1626707643346 21 68749
1626707685681 22 68799
1626707718296 22 68849
1626707750433 22 68899
1626707782812 22 68949
1626707814287 22 68999
1626707848751 22 69049
1626707882218 22 69099
1626707915841 22 69149
1626707949360 22 69199
1626707983777 22 69249
1626708015271 22 69299
1626708047813 22 69349
1626708085168 22 69399
1626708118058 22 69449
1626708151227 22 69499
1626708185574 22 69549
1626708220876 22 69599
1626708253687 22 69649
1626708287838 22 69699
1626708322396 22 69749
1626708353538 22 69799
1626708389405 22 69849
1626708422705 22 69899
1626708456106 22 69949
1626708489139 22 69999
1626708523476 22 70049
1626708556359 22 70099
1626708591541 22 70149
1626708626123 22 70199
1626708659431 22 70249
1626708693871 22 70299
1626708727802 22 70349
1626708763804 22 70399
1626708798479 22 70449
1626708832989 22 70499
1626708869837 22 70549
1626708906053 22 70599
1626708938848 22 70649
1626708971257 22 70699
1626709005142 22 70749
1626709040880 22 70799
1626709073349 22 70849
1626709104530 22 70899
1626709136125 22 70949
1626709171629 22 70999
1626709207005 22 71049
1626709238944 22 71099
1626709272839 22 71149
1626709308474 22 71199
1626709341695 22 71249
1626709375650 22 71299
1626709407570 22 71349
1626709440404 22 71399
1626709475554 22 71449
1626709509800 22 71499
1626709541536 22 71549
1626709573829 22 71599
1626709608810 22 71649
1626709642293 22 71699
1626709676184 22 71749
1626709709475 22 71799
1626709740738 22 71849
1626709757589 22 71874
1626710038305 22 71874
1626710061140 23 71899
1626710092659 23 71949
1626710123505 23 71999
1626710154896 23 72049
1626710186113 23 72099
1626710216058 23 72149
1626710248146 23 72199
1626710279792 23 72249
1626710311941 23 72299
1626710342796 23 72349
1626710371826 23 72399
1626710399841 23 72449
1626710427776 23 72499
1626710457469 23 72549
1626710490166 23 72599
1626710520895 23 72649
1626710553672 23 72699
1626710586691 23 72749
1626710618293 23 72799
1626710651537 23 72849
1626710682381 23 72899
1626710716878 23 72949
1626710753412 23 72999
1626710786602 23 73049
1626710821745 23 73099
1626710854592 23 73149
1626710886435 23 73199
1626710919864 23 73249
1626710953041 23 73299
1626710987635 23 73349
1626711022598 23 73399
1626711056356 23 73449
1626711090803 23 73499
1626711126260 23 73549
1626711160609 23 73599
1626711193576 23 73649
1626711227148 23 73699
1626711262219 23 73749
1626711295597 23 73799
1626711329614 23 73849
1626711363034 23 73899
1626711395776 23 73949
1626711430471 23 73999
1626711466425 23 74049
1626711501452 23 74099
1626711534784 23 74149
1626711567603 23 74199
1626711600318 23 74249
1626711632978 23 74299
1626711665922 23 74349
1626711698690 23 74399
1626711732514 23 74449
1626711765737 23 74499
1626711800523 23 74549
1626711831579 23 74599
1626711864926 23 74649
1626711897305 23 74699
1626711929157 23 74749
1626711962741 23 74799
1626711998764 23 74849
1626712031478 23 74899
1626712064554 23 74949
1626712095335 23 74999
1626712095753 23 74999
1626712379350 23 74999
1626712418641 24 75049
1626712452531 24 75099
1626712484511 24 75149
1626712515526 24 75199
1626712549645 24 75249
1626712580665 24 75299
1626712613708 24 75349
1626712642671 24 75399
1626712675289 24 75449
1626712705537 24 75499
1626712736886 24 75549
1626712767701 24 75599
1626712797331 24 75649
1626712831451 24 75699
1626712862091 24 75749
1626712894633 24 75799
1626712923884 24 75849
1626712952152 24 75899
1626712981088 24 75949
1626713012666 24 75999
1626713043853 24 76049
1626713077575 24 76099
1626713109392 24 76149
1626713142832 24 76199
1626713177364 24 76249
1626713210662 24 76299
1626713243152 24 76349
1626713278063 24 76399
1626713313559 24 76449
1626713348550 24 76499
1626713382168 24 76549
1626713417838 24 76599
1626713452868 24 76649
1626713486561 24 76699
1626713519616 24 76749
1626713553227 24 76799
1626713590400 24 76849
1626713623865 24 76899
1626713658690 24 76949
1626713693826 24 76999
1626713728175 24 77049
1626713762065 24 77099
1626713793525 24 77149
1626713828857 24 77199
1626713860682 24 77249
1626713894892 24 77299
1626713926871 24 77349
1626713959912 24 77399
1626713993003 24 77449
1626714025216 24 77499
1626714059494 24 77549
1626714092117 24 77599
1626714127115 24 77649
1626714160970 24 77699
1626714190732 24 77749
1626714224832 24 77799
1626714261211 24 77849
1626714295501 24 77899
1626714328968 24 77949
1626714364599 24 77999
1626714400019 24 78049
1626714430797 24 78099
1626714447659 24 78124
1626714737360 24 78124
1626714759952 25 78149
1626714791996 25 78199
1626714822419 25 78249
1626714850406 25 78299
1626714878390 25 78349
1626714907774 25 78399
1626714944773 25 78449
1626714975950 25 78499
1626715006603 25 78549
1626715038587 25 78599
1626715071057 25 78649
1626715101501 25 78699
1626715137142 25 78749
1626715168528 25 78799
1626715205128 25 78849
1626715237159 25 78899
1626715269000 25 78949
1626715300412 25 78999
1626715333381 25 79049
1626715367958 25 79099
1626715402522 25 79149
1626715435010 25 79199
1626715469262 25 79249
1626715502141 25 79299
1626715532792 25 79349
1626715568193 25 79399
1626715601370 25 79449
1626715636175 25 79499
1626715671958 25 79549
1626715705502 25 79599
1626715738999 25 79649
1626715767345 25 79699
1626715800105 25 79749
1626715834293 25 79799
1626715866611 25 79849
1626715901479 25 79899
1626715935270 25 79949
1626715969978 25 79999
1626716004141 25 80049
1626716036081 25 80099
1626716068344 25 80149
1626716100263 25 80199
1626716134100 25 80249
1626716164979 25 80299
1626716194932 25 80349
1626716225858 25 80399
1626716254043 25 80449
1626716283491 25 80499
1626716318079 25 80549
1626716351901 25 80599
1626716385866 25 80649
1626716417835 25 80699
1626716453332 25 80749
1626716484519 25 80799
1626716521447 25 80849
1626716555314 25 80899
1626716587087 25 80949
1626716619922 25 80999
1626716651778 25 81049
1626716686449 25 81099
1626716719973 25 81149
1626716752647 25 81199
1626716783094 25 81249
1626716783526 25 81249
1626717060954 25 81249
1626717099873 26 81299
1626717129589 26 81349
1626717162591 26 81399
1626717194663 26 81449
1626717229714 26 81499
1626717262072 26 81549
1626717293823 26 81599
1626717327305 26 81649
1626717359454 26 81699
1626717392394 26 81749
1626717424821 26 81799
1626717457529 26 81849
1626717490063 26 81899
1626717523459 26 81949
1626717556148 26 81999
1626717588078 26 82049
1626717618037 26 82099
1626717646261 26 82149
1626717674407 26 82199
1626717702511 26 82249
1626717730603 26 82299
1626717758952 26 82349
1626717792239 26 82399
1626717822556 26 82449
1626717855160 26 82499
1626717889339 26 82549
1626717920952 26 82599
1626717955060 26 82649
1626717986868 26 82699
1626718014978 26 82749
1626718046031 26 82799
1626718081027 26 82849
1626718111094 26 82899
1626718139152 26 82949
1626718172492 26 82999
1626718204502 26 83049
1626718235285 26 83099
1626718266427 26 83149
1626718301645 26 83199
1626718335648 26 83249
1626718367521 26 83299
1626718399491 26 83349
1626718428256 26 83399
1626718461514 26 83449
1626718494061 26 83499
1626718524311 26 83549
1626718558300 26 83599
1626718591749 26 83649
1626718622557 26 83699
1626718650655 26 83749
1626718680435 26 83799
1626718715865 26 83849
1626718748511 26 83899
1626718782520 26 83949
1626718816545 26 83999
1626718846054 26 84049
1626718878379 26 84099
1626718912378 26 84149
1626718944825 26 84199
1626718977712 26 84249
1626719012509 26 84299
1626719041836 26 84349
1626719058617 26 84374
1626719329254 26 84374
1626719351805 27 84399
1626719382695 27 84449
1626719415248 27 84499
1626719446833 27 84549
1626719478194 27 84599
1626719510269 27 84649
1626719538266 27 84699
1626719566317 27 84749
1626719594323 27 84799
1626719622315 27 84849
1626719650355 27 84899
1626719678363 27 84949
1626719706308 27 84999
1626719734352 27 85049
1626719762420 27 85099
1626719791210 27 85149
1626719819183 27 85199
1626719847515 27 85249
1626719880095 27 85299
1626719914911 27 85349
1626719947943 27 85399
1626719979320 27 85449
1626720008666 27 85499
1626720040216 27 85549
1626720070999 27 85599
1626720103189 27 85649
1626720136737 27 85699
1626720170868 27 85749
1626720203417 27 85799
1626720236181 27 85849
1626720270833 27 85899
1626720302211 27 85949
1626720335225 27 85999
1626720368536 27 86049
1626720403130 27 86099
1626720437298 27 86149
1626720468580 27 86199
1626720503129 27 86249
1626720535843 27 86299
1626720566978 27 86349
1626720596062 27 86399
1626720629621 27 86449
1626720658666 27 86499
1626720686832 27 86549
1626720719738 27 86599
1626720753321 27 86649
1626720782578 27 86699
1626720811388 27 86749
1626720841075 27 86799
1626720874238 27 86849
1626720907781 27 86899
1626720940280 27 86949
1626720972085 27 86999
1626721004400 27 87049
1626721037320 27 87099
1626721069701 27 87149
1626721100668 27 87199
1626721132570 27 87249
1626721165093 27 87299
1626721198273 27 87349
1626721231284 27 87399
1626721262848 27 87449
1626721293212 27 87499
1626721293820 27 87499
1626721563165 27 87499
1626721601047 28 87549
1626721632909 28 87599
1626721666319 28 87649
1626721696483 28 87699
1626721726737 28 87749
1626721754783 28 87799
1626721782695 28 87849
1626721813602 28 87899
1626721841578 28 87949
1626721869538 28 87999
1626721897553 28 88049
1626721925694 28 88099
1626721953612 28 88149
1626721981602 28 88199
1626722009562 28 88249
1626722037505 28 88299
1626722065620 28 88349
1626722093774 28 88399
1626722121851 28 88449
1626722150025 28 88499
1626722178108 28 88549
1626722206118 28 88599
1626722234156 28 88649
1626722262956 28 88699
1626722295419 28 88749
1626722328419 28 88799
1626722359586 28 88849
1626722392008 28 88899
1626722424453 28 88949
1626722458341 28 88999
1626722489376 28 89049
1626722524138 28 89099
1626722557191 28 89149
1626722590204 28 89199
1626722622063 28 89249
1626722656757 28 89299
1626722688466 28 89349
1626722717487 28 89399
1626722749749 28 89449
1626722779546 28 89499
1626722811623 28 89549
1626722842884 28 89599
1626722876992 28 89649
1626722906758 28 89699
1626722938115 28 89749
1626722969987 28 89799
1626723000655 28 89849
1626723029848 28 89899
1626723061867 28 89949
1626723093273 28 89999
1626723127255 28 90049
1626723158860 28 90099
1626723188129 28 90149
1626723221368 28 90199
1626723254642 28 90249
1626723288575 28 90299
1626723321164 28 90349
1626723352310 28 90399
1626723381685 28 90449
1626723413336 28 90499
1626723446439 28 90549
1626723474715 28 90599
1626723491557 28 90624
1626723758721 28 90624
1626723777996 29 90649
1626723807000 29 90699
1626723835077 29 90749
1626723863641 29 90799
1626723893191 29 90849
1626723921149 29 90899
1626723951877 29 90949
1626723981760 29 90999
1626724013097 29 91049
1626724043305 29 91099
1626724071406 29 91149
1626724099332 29 91199
1626724127440 29 91249
1626724155983 29 91299
1626724184820 29 91349
1626724213408 29 91399
1626724244548 29 91449
1626724275765 29 91499
1626724303892 29 91549
1626724332653 29 91599
1626724365155 29 91649
1626724397755 29 91699
1626724427876 29 91749
1626724460933 29 91799
1626724492389 29 91849
1626724523192 29 91899
1626724553552 29 91949
1626724585794 29 91999
1626724618574 29 92049
1626724649941 29 92099
1626724682936 29 92149
1626724714498 29 92199
1626724746112 29 92249
1626724779275 29 92299
1626724810789 29 92349
1626724839253 29 92399
1626724871288 29 92449
1626724902647 29 92499
1626724933842 29 92549
1626724966674 29 92599
1626724999459 29 92649
1626725030027 29 92699
1626725058148 29 92749
1626725087275 29 92799
1626725119155 29 92849
1626725149974 29 92899
1626725183214 29 92949
1626725216273 29 92999
1626725249521 29 93049
1626725283830 29 93099
1626725316880 29 93149
1626725349321 29 93199
1626725381326 29 93249
1626725414209 29 93299
1626725446194 29 93349
1626725474780 29 93399
1626725504276 29 93449
1626725533658 29 93499
1626725562161 29 93549
1626725591195 29 93599
1626725621242 29 93649
1626725652504 29 93699
1626725682902 29 93749
1626725683323 29 93749
1626725950576 29 93749
