1626654864777 0.001 0
1626657347026 0.0009972609476841367 3125
1626659763039 0.0009890738003669028 6250
1626662193462 0.0009755282581475768 9375
1626664646672 0.0009567727288213003 12500
1626667073296 0.0009330127018922195 15625
1626669511265 0.0009045084971874739 18750
1626671944138 0.0008715724127386972 21875
1626674309684 0.0008345653031794292 25000
1626676679879 0.0007938926261462366 28125
1626679065254 0.00075 31250
1626681421350 0.0007033683215379003 34375
1626683784102 0.0006545084971874739 37500
1626686152832 0.0006039558454088797 40625
1626688525036 0.0005522642316338269 43750
1626690876004 0.0005000000000000002 46875
1626693191317 0.0004477357683661734 50000
1626695595248 0.00039604415459112036 53125
1626698008732 0.0003454915028125264 56250
1626700379152 0.00029663167846210003 59375
1626702794626 0.00025000000000000017 62500
1626705198282 0.00020610737385376354 65625
1626707643353 0.00016543469682057108 68750
1626710038311 0.00012842758726130303 71875
1626712379356 9.549150281252637e-05 75000
1626714737367 6.698729810778068e-05 78125
1626717060960 4.322727117869953e-05 81250
1626719329276 2.447174185242324e-05 84375
1626721563196 1.092619963309716e-05 87500
1626723758769 2.7390523158633003e-06 90625
