1626654918107 30.329059600830078 49
1626654957307 27.913068771362305 99
1626654994615 26.45899200439453 149
1626655031587 26.23257827758789 199
1626655071311 24.919017791748047 249
1626655110171 24.74462890625 299
1626655146309 23.388469696044922 349
1626655180571 22.90273666381836 399
1626655218751 22.394176483154297 449
1626655255102 22.315088272094727 499
1626655290387 21.961515426635742 549
1626655325225 21.186500549316406 599
1626655358920 21.14714813232422 649
1626655393877 21.270832061767578 699
1626655425720 20.421920776367188 749
1626655457936 21.480571746826172 799
1626655491731 20.225740432739258 849
1626655524538 19.98456573486328 899
1626655557477 20.03984260559082 949
1626655590308 20.474464416503906 999
1626655624290 20.270599365234375 1049
1626655659259 19.966873168945312 1099
1626655693226 19.300777435302734 1149
1626655726086 19.672208786010742 1199
1626655758220 19.6149959564209 1249
1626655791226 19.785797119140625 1299
1626655825352 19.69613265991211 1349
1626655859750 19.682071685791016 1399
1626655896292 19.25863265991211 1449
1626655933648 19.337661743164062 1499
1626655967640 19.008161544799805 1549
1626656004279 18.72923469543457 1599
1626656040985 19.30038070678711 1649
1626656074075 19.01425552368164 1699
1626656108227 19.012157440185547 1749
1626656141129 18.820932388305664 1799
1626656176328 19.0714054107666 1849
1626656212157 18.99061393737793 1899
1626656248454 18.018497467041016 1949
1626656281412 18.81243133544922 1999
1626656314651 18.640722274780273 2049
1626656351105 18.322132110595703 2099
1626656386284 18.315349578857422 2149
1626656420073 18.284761428833008 2199
1626656455576 18.106029510498047 2249
1626656492274 17.748260498046875 2299
1626656526034 18.078296661376953 2349
1626656562251 18.184207916259766 2399
1626656595756 17.768531799316406 2449
1626656630164 17.228506088256836 2499
1626656661461 17.796329498291016 2549
1626656696607 17.91781997680664 2599
1626656730776 17.1909122467041 2649
1626656765357 17.30170440673828 2699
1626656800781 17.289356231689453 2749
1626656836189 17.74020004272461 2799
1626656871787 17.320579528808594 2849
1626656908467 16.889942169189453 2899
1626656944034 17.079792022705078 2949
1626656979762 17.235698699951172 2999
1626657013776 17.188241958618164 3049
1626657047578 16.92812728881836 3099
1626657347014 17.378456115722656 0
1626657368742 17.147676467895508 3149
1626657401944 16.913068771362305 3199
1626657430851 16.871477127075195 3249
1626657464604 17.341033935546875 3299
1626657499186 17.099365234375 3349
1626657533426 17.366424560546875 3399
1626657567845 16.888797760009766 3449
1626657601888 16.493024826049805 3499
1626657635729 16.554534912109375 3549
1626657671193 16.479936599731445 3599
1626657707222 16.65018081665039 3649
1626657742848 16.46845245361328 3699
1626657778598 16.693706512451172 3749
1626657812993 16.303211212158203 3799
1626657844451 16.8082275390625 3849
1626657877056 16.50326919555664 3899
1626657908834 16.672195434570312 3949
1626657938294 16.65782356262207 3999
1626657971286 16.514015197753906 4049
1626658005497 16.502525329589844 4099
1626658038419 16.273530960083008 4149
1626658072402 16.59719467163086 4199
1626658105612 16.737470626831055 4249
1626658139418 16.36001205444336 4299
1626658173287 16.494277954101562 4349
1626658205573 16.059772491455078 4399
1626658241025 16.54336929321289 4449
1626658271987 16.107074737548828 4499
1626658307037 16.758764266967773 4549
1626658341831 16.467391967773438 4599
1626658376500 16.162330627441406 4649
1626658410913 16.856477737426758 4699
1626658444870 16.598472595214844 4749
1626658479294 16.294485092163086 4799
1626658511312 16.342891693115234 4849
1626658543827 16.171924591064453 4899
1626658578721 16.10528564453125 4949
1626658614215 16.400646209716797 4999
1626658648527 16.078678131103516 5049
1626658683172 16.074628829956055 5099
1626658718519 16.130067825317383 5149
1626658754699 15.642834663391113 5199
1626658789471 16.113262176513672 5249
1626658823042 16.0305118560791 5299
1626658856868 16.162647247314453 5349
1626658890560 15.969731330871582 5399
1626658926486 15.683185577392578 5449
1626658961557 16.203922271728516 5499
1626658996266 16.74263572692871 5549
1626659030858 16.001794815063477 5599
1626659064680 16.171348571777344 5649
1626659098061 15.670090675354004 5699
1626659132752 16.110719680786133 5749
1626659166709 16.52501106262207 5799
1626659200935 16.045780181884766 5849
1626659236028 15.794291496276855 5899
1626659269472 16.26099395751953 5949
1626659304411 15.828800201416016 5999
1626659337314 16.03142738342285 6049
1626659371121 16.406618118286133 6099
1626659407543 15.847184181213379 6149
1626659441266 15.74409294128418 6199
1626659476942 15.897132873535156 6249
1626659763027 15.897132873535156 1
1626659804770 15.692453384399414 6299
1626659836919 15.758522987365723 6349
1626659869425 15.723660469055176 6399
1626659902092 15.667582511901855 6449
1626659936334 15.505064010620117 6499
1626659967001 16.04826545715332 6549
1626659999393 15.365623474121094 6599
1626660030378 16.53844451904297 6649
1626660063291 16.143301010131836 6699
1626660096422 15.7667875289917 6749
1626660128447 15.590837478637695 6799
1626660162085 15.616374969482422 6849
1626660194800 15.58056354522705 6899
1626660225862 15.53955078125 6949
1626660259133 15.669057846069336 6999
1626660292141 15.655139923095703 7049
1626660325640 15.437524795532227 7099
1626660359460 16.08669662475586 7149
1626660393747 15.529275894165039 7199
1626660429735 15.791923522949219 7249
1626660466379 15.53980827331543 7299
1626660503488 15.884815216064453 7349
1626660541687 15.81181526184082 7399
1626660576979 15.816784858703613 7449
1626660613183 15.98171329498291 7499
1626660651167 15.623970985412598 7549
1626660688369 15.919654846191406 7599
1626660723655 15.632417678833008 7649
1626660758429 15.815021514892578 7699
1626660793476 15.834562301635742 7749
1626660829253 15.712583541870117 7799
1626660864894 15.212997436523438 7849
1626660901179 15.616339683532715 7899
1626660938952 15.38547134399414 7949
1626660973240 15.212090492248535 7999
1626661007811 15.694122314453125 8049
1626661042176 15.466262817382812 8099
1626661077649 15.637237548828125 8149
1626661113588 15.49258041381836 8199
1626661147653 15.340142250061035 8249
1626661181094 15.451065063476562 8299
1626661217676 15.49377727508545 8349
1626661251057 15.654943466186523 8399
1626661284834 14.935182571411133 8449
1626661320360 15.210746765136719 8499
1626661354249 15.151312828063965 8549
1626661386472 15.28869915008545 8599
1626661421060 15.426637649536133 8649
1626661454341 15.329660415649414 8699
1626661488504 18.05148696899414 8749
1626661522060 16.212749481201172 8799
1626661555254 16.021780014038086 8849
1626661588551 15.556379318237305 8899
1626661622520 15.985311508178711 8949
1626661655631 15.542573928833008 8999
1626661691246 15.705242156982422 9049
1626661722232 15.309856414794922 9099
1626661756431 15.988248825073242 9149
1626661789799 15.000309944152832 9199
1626661823214 15.093666076660156 9249
1626661857385 15.787101745605469 9299
1626661893441 15.62242317199707 9349
1626662193426 15.588431358337402 2
1626662216537 15.16260051727295 9399
1626662249915 15.573141098022461 9449
1626662284682 15.539240837097168 9499
1626662318568 14.932960510253906 9549
1626662351040 15.790962219238281 9599
1626662384931 15.528550148010254 9649
1626662419981 15.226234436035156 9699
1626662454113 15.899221420288086 9749
1626662487487 16.20864486694336 9799
1626662522437 15.447505950927734 9849
1626662554462 15.078117370605469 9899
1626662587876 14.996309280395508 9949
1626662620718 15.184825897216797 9999
1626662655794 15.347980499267578 10049
1626662690857 15.05462646484375 10099
1626662723223 15.532209396362305 10149
1626662758906 15.270570755004883 10199
1626662794976 14.754892349243164 10249
1626662829884 15.393672943115234 10299
1626662864705 15.191793441772461 10349
1626662899150 15.257491111755371 10399
1626662935589 15.470575332641602 10449
1626662970226 15.079730987548828 10499
1626663004365 15.498316764831543 10549
1626663038771 15.211525917053223 10599
1626663074645 15.49746322631836 10649
1626663110905 15.438591003417969 10699
1626663148233 15.464361190795898 10749
1626663185026 15.546754837036133 10799
1626663220621 15.253178596496582 10849
1626663255705 15.270515441894531 10899
1626663290143 15.027405738830566 10949
1626663323041 15.418140411376953 10999
1626663360582 15.046993255615234 11049
1626663397233 15.344581604003906 11099
1626663431893 15.046930313110352 11149
1626663470729 15.284449577331543 11199
1626663507984 15.290305137634277 11249
1626663543862 15.278358459472656 11299
1626663578597 14.956107139587402 11349
1626663612693 15.134930610656738 11399
1626663646794 15.206531524658203 11449
1626663678343 15.367620468139648 11499
1626663713624 15.35368537902832 11549
1626663745559 15.065582275390625 11599
1626663779535 15.284913063049316 11649
1626663815791 14.690092086791992 11699
1626663849639 15.0341796875 11749
1626663883649 15.077463150024414 11799
1626663916291 16.11212730407715 11849
1626663951151 14.839271545410156 11899
1626663987201 15.047900199890137 11949
1626664022415 14.96163558959961 11999
1626664055909 15.39909553527832 12049
1626664089877 14.930606842041016 12099
1626664124372 14.67232894897461 12149
1626664160146 14.475322723388672 12199
1626664192879 14.889690399169922 12249
1626664225735 15.153752326965332 12299
1626664262322 15.140960693359375 12349
1626664298667 14.91727066040039 12399
1626664332838 14.99868392944336 12449
1626664366024 15.614505767822266 12499
1626664646638 15.614505767822266 3
1626664686676 17.169574737548828 12549
1626664716800 15.253971099853516 12599
1626664750781 15.08788013458252 12649
1626664784438 15.273924827575684 12699
1626664816106 15.665253639221191 12749
1626664849600 15.214887619018555 12799
1626664882944 15.058905601501465 12849
1626664915584 14.90833854675293 12899
1626664947442 15.290304183959961 12949
1626664980111 14.893775939941406 12999
1626665014011 14.655570030212402 13049
1626665047918 15.25046157836914 13099
1626665080548 14.609490394592285 13149
1626665114156 15.100268363952637 13199
1626665147910 15.65974235534668 13249
1626665181161 14.911442756652832 13299
1626665215184 14.987714767456055 13349
1626665249422 15.039207458496094 13399
1626665283099 15.091506004333496 13449
1626665316570 14.929658889770508 13499
1626665348917 15.014009475708008 13549
1626665381798 15.080390930175781 13599
1626665415081 15.523569107055664 13649
1626665448597 14.964730262756348 13699
1626665479921 15.170162200927734 13749
1626665514888 14.596529006958008 13799
1626665549836 14.905516624450684 13849
1626665583425 15.162124633789062 13899
1626665619483 14.659439086914062 13949
1626665653441 15.273730278015137 13999
1626665687845 15.266111373901367 14049
1626665721293 15.147359848022461 14099
1626665754609 14.937752723693848 14149
1626665789016 15.098854064941406 14199
1626665825403 14.873214721679688 14249
1626665859560 15.060165405273438 14299
1626665893224 14.99465560913086 14349
1626665928084 14.590167999267578 14399
1626665963831 15.424066543579102 14449
1626665999205 14.971456527709961 14499
1626666033771 14.691463470458984 14549
1626666066295 15.125425338745117 14599
1626666102896 14.75234317779541 14649
1626666137627 15.16346549987793 14699
1626666173766 14.689377784729004 14749
1626666207831 14.68602180480957 14799
1626666242167 14.459127426147461 14849
1626666277774 14.907241821289062 14899
1626666313051 14.635957717895508 14949
1626666347714 15.49534797668457 14999
1626666383042 14.67658519744873 15049
1626666419749 14.81671142578125 15099
1626666456285 14.619466781616211 15149
1626666494033 14.915488243103027 15199
1626666529434 14.966785430908203 15249
1626666564512 14.945438385009766 15299
1626666597890 14.738018989562988 15349
1626666631769 14.884645462036133 15399
1626666665746 14.595861434936523 15449
1626666699248 15.240259170532227 15499
1626666732910 14.90863037109375 15549
1626666767061 15.25264835357666 15599
1626667073146 14.94569206237793 4
1626667093054 14.677291870117188 15649
1626667124710 14.598649978637695 15699
1626667158538 14.882802963256836 15749
1626667191705 14.623834609985352 15799
1626667226815 14.965703964233398 15849
1626667262195 14.553987503051758 15899
1626667294000 14.45008659362793 15949
1626667328582 14.623263359069824 15999
1626667363169 14.566255569458008 16049
1626667397574 14.722369194030762 16099
1626667431531 14.753495216369629 16149
1626667462167 14.768244743347168 16199
1626667495767 15.207914352416992 16249
1626667527559 15.068902969360352 16299
1626667561735 14.9024658203125 16349
1626667595508 14.811174392700195 16399
1626667628969 15.11206340789795 16449
1626667662530 14.498100280761719 16499
1626667695353 14.155856132507324 16549
1626667728018 14.783782958984375 16599
1626667763178 14.587993621826172 16649
1626667797017 14.955333709716797 16699
1626667833057 14.889443397521973 16749
1626667866023 14.552068710327148 16799
1626667898041 14.693952560424805 16849
1626667933587 14.472480773925781 16899
1626667967219 14.645683288574219 16949
1626668002065 14.570573806762695 16999
1626668035314 14.595563888549805 17049
1626668068730 14.820361137390137 17099
1626668105699 14.974498748779297 17149
1626668143009 14.686542510986328 17199
1626668178930 14.679884910583496 17249
1626668212156 14.441049575805664 17299
1626668246627 14.479982376098633 17349
1626668280923 14.522619247436523 17399
1626668314204 14.324600219726562 17449
1626668346997 14.632902145385742 17499
1626668382556 14.476767539978027 17549
1626668419664 14.8721284866333 17599
1626668453583 14.342247009277344 17649
1626668486679 14.306949615478516 17699
1626668519676 15.204830169677734 17749
1626668554840 14.779914855957031 17799
1626668587466 14.621049880981445 17849
1626668622399 14.301200866699219 17899
1626668656726 14.763145446777344 17949
1626668691799 14.407486915588379 17999
1626668726204 14.40924072265625 18049
1626668760263 14.700576782226562 18099
1626668793958 14.490964889526367 18149
1626668828271 14.46871566772461 18199
1626668863233 14.663496971130371 18249
1626668897615 14.312050819396973 18299
1626668931535 15.088569641113281 18349
1626668967012 14.603891372680664 18399
1626668998816 14.455589294433594 18449
1626669033389 14.561901092529297 18499
1626669066501 14.774835586547852 18549
1626669100377 14.296571731567383 18599
1626669133372 14.542438507080078 18649
1626669168367 14.277792930603027 18699
1626669201291 14.341951370239258 18749
1626669511217 14.341951370239258 5
1626669553486 14.649381637573242 18799
1626669586970 14.408592224121094 18849
1626669619818 14.727860450744629 18899
1626669654169 14.747125625610352 18949
1626669688884 14.403968811035156 18999
1626669723337 14.650093078613281 19049
1626669755585 14.741780281066895 19099
1626669788295 14.46762752532959 19149
1626669821840 14.475174903869629 19199
1626669855509 14.72469711303711 19249
1626669887605 14.435296058654785 19299
1626669918870 14.834772109985352 19349
1626669951628 14.548816680908203 19399
1626669984990 14.353252410888672 19449
1626670018906 14.743403434753418 19499
1626670053869 14.90884017944336 19549
1626670088280 14.205350875854492 19599
1626670121746 14.581954956054688 19649
1626670155729 14.572994232177734 19699
1626670192390 14.299253463745117 19749
1626670225228 14.805825233459473 19799
1626670260603 14.293548583984375 19849
1626670294537 14.4552583694458 19899
1626670331936 14.85185432434082 19949
1626670365750 14.433229446411133 19999
1626670400154 14.404521942138672 20049
1626670435515 13.937647819519043 20099
1626670471525 14.638664245605469 20149
1626670506836 14.331132888793945 20199
1626670541014 14.261950492858887 20249
1626670575686 14.388585090637207 20299
1626670610340 14.716129302978516 20349
1626670644971 14.4282865524292 20399
1626670679431 14.619077682495117 20449
1626670713600 15.179147720336914 20499
1626670750751 14.601696968078613 20549
1626670785369 14.355949401855469 20599
1626670819736 14.746400833129883 20649
1626670854072 14.705316543579102 20699
1626670891513 14.447970390319824 20749
1626670924981 14.301458358764648 20799
1626670959687 14.232223510742188 20849
1626670997103 14.264782905578613 20899
1626671030809 14.532845497131348 20949
1626671065379 14.58953857421875 20999
1626671098409 14.304533958435059 21049
1626671131735 14.364620208740234 21099
1626671166037 14.091988563537598 21149
1626671198397 14.489639282226562 21199
1626671231206 14.31672477722168 21249
1626671266340 14.67696762084961 21299
1626671299811 14.604362487792969 21349
1626671332925 14.466777801513672 21399
1626671367800 14.346981048583984 21449
1626671404136 14.556233406066895 21499
1626671438615 15.131629943847656 21549
1626671471558 14.647602081298828 21599
1626671506542 14.685895919799805 21649
1626671539278 14.54206371307373 21699
1626671572480 14.376646995544434 21749
1626671607075 14.750886917114258 21799
1626671641506 14.66264533996582 21849
1626671944112 14.48239517211914 6
1626671965751 14.527206420898438 21899
1626671993686 14.677719116210938 21949
1626672023396 14.419990539550781 21999
1626672057710 14.801170349121094 22049
1626672090092 14.350725173950195 22099
1626672123666 14.014358520507812 22149
1626672156676 14.104232788085938 22199
1626672192475 14.465002059936523 22249
1626672225691 14.470834732055664 22299
1626672258147 14.550217628479004 22349
1626672293029 14.331932067871094 22399
1626672328754 14.614629745483398 22449
1626672362932 14.353553771972656 22499
1626672396480 14.448934555053711 22549
1626672427428 14.316780090332031 22599
1626672460596 14.162474632263184 22649
1626672491168 14.396390914916992 22699
1626672522250 14.432731628417969 22749
1626672552027 14.35945987701416 22799
1626672583936 14.611638069152832 22849
1626672616773 14.571163177490234 22899
1626672650272 14.41616439819336 22949
1626672683069 14.454813957214355 22999
1626672715073 14.39823055267334 23049
1626672748153 14.682839393615723 23099
1626672780202 14.596896171569824 23149
1626672813708 14.271723747253418 23199
1626672846211 14.445435523986816 23249
1626672880059 14.339659690856934 23299
1626672914071 14.291011810302734 23349
1626672947138 14.379669189453125 23399
1626672981970 14.829978942871094 23449
1626673016538 14.074200630187988 23499
1626673053150 14.498140335083008 23549
1626673086369 14.44125747680664 23599
1626673121146 14.318544387817383 23649
1626673155324 14.411467552185059 23699
1626673188838 14.166272163391113 23749
1626673221256 14.121976852416992 23799
1626673254712 14.620319366455078 23849
1626673286887 14.454389572143555 23899
1626673321873 14.083831787109375 23949
1626673354211 14.435415267944336 23999
1626673387082 14.465472221374512 24049
1626673420146 14.489640235900879 24099
1626673453401 14.638533592224121 24149
1626673486681 14.344812393188477 24199
1626673522067 14.128692626953125 24249
1626673556241 14.513601303100586 24299
1626673590434 14.353902816772461 24349
1626673624430 14.55943775177002 24399
1626673657083 14.251836776733398 24449
1626673690065 14.645254135131836 24499
1626673721167 14.404687881469727 24549
1626673753005 14.481264114379883 24599
1626673786606 14.210342407226562 24649
1626673819838 14.202739715576172 24699
1626673854090 14.307737350463867 24749
1626673886118 13.918474197387695 24799
1626673922173 14.232919692993164 24849
1626673957658 14.386470794677734 24899
1626673991520 14.134307861328125 24949
1626674024624 14.502472877502441 24999
1626674309655 14.502472877502441 7
1626674347046 14.133453369140625 25049
1626674379410 14.170234680175781 25099
1626674409486 14.394580841064453 25149
1626674441818 14.429458618164062 25199
1626674473292 14.563459396362305 25249
1626674501307 14.586758613586426 25299
1626674533392 14.074850082397461 25349
1626674565308 14.19323444366455 25399
1626674596331 14.207862854003906 25449
1626674627930 14.274215698242188 25499
1626674656973 14.277627944946289 25549
1626674688445 13.943360328674316 25599
1626674721478 14.38503646850586 25649
1626674753607 14.132059097290039 25699
1626674784991 14.338013648986816 25749
1626674816010 14.225442886352539 25799
1626674848830 14.124663352966309 25849
1626674880748 13.803244590759277 25899
1626674914651 14.116198539733887 25949
1626674948446 14.432153701782227 25999
1626674983173 14.296680450439453 26049
1626675016308 14.031187057495117 26099
1626675050617 14.012283325195312 26149
1626675085125 14.254919052124023 26199
1626675120108 14.177663803100586 26249
1626675154932 14.435020446777344 26299
1626675189961 14.332642555236816 26349
1626675226314 14.136761665344238 26399
1626675263077 14.028802871704102 26449
1626675300092 14.381772994995117 26499
1626675334894 14.310802459716797 26549
1626675368582 14.197444915771484 26599
1626675401609 14.60570240020752 26649
1626675436547 14.250191688537598 26699
1626675471179 14.0533447265625 26749
1626675506739 14.077615737915039 26799
1626675542097 14.331600189208984 26849
1626675576176 14.157861709594727 26899
1626675609386 14.544378280639648 26949
1626675642117 14.455072402954102 26999
1626675675682 14.251534461975098 27049
1626675712345 14.250396728515625 27099
1626675749048 14.467328071594238 27149
1626675782550 14.62836742401123 27199
1626675815300 14.475902557373047 27249
1626675848812 14.23430061340332 27299
1626675883908 14.245927810668945 27349
1626675915974 14.215049743652344 27399
1626675947597 14.091495513916016 27449
1626675979195 14.277762413024902 27499
1626676011466 14.247383117675781 27549
1626676044797 14.488523483276367 27599
1626676079084 14.456451416015625 27649
1626676110370 14.25634765625 27699
1626676144720 14.080617904663086 27749
1626676178716 14.212591171264648 27799
1626676212709 14.515861511230469 27849
1626676248118 14.460124015808105 27899
1626676282377 14.195024490356445 27949
1626676314256 14.19522762298584 27999
1626676346518 14.103796005249023 28049
1626676380237 14.104702949523926 28099
1626676679855 14.0213623046875 8
1626676701657 13.870136260986328 28149
1626676733553 14.641534805297852 28199
1626676764377 14.416231155395508 28249
1626676799670 14.076851844787598 28299
1626676834860 14.597071647644043 28349
1626676866672 14.163939476013184 28399
1626676900081 14.351869583129883 28449
1626676931756 13.967118263244629 28499
1626676964113 13.85003662109375 28549
1626676995778 14.30905532836914 28599
1626677026935 14.133609771728516 28649
1626677057880 14.086578369140625 28699
1626677090635 14.20215129852295 28749
1626677125287 14.23223876953125 28799
1626677159276 14.31610107421875 28849
1626677192020 14.39678955078125 28899
1626677224537 13.995975494384766 28949
1626677256972 13.979368209838867 28999
1626677289995 14.172956466674805 29049
1626677320822 14.050968170166016 29099
1626677352901 14.123416900634766 29149
1626677386855 14.219857215881348 29199
1626677419872 14.244894027709961 29249
1626677454657 14.190299987792969 29299
1626677489455 14.167132377624512 29349
1626677519981 14.3614501953125 29399
1626677554135 14.205743789672852 29449
1626677587902 14.068516731262207 29499
1626677622423 14.351057052612305 29549
1626677656012 14.20344066619873 29599
1626677688843 13.96554946899414 29649
1626677721305 14.29332160949707 29699
1626677758317 13.709480285644531 29749
1626677791994 13.948091506958008 29799
1626677826552 14.42350959777832 29849
1626677857083 14.263364791870117 29899
1626677890387 14.451022148132324 29949
1626677927435 14.231855392456055 29999
1626677961694 14.014867782592773 30049
1626677995481 14.24288558959961 30099
1626678030821 14.416799545288086 30149
1626678066147 13.76424789428711 30199
1626678099640 14.35285758972168 30249
1626678135296 14.206350326538086 30299
1626678176638 14.36442756652832 30349
1626678214721 14.068511009216309 30399
1626678248519 14.117761611938477 30449
1626678284903 14.069526672363281 30499
1626678318043 13.949455261230469 30549
1626678350769 14.124990463256836 30599
1626678383368 14.167276382446289 30649
1626678416144 14.116167068481445 30699
1626678449116 14.520620346069336 30749
1626678480253 13.923906326293945 30799
1626678512562 14.06588077545166 30849
1626678546441 14.33201789855957 30899
1626678579104 14.600679397583008 30949
1626678610529 14.359888076782227 30999
1626678641989 13.993419647216797 31049
1626678675694 13.956733703613281 31099
1626678708223 14.284528732299805 31149
1626678744108 14.221332550048828 31199
1626678775508 14.102627754211426 31249
1626679065094 14.102627754211426 9
1626679101815 14.119377136230469 31299
1626679133874 14.268789291381836 31349
1626679165450 13.977300643920898 31399
1626679199076 13.71080207824707 31449
1626679231787 14.0260591506958 31499
1626679263956 14.068643569946289 31549
1626679293761 14.075289726257324 31599
1626679325442 14.022290229797363 31649
1626679353526 13.921350479125977 31699
1626679381528 14.523577690124512 31749
1626679410779 14.046978950500488 31799
1626679442016 13.826077461242676 31849
1626679474123 14.238286018371582 31899
1626679507506 14.059966087341309 31949
1626679539151 13.971086502075195 31999
1626679570411 14.160898208618164 32049
1626679602420 14.378442764282227 32099
1626679631207 14.169249534606934 32149
1626679665618 14.145360946655273 32199
1626679698619 14.43311882019043 32249
1626679731418 13.955801010131836 32299
1626679766553 14.033758163452148 32349
1626679800650 13.771315574645996 32399
1626679834773 14.024698257446289 32449
1626679868415 14.254191398620605 32499
1626679902685 14.14445686340332 32549
1626679934957 14.295551300048828 32599
1626679968253 14.116443634033203 32649
1626679998678 13.865876197814941 32699
1626680032796 14.003856658935547 32749
1626680065934 13.958664894104004 32799
1626680098274 13.992145538330078 32849
1626680132075 14.047832489013672 32899
1626680166986 14.109127044677734 32949
1626680203451 14.269720077514648 32999
1626680238005 13.773087501525879 33049
1626680272237 14.037135124206543 33099
1626680303538 13.820963859558105 33149
1626680336207 14.011042594909668 33199
1626680369361 14.123024940490723 33249
1626680403373 13.6853609085083 33299
1626680436058 13.827132225036621 33349
1626680466605 14.247659683227539 33399
1626680496636 14.044656753540039 33449
1626680531790 13.805487632751465 33499
1626680563885 14.168791770935059 33549
1626680597488 13.980247497558594 33599
1626680631848 13.846527099609375 33649
1626680666779 13.961723327636719 33699
1626680702064 14.237163543701172 33749
1626680735384 14.22854232788086 33799
1626680767346 13.941939353942871 33849
1626680803231 14.040164947509766 33899
1626680837012 14.167946815490723 33949
1626680867306 13.790763854980469 33999
1626680900897 14.040762901306152 34049
1626680936033 14.180805206298828 34099
1626680968017 14.272429466247559 34149
1626681003769 13.978731155395508 34199
1626681040768 14.352653503417969 34249
1626681074042 13.778602600097656 34299
1626681107597 14.010353088378906 34349
1626681421325 13.971245765686035 10
1626681441564 13.64581298828125 34399
1626681469946 14.086161613464355 34449
1626681501523 14.032861709594727 34499
1626681534214 14.199105262756348 34549
1626681568409 13.822898864746094 34599
1626681600780 13.91351318359375 34649
1626681633685 14.104504585266113 34699
1626681661743 13.893836975097656 34749
1626681694035 14.172508239746094 34799
1626681726380 14.078598022460938 34849
1626681758517 14.06871223449707 34899
1626681791832 13.95752239227295 34949
1626681825327 13.647598266601562 34999
1626681859390 13.901514053344727 35049
1626681890822 13.797510147094727 35099
1626681924693 13.868467330932617 35149
1626681958560 14.10826301574707 35199
1626681989668 13.800129890441895 35249
1626682020480 14.016523361206055 35299
1626682052995 13.99577522277832 35349
1626682088518 14.056695938110352 35399
1626682120537 13.863775253295898 35449
1626682153702 14.078346252441406 35499
1626682187192 14.037758827209473 35549
1626682220561 13.751730918884277 35599
1626682255914 13.93543815612793 35649
1626682289555 13.92300796508789 35699
1626682323751 13.840964317321777 35749
1626682360450 13.834474563598633 35799
1626682395603 14.022893905639648 35849
1626682429533 14.004846572875977 35899
1626682461093 14.049575805664062 35949
1626682493004 13.621437072753906 35999
1626682526566 13.966445922851562 36049
1626682560446 13.636094093322754 36099
1626682595129 14.273860931396484 36149
1626682626000 13.826522827148438 36199
1626682655931 14.078474044799805 36249
1626682688206 13.758159637451172 36299
1626682721276 13.88192367553711 36349
1626682754662 13.668657302856445 36399
1626682787625 13.941105842590332 36449
1626682819720 13.888687133789062 36499
1626682853083 13.816305160522461 36549
1626682888439 14.133293151855469 36599
1626682921905 14.047696113586426 36649
1626682954220 13.802505493164062 36699
1626682986940 13.95028305053711 36749
1626683020891 13.929349899291992 36799
1626683055165 13.975860595703125 36849
1626683089107 14.199647903442383 36899
1626683123347 14.072626113891602 36949
1626683159186 13.963094711303711 36999
1626683193670 13.958113670349121 37049
1626683226599 13.82742691040039 37099
1626683261855 14.124215126037598 37149
1626683296691 14.173121452331543 37199
1626683328930 13.704898834228516 37249
1626683364088 14.079660415649414 37299
1626683397145 13.64445686340332 37349
1626683431389 14.030485153198242 37399
1626683466233 13.887940406799316 37449
1626683498160 14.025876998901367 37499
1626683784050 14.025876998901367 11
1626683825333 14.077077865600586 37549
1626683858075 14.046377182006836 37599
1626683890647 13.640206336975098 37649
1626683926086 14.233089447021484 37699
1626683957388 13.769364356994629 37749
1626683988583 13.926822662353516 37799
1626684020334 13.894767761230469 37849
1626684054373 13.634110450744629 37899
1626684088267 14.008304595947266 37949
1626684124320 13.706677436828613 37999
1626684158225 14.203786849975586 38049
1626684193227 13.869964599609375 38099
1626684226840 13.693550109863281 38149
1626684257398 13.665847778320312 38199
1626684290038 14.00058364868164 38249
1626684325884 13.823857307434082 38299
1626684359173 13.636662483215332 38349
1626684387249 13.751363754272461 38399
1626684418975 13.866759300231934 38449
1626684452842 13.990045547485352 38499
1626684485340 13.677871704101562 38549
1626684518682 13.884849548339844 38599
1626684550676 13.96745491027832 38649
1626684584487 13.765378952026367 38699
1626684618492 13.787028312683105 38749
1626684652470 13.679987907409668 38799
1626684685331 13.813238143920898 38849
1626684718548 14.152637481689453 38899
1626684751832 13.923664093017578 38949
1626684785223 13.931242942810059 38999
1626684818432 13.984987258911133 39049
1626684851888 13.891763687133789 39099
1626684884760 13.746126174926758 39149
1626684916058 13.716206550598145 39199
1626684951066 14.135812759399414 39249
1626684983518 13.673483848571777 39299
1626685016873 13.884073257446289 39349
1626685047987 13.53756332397461 39399
1626685081075 14.373322486877441 39449
1626685114615 13.808353424072266 39499
1626685148480 13.7136869430542 39549
1626685182983 13.977663040161133 39599
1626685215919 13.77737808227539 39649
1626685251036 13.669333457946777 39699
1626685285060 13.738808631896973 39749
1626685316386 13.710798263549805 39799
1626685350276 13.895137786865234 39849
1626685382393 13.89751148223877 39899
1626685419434 13.803656578063965 39949
1626685450821 13.978553771972656 39999
1626685486728 13.753952026367188 40049
1626685518162 13.753408432006836 40099
1626685552422 14.167375564575195 40149
1626685585382 13.865561485290527 40199
1626685617493 13.74832534790039 40249
1626685647698 13.905864715576172 40299
1626685682259 13.688892364501953 40349
1626685715164 14.074630737304688 40399
1626685749161 13.952340126037598 40449
1626685785557 14.081644058227539 40499
1626685819319 13.820497512817383 40549
1626685849544 13.822175979614258 40599
1626686152810 13.907844543457031 12
1626686176212 14.039449691772461 40649
1626686208801 13.938892364501953 40699
1626686239690 13.584949493408203 40749
1626686272199 13.81381607055664 40799
1626686304485 13.865093231201172 40849
1626686336588 13.786069869995117 40899
1626686368748 13.94991683959961 40949
1626686402407 13.796073913574219 40999
1626686434291 14.436708450317383 41049
1626686466528 13.709067344665527 41099
1626686499552 14.033931732177734 41149
1626686532068 13.860880851745605 41199
1626686566152 13.783227920532227 41249
1626686595819 13.64547061920166 41299
1626686627813 13.800495147705078 41349
1626686660032 13.756126403808594 41399
1626686695765 14.323410987854004 41449
1626686728388 13.773022651672363 41499
1626686762475 13.683122634887695 41549
1626686795722 13.65262222290039 41599
1626686827634 13.902610778808594 41649
1626686863178 14.048272132873535 41699
1626686896868 13.905681610107422 41749
1626686929652 13.714740753173828 41799
1626686963143 13.628908157348633 41849
1626686995487 13.89338207244873 41899
1626687029275 13.682889938354492 41949
1626687062660 14.030303001403809 41999
1626687097861 13.799586296081543 42049
1626687133949 13.384255409240723 42099
1626687168388 13.991496086120605 42149
1626687203886 13.93729305267334 42199
1626687240888 13.863313674926758 42249
1626687278477 14.300165176391602 42299
1626687313535 13.818622589111328 42349
1626687348699 13.958333969116211 42399
1626687383068 13.749978065490723 42449
1626687418178 14.189838409423828 42499
1626687451239 13.774526596069336 42549
1626687485679 13.84918212890625 42599
1626687521221 14.159194946289062 42649
1626687554415 14.150972366333008 42699
1626687584203 13.896891593933105 42749
1626687615929 13.737691879272461 42799
1626687649902 13.857452392578125 42849
1626687682241 13.835189819335938 42899
1626687713739 13.978616714477539 42949
1626687746903 14.08978271484375 42999
1626687779349 13.821995735168457 43049
1626687812730 13.885461807250977 43099
1626687845398 13.703234672546387 43149
1626687878653 13.744656562805176 43199
1626687912018 13.559637069702148 43249
1626687943004 13.793386459350586 43299
1626687975288 13.398612022399902 43349
1626688009654 13.654542922973633 43399
1626688044070 13.963676452636719 43449
1626688077487 13.747876167297363 43499
1626688111513 13.941644668579102 43549
1626688144565 13.474313735961914 43599
1626688178077 14.10693645477295 43649
1626688211462 13.741434097290039 43699
1626688241886 14.084146499633789 43749
1626688524983 14.084146499633789 13
1626688564571 13.690398216247559 43799
1626688592612 13.911031723022461 43849
1626688625992 13.877493858337402 43899
1626688657930 14.008771896362305 43949
1626688691657 13.947174072265625 43999
1626688724824 13.818832397460938 44049
1626688757905 13.65089225769043 44099
1626688791462 13.725336074829102 44149
1626688825783 13.65030288696289 44199
1626688856207 14.217937469482422 44249
1626688884187 13.886253356933594 44299
1626688915915 13.990242958068848 44349
1626688947763 14.109806060791016 44399
1626688978188 13.993908882141113 44449
1626689008181 13.74969482421875 44499
1626689037591 13.858816146850586 44549
1626689070694 13.873357772827148 44599
1626689101487 13.832523345947266 44649
1626689135085 13.91956615447998 44699
1626689167139 14.061641693115234 44749
1626689201992 13.520804405212402 44799
1626689234355 13.908117294311523 44849
1626689270315 13.844472885131836 44899
1626689304013 13.574207305908203 44949
1626689339293 13.739206314086914 44999
1626689373748 13.582735061645508 45049
1626689407239 13.611518859863281 45099
1626689439047 13.63284969329834 45149
1626689470175 13.57673454284668 45199
1626689502034 13.554001808166504 45249
1626689535148 13.868526458740234 45299
1626689569760 13.733667373657227 45349
1626689602302 13.995210647583008 45399
1626689634510 13.896577835083008 45449
1626689669368 13.61043643951416 45499
1626689702971 13.673408508300781 45549
1626689738309 13.860051155090332 45599
1626689771502 13.83189582824707 45649
1626689803561 13.906560897827148 45699
1626689838387 13.978564262390137 45749
1626689871414 13.696243286132812 45799
1626689907570 13.627159118652344 45849
1626689942836 13.937747955322266 45899
1626689973471 13.698307037353516 45949
1626690006578 13.620824813842773 45999
1626690043823 13.870532989501953 46049
1626690077196 13.79870319366455 46099
1626690108437 13.908153533935547 46149
1626690141601 13.493477821350098 46199
1626690175069 13.665035247802734 46249
1626690208729 13.76395034790039 46299
1626690243374 13.888191223144531 46349
1626690276744 13.67897891998291 46399
1626690310909 13.707101821899414 46449
1626690344047 13.886893272399902 46499
1626690376537 13.905442237854004 46549
1626690413765 13.684452056884766 46599
1626690447531 13.838127136230469 46649
1626690477883 13.975109100341797 46699
1626690511080 13.930523872375488 46749
1626690546073 13.834378242492676 46799
1626690576658 13.680293083190918 46849
1626690875961 13.793468475341797 14
1626690896669 13.76159381866455 46899
1626690924685 13.677184104919434 46949
1626690952823 13.590902328491211 46999
1626690980758 13.60649299621582 47049
1626691008746 13.672808647155762 47099
1626691036734 13.50170612335205 47149
1626691066613 13.73678207397461 47199
1626691098082 14.017180442810059 47249
1626691128623 13.84927749633789 47299
1626691156735 13.595101356506348 47349
1626691189597 13.392183303833008 47399
1626691223723 13.638138771057129 47449
1626691254671 13.824392318725586 47499
1626691287307 13.850988388061523 47549
1626691320802 13.857000350952148 47599
1626691355585 13.599796295166016 47649
1626691386774 13.589580535888672 47699
1626691414984 13.81641960144043 47749
1626691445108 13.478607177734375 47799
1626691478103 13.630176544189453 47849
1626691510900 13.53278923034668 47899
1626691543124 13.784433364868164 47949
1626691571281 13.77668571472168 47999
1626691604426 13.825284957885742 48049
1626691639463 13.618659019470215 48099
1626691673503 13.657812118530273 48149
1626691709115 13.728436470031738 48199
1626691741605 13.660347938537598 48249
1626691774155 13.915863037109375 48299
1626691808063 13.49342155456543 48349
1626691841211 13.550251007080078 48399
1626691874867 13.724811553955078 48449
1626691908091 13.57766342163086 48499
1626691940715 13.539047241210938 48549
1626691973625 13.600190162658691 48599
1626692007734 13.576053619384766 48649
1626692040169 13.687108993530273 48699
1626692074974 13.83299732208252 48749
1626692107413 13.838825225830078 48799
1626692137197 14.204511642456055 48849
1626692172484 13.650117874145508 48899
1626692205623 13.682044982910156 48949
1626692240743 13.598882675170898 48999
1626692274585 14.138360977172852 49049
1626692307548 13.644020080566406 49099
1626692340512 13.736934661865234 49149
1626692371033 13.613792419433594 49199
1626692403019 13.643699645996094 49249
1626692433955 13.625133514404297 49299
1626692468087 13.646278381347656 49349
1626692502712 13.907608985900879 49399
1626692534626 13.865652084350586 49449
1626692567671 13.668124198913574 49499
1626692600248 13.645411491394043 49549
1626692632331 13.462991714477539 49599
1626692665682 13.451244354248047 49649
1626692699140 13.837864875793457 49699
1626692733894 13.480561256408691 49749
1626692767672 13.403633117675781 49799
1626692801027 13.659181594848633 49849
1626692836019 13.60862922668457 49899
1626692867875 13.617711067199707 49949
1626692898215 13.760693550109863 49999
1626693191273 13.760693550109863 15
1626693231868 13.566396713256836 50049
1626693264211 13.922574996948242 50099
1626693298321 13.719664573669434 50149
1626693331126 14.174583435058594 50199
1626693366516 13.536245346069336 50249
1626693399409 13.422464370727539 50299
1626693431339 13.661434173583984 50349
1626693463452 13.914365768432617 50399
1626693495867 13.301885604858398 50449
1626693529043 13.732401847839355 50499
1626693560960 13.32751750946045 50549
1626693595913 13.649284362792969 50599
1626693630864 13.930601119995117 50649
1626693663325 13.571672439575195 50699
1626693697199 13.802772521972656 50749
1626693729876 13.629547119140625 50799
1626693763946 13.68697738647461 50849
1626693799096 13.518960952758789 50899
1626693832631 13.363483428955078 50949
1626693866054 13.457898139953613 50999
1626693900637 13.40080451965332 51049
1626693932078 13.689303398132324 51099
1626693964373 13.543575286865234 51149
1626693996050 13.783805847167969 51199
1626694029828 13.846019744873047 51249
1626694064423 13.661661148071289 51299
1626694097462 13.74534797668457 51349
1626694132572 13.609277725219727 51399
1626694166600 13.76386833190918 51449
1626694200905 13.90414810180664 51499
1626694232922 13.930445671081543 51549
1626694268227 13.67277717590332 51599
1626694305045 13.609804153442383 51649
1626694340462 13.59376335144043 51699
1626694374012 13.898338317871094 51749
1626694411099 13.59398078918457 51799
1626694445991 14.072307586669922 51849
1626694480851 13.625115394592285 51899
1626694515709 13.568475723266602 51949
1626694548567 13.597269058227539 51999
1626694583853 13.51546859741211 52049
1626694616908 13.846696853637695 52099
1626694651083 13.84992790222168 52149
1626694685813 13.555395126342773 52199
1626694718574 13.319168090820312 52249
1626694754367 13.519189834594727 52299
1626694788969 13.816844940185547 52349
1626694824380 13.64786148071289 52399
1626694857201 13.840506553649902 52449
1626694893289 13.92559814453125 52499
1626694926185 13.855401992797852 52549
1626694959060 13.579329490661621 52599
1626694993780 13.679046630859375 52649
1626695027519 13.619281768798828 52699
1626695060656 13.745027542114258 52749
1626695093621 13.618919372558594 52799
1626695126724 13.696537017822266 52849
1626695159029 13.675253868103027 52899
1626695193344 13.615479469299316 52949
1626695228004 13.352083206176758 52999
1626695261895 13.701353073120117 53049
1626695294475 13.498248100280762 53099
1626695595216 13.409650802612305 16
1626695618954 13.858315467834473 53149
1626695652864 13.839320182800293 53199
1626695685247 13.41389274597168 53249
1626695716889 13.45220947265625 53299
1626695750380 13.531682968139648 53349
1626695785651 13.591100692749023 53399
1626695818566 13.416542053222656 53449
1626695849931 13.46739387512207 53499
1626695883487 13.429594039916992 53549
1626695916962 13.68730354309082 53599
1626695950287 13.735095024108887 53649
1626695982536 13.587684631347656 53699
1626696013306 13.46298885345459 53749
1626696044950 14.016012191772461 53799
1626696078288 13.726012229919434 53849
1626696111021 13.674270629882812 53899
1626696143939 13.675719261169434 53949
1626696177263 13.516590118408203 53999
1626696214451 13.773414611816406 54049
1626696247943 13.790285110473633 54099
1626696282013 13.262554168701172 54149
1626696314402 13.517486572265625 54199
1626696349016 13.787681579589844 54249
1626696384594 13.586671829223633 54299
1626696421071 13.52743148803711 54349
1626696457712 13.582658767700195 54399
1626696492461 13.857307434082031 54449
1626696526632 13.349098205566406 54499
1626696561354 13.436081886291504 54549
1626696594504 13.556695938110352 54599
1626696628822 13.25625991821289 54649
1626696661791 13.736787796020508 54699
1626696695131 13.422167778015137 54749
1626696729899 13.553457260131836 54799
1626696764252 13.655695915222168 54849
1626696798888 13.536855697631836 54899
1626696833410 13.540034294128418 54949
1626696867871 13.803975105285645 54999
1626696900953 13.678251266479492 55049
1626696935010 13.261338233947754 55099
1626696971358 13.723470687866211 55149
1626697009518 13.661039352416992 55199
1626697042451 13.539931297302246 55249
1626697074731 13.320249557495117 55299
1626697110851 13.658327102661133 55349
1626697145946 13.395124435424805 55399
1626697182708 13.706568717956543 55449
1626697216555 13.425787925720215 55499
1626697248508 13.208675384521484 55549
1626697283567 13.412009239196777 55599
1626697315109 13.394868850708008 55649
1626697348863 13.377059936523438 55699
1626697385023 13.641504287719727 55749
1626697421540 13.769365310668945 55799
1626697456083 13.558313369750977 55849
1626697489727 13.780564308166504 55899
1626697524448 13.550209999084473 55949
1626697561541 13.670517921447754 55999
1626697595464 13.282386779785156 56049
1626697629292 13.548662185668945 56099
1626697660688 13.437947273254395 56149
1626697694548 13.585548400878906 56199
1626697725072 13.538663864135742 56249
1626698008720 13.538663864135742 17
1626698047548 13.613973617553711 56299
1626698075626 13.428382873535156 56349
1626698106367 13.596769332885742 56399
1626698140309 13.613715171813965 56449
1626698172585 13.667784690856934 56499
1626698206043 13.563993453979492 56549
1626698236923 13.184348106384277 56599
1626698265641 13.578936576843262 56649
1626698297704 13.757594108581543 56699
1626698332068 13.325218200683594 56749
1626698363791 13.255760192871094 56799
1626698395641 13.492204666137695 56849
1626698429560 13.583099365234375 56899
1626698462833 13.424820899963379 56949
1626698496598 13.304454803466797 56999
1626698527114 13.57571792602539 57049
1626698558160 13.32651424407959 57099
1626698591207 13.345746040344238 57149
1626698624415 13.757490158081055 57199
1626698658400 13.665677070617676 57249
1626698692807 13.463495254516602 57299
1626698726585 13.6253662109375 57349
1626698759581 13.61785888671875 57399
1626698791747 13.584253311157227 57449
1626698826863 13.715673446655273 57499
1626698861149 13.302674293518066 57549
1626698894113 13.643657684326172 57599
1626698928681 13.234048843383789 57649
1626698963828 13.333866119384766 57699
1626698999516 13.550566673278809 57749
1626699035015 13.88473129272461 57799
1626699068508 13.402210235595703 57849
1626699100902 13.443744659423828 57899
1626699136074 13.746554374694824 57949
1626699171166 13.359128952026367 57999
1626699206151 13.601499557495117 58049
1626699240220 13.177873611450195 58099
1626699275463 13.530928611755371 58149
1626699311753 13.641523361206055 58199
1626699346761 13.661783218383789 58249
1626699380925 13.662498474121094 58299
1626699415360 13.580808639526367 58349
1626699449604 13.661848068237305 58399
1626699483607 13.383435249328613 58449
1626699518487 13.432849884033203 58499
1626699553108 13.375360488891602 58549
1626699585902 13.308944702148438 58599
1626699620679 13.371610641479492 58649
1626699654251 13.447306632995605 58699
1626699687674 13.57660961151123 58749
1626699719722 13.418243408203125 58799
1626699751570 13.470857620239258 58849
1626699786325 13.28175163269043 58899
1626699818352 13.678781509399414 58949
1626699852684 13.58677864074707 58999
1626699886156 13.343790054321289 59049
1626699919170 13.553911209106445 59099
1626699950910 13.45736312866211 59149
1626699984210 13.45248031616211 59199
1626700018219 13.983843803405762 59249
1626700049515 13.47024154663086 59299
1626700081977 13.290708541870117 59349
1626700379141 13.49608325958252 18
1626700400609 13.422517776489258 59399
1626700433939 13.638162612915039 59449
1626700467459 13.674195289611816 59499
1626700500488 13.453845977783203 59549
1626700535404 13.45838737487793 59599
1626700567867 13.385642051696777 59649
1626700601517 13.512510299682617 59699
1626700634527 13.459318161010742 59749
1626700664890 13.278865814208984 59799
1626700697028 13.462908744812012 59849
1626700730175 13.340447425842285 59899
1626700763520 13.73434829711914 59949
1626700796385 13.635663986206055 59999
1626700830250 13.665454864501953 60049
1626700863219 13.483989715576172 60099
1626700896109 13.339715957641602 60149
1626700929133 13.545269012451172 60199
1626700964116 13.412564277648926 60249
1626700994332 13.437710762023926 60299
1626701026837 13.411140441894531 60349
1626701061412 13.755962371826172 60399
1626701095426 13.703116416931152 60449
1626701127739 13.887504577636719 60499
1626701161522 13.307525634765625 60549
1626701194168 13.551778793334961 60599
1626701227933 13.331732749938965 60649
1626701260207 13.598898887634277 60699
1626701295044 13.523150444030762 60749
1626701330140 13.13990306854248 60799
1626701367147 13.37531852722168 60849
1626701403232 13.570314407348633 60899
1626701436432 13.490226745605469 60949
1626701470460 13.328228950500488 60999
1626701504544 13.477987289428711 61049
1626701540229 13.88697624206543 61099
1626701575841 13.546587944030762 61149
1626701608877 13.482044219970703 61199
1626701643714 13.581212043762207 61249
1626701678132 13.461063385009766 61299
1626701714467 13.357955932617188 61349
1626701748971 13.389082908630371 61399
1626701783648 13.591283798217773 61449
1626701819656 13.361675262451172 61499
1626701854074 13.26736831665039 61549
1626701889175 13.726218223571777 61599
1626701923252 13.443944931030273 61649
1626701958658 13.792205810546875 61699
1626701992484 13.472247123718262 61749
1626702026890 13.521198272705078 61799
1626702061628 13.260880470275879 61849
1626702095725 13.353059768676758 61899
1626702128479 13.499824523925781 61949
1626702161439 13.663981437683105 61999
1626702197936 13.521212577819824 62049
1626702232893 13.349655151367188 62099
1626702267881 13.559170722961426 62149
1626702300731 13.12120246887207 62199
1626702334713 13.356881141662598 62249
1626702370453 13.335363388061523 62299
1626702403786 13.56743335723877 62349
1626702440160 13.484540939331055 62399
1626702473070 13.588382720947266 62449
1626702503506 13.092174530029297 62499
1626702794509 13.092174530029297 19
1626702836308 13.628457069396973 62549
1626702869318 13.08995532989502 62599
1626702901339 13.78071403503418 62649
1626702932032 13.412601470947266 62699
1626702963783 13.822532653808594 62749
1626702996017 13.24007511138916 62799
1626703027406 13.339590072631836 62849
1626703059081 13.36247444152832 62899
1626703090182 13.297801971435547 62949
1626703122819 13.437620162963867 62999
1626703156278 13.258849143981934 63049
1626703189154 13.355457305908203 63099
1626703219464 13.233149528503418 63149
1626703253637 13.525910377502441 63199
1626703287026 13.313138008117676 63249
1626703319446 13.147512435913086 63299
1626703353942 13.35742473602295 63349
1626703387250 13.43631362915039 63399
1626703421377 13.298168182373047 63449
1626703452075 13.139690399169922 63499
1626703483871 13.526602745056152 63549
1626703519148 13.469709396362305 63599
1626703551410 13.253740310668945 63649
1626703585111 13.345748901367188 63699
1626703618560 13.812528610229492 63749
1626703650927 13.456291198730469 63799
1626703685455 13.456063270568848 63849
1626703718659 13.394187927246094 63899
1626703755560 13.339820861816406 63949
1626703789106 13.612615585327148 63999
1626703823495 13.707582473754883 64049
1626703857880 13.277397155761719 64099
1626703894505 13.62087631225586 64149
1626703930627 13.48585033416748 64199
1626703963803 13.428838729858398 64249
1626703998490 13.587376594543457 64299
1626704031659 13.230186462402344 64349
1626704067190 13.329922676086426 64399
1626704103743 13.184164047241211 64449
1626704138043 13.45334243774414 64499
1626704172053 13.82668685913086 64549
1626704206229 13.700032234191895 64599
1626704238204 13.289575576782227 64649
1626704272983 13.641488075256348 64699
1626704306454 13.434455871582031 64749
1626704338586 13.567777633666992 64799
1626704374361 13.366828918457031 64849
1626704408353 13.296489715576172 64899
1626704442625 13.163675308227539 64949
1626704477363 13.355371475219727 64999
1626704512573 13.553777694702148 65049
1626704547386 13.520057678222656 65099
1626704581146 13.446135520935059 65149
1626704617600 13.62798023223877 65199
1626704652419 13.568686485290527 65249
1626704687244 13.317713737487793 65299
1626704722764 13.587888717651367 65349
1626704760072 13.405797004699707 65399
1626704795912 13.8653564453125 65449
1626704832425 13.405200004577637 65499
1626704867751 13.426807403564453 65549
1626704898758 13.350699424743652 65599
1626705198269 13.305038452148438 20
1626705221771 13.511375427246094 65649
1626705257490 13.266141891479492 65699
1626705289666 13.43529224395752 65749
1626705324372 13.308395385742188 65799
1626705357596 13.572368621826172 65849
1626705389315 13.250907897949219 65899
1626705422387 13.51097583770752 65949
1626705458364 13.643782615661621 65999
1626705492311 13.288980484008789 66049
1626705526497 13.226238250732422 66099
1626705560664 13.267024993896484 66149
1626705594265 13.374309539794922 66199
1626705628367 13.70161247253418 66249
1626705663903 13.29291820526123 66299
1626705694976 13.28256607055664 66349
1626705727394 13.255264282226562 66399
1626705764117 13.322715759277344 66449
1626705800166 13.144973754882812 66499
1626705831655 13.252909660339355 66549
1626705863866 13.664143562316895 66599
1626705900813 13.349987030029297 66649
1626705936739 13.300765991210938 66699
1626705969883 13.326553344726562 66749
1626706003290 13.093241691589355 66799
1626706037704 13.33568000793457 66849
1626706073418 13.762795448303223 66899
1626706106515 13.28847599029541 66949
1626706145209 13.14771842956543 66999
1626706179726 13.170284271240234 67049
1626706215503 13.447957038879395 67099
1626706248716 13.48102855682373 67149
1626706282095 13.510442733764648 67199
1626706316510 13.330977439880371 67249
1626706350606 13.5106782913208 67299
1626706385178 13.552474975585938 67349
1626706419445 13.016582489013672 67399
1626706455540 13.354707717895508 67449
1626706488405 13.161029815673828 67499
1626706522351 13.515098571777344 67549
1626706558335 13.326159477233887 67599
1626706595556 13.426156997680664 67649
1626706632604 13.597387313842773 67699
1626706666208 13.585432052612305 67749
1626706697460 13.322446823120117 67799
1626706731676 13.335098266601562 67849
1626706766131 13.390914916992188 67899
1626706800054 13.33535099029541 67949
1626706835212 13.357210159301758 67999
1626706870192 13.505306243896484 68049
1626706904906 13.62685775756836 68099
1626706939966 13.362039566040039 68149
1626706974589 13.160099029541016 68199
1626707008076 13.601226806640625 68249
1626707041232 13.19896125793457 68299
1626707074855 13.25780200958252 68349
1626707109069 13.067365646362305 68399
1626707144671 13.211746215820312 68449
1626707179921 13.400679588317871 68499
1626707214413 13.624323844909668 68549
1626707247762 13.488862991333008 68599
1626707280373 13.03958797454834 68649
1626707314572 13.329324722290039 68699
1626707345046 13.49731159210205 68749
1626707643340 13.49731159210205 21
1626707685681 13.234025955200195 68799
1626707718296 13.486337661743164 68849
1626707750433 13.410259246826172 68899
1626707782812 13.424823760986328 68949
1626707814287 13.35973834991455 68999
1626707848751 13.43988037109375 69049
1626707882218 13.535435676574707 69099
1626707915841 13.005823135375977 69149
1626707949360 13.681058883666992 69199
1626707983777 13.42555046081543 69249
1626708015271 13.461313247680664 69299
1626708047813 13.340804100036621 69349
1626708085168 13.223306655883789 69399
1626708118058 13.13614559173584 69449
1626708151227 13.50954818725586 69499
1626708185574 13.249799728393555 69549
1626708220876 13.212363243103027 69599
1626708253687 13.564010620117188 69649
1626708287838 13.254715919494629 69699
1626708322396 13.489921569824219 69749
1626708353538 13.323432922363281 69799
1626708389405 13.480299949645996 69849
1626708422705 13.525369644165039 69899
1626708456106 13.234613418579102 69949
1626708489139 13.450559616088867 69999
1626708523476 13.299006462097168 70049
1626708556359 13.212416648864746 70099
1626708591541 13.169763565063477 70149
1626708626123 13.581966400146484 70199
1626708659431 13.388927459716797 70249
1626708693871 13.237770080566406 70299
1626708727802 13.353178977966309 70349
1626708763804 13.169530868530273 70399
1626708798479 13.69143295288086 70449
1626708832989 13.294204711914062 70499
1626708869837 13.250247955322266 70549
1626708906053 13.315939903259277 70599
1626708938848 13.48305892944336 70649
1626708971257 13.301229476928711 70699
1626709005142 13.268963813781738 70749
1626709040880 13.259696960449219 70799
1626709073349 13.681632995605469 70849
1626709104530 13.389394760131836 70899
1626709136125 13.2652587890625 70949
1626709171629 13.395195007324219 70999
1626709207005 13.178027153015137 71049
1626709238944 13.275196075439453 71099
1626709272839 13.56634521484375 71149
1626709308474 13.186996459960938 71199
1626709341695 13.29902172088623 71249
1626709375650 13.067218780517578 71299
1626709407570 13.330792427062988 71349
1626709440404 13.27507209777832 71399
1626709475554 13.314448356628418 71449
1626709509800 13.393047332763672 71499
1626709541536 13.31889533996582 71549
1626709573829 13.309937477111816 71599
1626709608810 13.284599304199219 71649
1626709642293 13.494352340698242 71699
1626709676184 13.016887664794922 71749
1626709709475 13.41450309753418 71799
1626709740738 13.292889595031738 71849
1626710038285 13.452088356018066 22
1626710061140 13.471240043640137 71899
1626710092659 13.372587203979492 71949
1626710123505 13.264691352844238 71999
1626710154896 13.342196464538574 72049
1626710186113 13.039690017700195 72099
1626710216058 13.157940864562988 72149
1626710248146 13.319385528564453 72199
1626710279792 13.439741134643555 72249
1626710311941 13.278632164001465 72299
1626710342796 13.305368423461914 72349
1626710371826 13.118711471557617 72399
1626710399841 13.512748718261719 72449
1626710427776 13.376152038574219 72499
1626710457469 13.475378036499023 72549
1626710490166 13.311022758483887 72599
1626710520895 13.367358207702637 72649
1626710553672 13.085466384887695 72699
1626710586691 13.373483657836914 72749
1626710618293 13.282868385314941 72799
1626710651537 13.168598175048828 72849
1626710682381 13.337663650512695 72899
1626710716878 13.211244583129883 72949
1626710753412 13.028757095336914 72999
1626710786602 13.680425643920898 73049
1626710821745 13.208012580871582 73099
1626710854592 13.300297737121582 73149
1626710886435 13.194345474243164 73199
1626710919864 13.70759391784668 73249
1626710953041 13.374645233154297 73299
1626710987635 13.40358829498291 73349
1626711022598 13.534311294555664 73399
1626711056356 13.205080032348633 73449
1626711090803 13.208708763122559 73499
1626711126260 13.416461944580078 73549
1626711160609 13.476999282836914 73599
1626711193576 13.664983749389648 73649
1626711227148 13.369507789611816 73699
1626711262219 13.345686912536621 73749
1626711295597 12.99722671508789 73799
1626711329614 13.404195785522461 73849
1626711363034 13.45694351196289 73899
1626711395776 13.619457244873047 73949
1626711430471 13.102123260498047 73999
1626711466425 13.502951622009277 74049
1626711501452 13.331920623779297 74099
1626711534784 13.6344633102417 74149
1626711567603 13.771446228027344 74199
1626711600318 13.36829662322998 74249
1626711632978 13.203073501586914 74299
1626711665922 13.246957778930664 74349
1626711698690 13.319612503051758 74399
1626711732514 13.35721206665039 74449
1626711765737 13.240324020385742 74499
1626711800523 13.302034378051758 74549
1626711831579 13.369009017944336 74599
1626711864926 13.149455070495605 74649
1626711897305 13.407370567321777 74699
1626711929157 13.266389846801758 74749
1626711962741 13.133874893188477 74799
1626711998764 13.350317001342773 74849
1626712031478 13.425298690795898 74899
1626712064554 13.19394302368164 74949
1626712095335 13.158308029174805 74999
1626712379333 13.158308029174805 23
1626712418641 13.441688537597656 75049
1626712452531 13.029607772827148 75099
1626712484511 13.26561450958252 75149
1626712515526 13.081554412841797 75199
1626712549645 13.306536674499512 75249
1626712580665 13.384947776794434 75299
1626712613708 13.164554595947266 75349
1626712642671 13.048713684082031 75399
1626712675289 13.271036148071289 75449
1626712705537 13.618196487426758 75499
1626712736886 12.998117446899414 75549
1626712767701 13.220321655273438 75599
1626712797331 13.351940155029297 75649
1626712831451 13.038290023803711 75699
1626712862091 13.231693267822266 75749
1626712894633 13.595525741577148 75799
1626712923884 13.424385070800781 75849
1626712952152 12.949893951416016 75899
1626712981088 13.03526496887207 75949
1626713012666 13.072114944458008 75999
1626713043853 13.384500503540039 76049
1626713077575 13.380401611328125 76099
1626713109392 13.166450500488281 76149
1626713142832 13.178760528564453 76199
1626713177364 13.318008422851562 76249
1626713210662 12.98019790649414 76299
1626713243152 13.105329513549805 76349
1626713278063 13.244485855102539 76399
1626713313559 13.355741500854492 76449
1626713348550 13.336982727050781 76499
1626713382168 13.19865608215332 76549
1626713417838 13.279695510864258 76599
1626713452868 13.113040924072266 76649
1626713486561 13.223672866821289 76699
1626713519616 13.097036361694336 76749
1626713553227 13.371740341186523 76799
1626713590400 12.967304229736328 76849
1626713623865 13.467488288879395 76899
1626713658690 13.491401672363281 76949
1626713693826 13.318007469177246 76999
1626713728175 13.106917381286621 77049
1626713762065 13.572956085205078 77099
1626713793525 13.491973876953125 77149
1626713828857 13.274781227111816 77199
1626713860682 13.233972549438477 77249
1626713894892 13.268857955932617 77299
1626713926871 13.394097328186035 77349
1626713959912 13.340448379516602 77399
1626713993003 13.070560455322266 77449
1626714025216 13.311807632446289 77499
1626714059494 13.011659622192383 77549
1626714092117 13.20489501953125 77599
1626714127115 13.173057556152344 77649
1626714160970 13.127750396728516 77699
1626714190732 12.96401596069336 77749
1626714224832 13.183521270751953 77799
1626714261211 13.088319778442383 77849
1626714295501 13.623903274536133 77899
1626714328968 13.17339038848877 77949
1626714364599 13.277647018432617 77999
1626714400019 13.39681625366211 78049
1626714430797 13.20334243774414 78099
1626714732459 13.3076171875 24
1626714759952 12.98305892944336 78149
1626714791996 13.297403335571289 78199
1626714822419 13.201581954956055 78249
1626714850406 13.394124984741211 78299
1626714878390 13.30504322052002 78349
1626714907774 13.318609237670898 78399
1626714944773 13.399166107177734 78449
1626714975950 13.362272262573242 78499
1626715006603 13.52564811706543 78549
1626715038587 13.238750457763672 78599
1626715071057 13.263607025146484 78649
1626715101501 13.369056701660156 78699
1626715137142 13.352327346801758 78749
1626715168528 12.967791557312012 78799
1626715205128 13.118568420410156 78849
1626715237159 13.202703475952148 78899
1626715269000 13.225411415100098 78949
1626715300412 13.1646089553833 78999
1626715333381 13.157687187194824 79049
1626715367958 13.311010360717773 79099
1626715402522 13.357616424560547 79149
1626715435010 13.349841117858887 79199
1626715469262 13.11574935913086 79249
1626715502141 13.158056259155273 79299
1626715532792 13.427617073059082 79349
1626715568193 13.522211074829102 79399
1626715601370 13.022689819335938 79449
1626715636175 13.193378448486328 79499
1626715671958 13.507246017456055 79549
1626715705502 13.357917785644531 79599
1626715738999 13.197166442871094 79649
1626715767345 13.287656784057617 79699
1626715800105 13.032449722290039 79749
1626715834293 13.193670272827148 79799
1626715866611 13.525045394897461 79849
1626715901479 13.31094741821289 79899
1626715935270 13.244834899902344 79949
1626715969978 12.969608306884766 79999
1626716004141 13.328269958496094 80049
1626716036081 13.041800498962402 80099
1626716068344 13.097347259521484 80149
1626716100263 13.34262466430664 80199
1626716134100 13.093538284301758 80249
1626716164979 13.160449981689453 80299
1626716194932 13.317340850830078 80349
1626716225858 12.905096054077148 80399
1626716254043 12.999907493591309 80449
1626716283491 13.319523811340332 80499
1626716318079 13.32149887084961 80549
1626716351901 13.246760368347168 80599
1626716385866 12.970949172973633 80649
1626716417835 13.271965980529785 80699
1626716453332 13.288957595825195 80749
1626716484519 13.42934513092041 80799
1626716521447 13.345230102539062 80849
1626716555314 13.253984451293945 80899
1626716587087 13.349967956542969 80949
1626716619922 13.276697158813477 80999
1626716651778 13.39341926574707 81049
1626716686449 13.154476165771484 81099
1626716719973 13.218576431274414 81149
1626716752647 13.22107982635498 81199
1626716783094 13.233123779296875 81249
1626717060947 13.233123779296875 25
1626717099873 13.23438835144043 81299
1626717129589 13.067188262939453 81349
1626717162591 13.35610294342041 81399
1626717194663 13.158748626708984 81449
1626717229714 13.388982772827148 81499
1626717262072 13.202798843383789 81549
1626717293823 13.23952579498291 81599
1626717327305 13.002790451049805 81649
1626717359454 13.229667663574219 81699
1626717392394 13.160543441772461 81749
1626717424821 13.357660293579102 81799
1626717457529 13.097251892089844 81849
1626717490063 13.256128311157227 81899
1626717523459 13.379372596740723 81949
1626717556148 13.366490364074707 81999
1626717588078 13.302877426147461 82049
1626717618037 13.127456665039062 82099
1626717646261 13.240875244140625 82149
1626717674407 13.146310806274414 82199
1626717702511 13.62613296508789 82249
1626717730603 13.187551498413086 82299
1626717758952 12.937005996704102 82349
1626717792239 13.060925483703613 82399
1626717822556 13.029563903808594 82449
1626717855160 13.398917198181152 82499
1626717889339 13.194828033447266 82549
1626717920952 13.099544525146484 82599
1626717955060 12.833725929260254 82649
1626717986868 13.048994064331055 82699
1626718014978 13.194571495056152 82749
1626718046031 13.196578979492188 82799
1626718081027 13.178281784057617 82849
1626718111094 13.01711654663086 82899
1626718139152 13.393281936645508 82949
1626718172492 13.322816848754883 82999
1626718204502 13.212224960327148 83049
1626718235285 13.335357666015625 83099
1626718266427 12.990029335021973 83149
1626718301645 13.172260284423828 83199
1626718335648 12.997437477111816 83249
1626718367521 13.22922420501709 83299
1626718399491 13.078258514404297 83349
1626718428256 13.079986572265625 83399
1626718461514 12.870845794677734 83449
1626718494061 13.119226455688477 83499
1626718524311 13.17908000946045 83549
1626718558300 13.073748588562012 83599
1626718591749 13.330316543579102 83649
1626718622557 12.990650177001953 83699
1626718650655 13.35116195678711 83749
1626718680435 13.345191955566406 83799
1626718715865 13.269763946533203 83849
1626718748511 13.130914688110352 83899
1626718782520 12.925127983093262 83949
1626718816545 12.903403282165527 83999
1626718846054 12.956306457519531 84049
1626718878379 13.363079071044922 84099
1626718912378 13.327298164367676 84149
1626718944825 13.071625709533691 84199
1626718977712 13.403016090393066 84249
1626719012509 13.099485397338867 84299
1626719041836 13.104528427124023 84349
1626719329248 13.259405136108398 26
1626719351805 13.19399642944336 84399
1626719382695 13.387521743774414 84449
1626719415248 13.04496955871582 84499
1626719446833 13.441118240356445 84549
1626719478194 13.265768051147461 84599
1626719510269 12.968141555786133 84649
1626719538266 13.437037467956543 84699
1626719566317 13.202052116394043 84749
1626719594323 12.90745735168457 84799
1626719622315 12.971382141113281 84849
1626719650355 13.047401428222656 84899
1626719678363 13.47384262084961 84949
1626719706308 13.220458984375 84999
1626719734352 13.089662551879883 85049
1626719762420 13.264974594116211 85099
1626719791210 13.277596473693848 85149
1626719819183 13.243383407592773 85199
1626719847515 13.080257415771484 85249
1626719880095 13.184904098510742 85299
1626719914911 13.283038139343262 85349
1626719947943 13.294947624206543 85399
1626719979320 13.274438858032227 85449
1626720008666 13.191011428833008 85499
1626720040216 13.18808364868164 85549
1626720070999 12.935653686523438 85599
1626720103189 13.085834503173828 85649
1626720136737 13.264296531677246 85699
1626720170868 13.210487365722656 85749
1626720203417 13.463829040527344 85799
1626720236181 12.64281940460205 85849
1626720270833 13.216286659240723 85899
1626720302211 13.33291244506836 85949
1626720335225 13.492321014404297 85999
1626720368536 13.063360214233398 86049
1626720403130 13.049830436706543 86099
1626720437298 13.159523010253906 86149
1626720468580 13.194570541381836 86199
1626720503129 13.128265380859375 86249
1626720535843 13.2740478515625 86299
1626720566978 13.44193172454834 86349
1626720596062 13.151171684265137 86399
1626720629621 13.203195571899414 86449
1626720658666 13.096217155456543 86499
1626720686832 13.273955345153809 86549
1626720719738 12.98525333404541 86599
1626720753321 13.09780502319336 86649
1626720782578 12.894512176513672 86699
1626720811388 13.229898452758789 86749
1626720841075 13.317985534667969 86799
1626720874238 13.221479415893555 86849
1626720907781 13.127453804016113 86899
1626720940280 13.164934158325195 86949
1626720972085 13.099981307983398 86999
1626721004400 13.267328262329102 87049
1626721037320 13.060783386230469 87099
1626721069701 13.041641235351562 87149
1626721100668 13.212040901184082 87199
1626721132570 12.962362289428711 87249
1626721165093 13.19321060180664 87299
1626721198273 13.186925888061523 87349
1626721231284 12.813789367675781 87399
1626721262848 13.443138122558594 87449
1626721293212 13.427116394042969 87499
1626721563142 13.427116394042969 27
1626721601047 13.233865737915039 87549
1626721632909 13.062030792236328 87599
1626721666319 13.098833084106445 87649
1626721696483 13.22273063659668 87699
1626721726737 13.042190551757812 87749
1626721754783 13.090085983276367 87799
1626721782695 13.062021255493164 87849
1626721813602 13.036760330200195 87899
1626721841578 13.118712425231934 87949
1626721869538 13.151623725891113 87999
1626721897553 13.01535415649414 88049
1626721925694 13.117697715759277 88099
1626721953612 13.248008728027344 88149
1626721981602 13.483335494995117 88199
1626722009562 13.185439109802246 88249
1626722037505 13.115816116333008 88299
1626722065620 13.182791709899902 88349
1626722093774 13.505910873413086 88399
1626722121851 13.263681411743164 88449
1626722150025 13.085785865783691 88499
1626722178108 13.25709342956543 88549
1626722206118 12.946758270263672 88599
1626722234156 13.143261909484863 88649
1626722262956 12.925235748291016 88699
1626722295419 13.266929626464844 88749
1626722328419 13.093536376953125 88799
1626722359586 13.077432632446289 88849
1626722392008 12.971522331237793 88899
1626722424453 13.140741348266602 88949
1626722458341 13.190778732299805 88999
1626722489376 13.182938575744629 89049
1626722524138 13.16399097442627 89099
1626722557191 13.103034973144531 89149
1626722590204 13.19603157043457 89199
1626722622063 13.22938346862793 89249
1626722656757 13.433252334594727 89299
1626722688466 13.282455444335938 89349
1626722717487 12.835474967956543 89399
1626722749749 13.159164428710938 89449
1626722779546 13.086885452270508 89499
1626722811623 12.745413780212402 89549
1626722842884 13.047035217285156 89599
1626722876992 13.006179809570312 89649
1626722906758 13.276264190673828 89699
1626722938115 13.11025619506836 89749
1626722969987 13.354277610778809 89799
1626723000655 13.063139915466309 89849
1626723029848 13.35966682434082 89899
1626723061867 13.261906623840332 89949
1626723093273 12.943690299987793 89999
1626723127255 13.083337783813477 90049
1626723158860 13.217058181762695 90099
1626723188129 13.343250274658203 90149
1626723221368 13.516880989074707 90199
1626723254642 13.158610343933105 90249
1626723288575 13.089334487915039 90299
1626723321164 12.995365142822266 90349
1626723352310 13.150184631347656 90399
1626723381685 13.152375221252441 90449
1626723413336 13.326892852783203 90499
1626723446439 13.12397575378418 90549
1626723474715 13.357305526733398 90599
1626723758713 13.339176177978516 28
1626723777996 13.184662818908691 90649
1626723807000 13.34090518951416 90699
1626723835077 13.237808227539062 90749
1626723863641 13.07807731628418 90799
1626723893191 13.114540100097656 90849
1626723921149 13.050257682800293 90899
1626723951877 12.95474624633789 90949
1626723981760 12.917730331420898 90999
1626724013097 12.981367111206055 91049
1626724043305 13.105290412902832 91099
1626724071406 13.041156768798828 91149
1626724099332 13.228717803955078 91199
1626724127440 13.249971389770508 91249
1626724155983 12.922260284423828 91299
1626724184820 13.3240385055542 91349
1626724213408 13.270176887512207 91399
1626724244548 13.201669692993164 91449
1626724275765 13.0377836227417 91499
1626724303892 13.29104232788086 91549
1626724332653 13.149986267089844 91599
1626724365155 13.121280670166016 91649
1626724397755 13.188996315002441 91699
1626724427876 13.041423797607422 91749
1626724460933 13.04006576538086 91799
1626724492389 13.020519256591797 91849
1626724523192 13.158039093017578 91899
1626724553552 13.235145568847656 91949
1626724585794 13.294381141662598 91999
1626724618574 12.980793952941895 92049
1626724649941 13.262226104736328 92099
1626724682936 13.350028991699219 92149
1626724714498 13.018736839294434 92199
1626724746112 13.224883079528809 92249
1626724779275 12.938672065734863 92299
1626724810789 13.209379196166992 92349
1626724839253 13.418073654174805 92399
1626724871288 13.11626148223877 92449
1626724902647 13.242368698120117 92499
1626724933842 13.192676544189453 92549
1626724966674 13.122069358825684 92599
1626724999459 13.080820083618164 92649
1626725030027 13.24850845336914 92699
1626725058148 12.77676010131836 92749
1626725087275 13.12979793548584 92799
1626725119155 13.244245529174805 92849
1626725149974 13.382588386535645 92899
1626725183214 13.26609992980957 92949
1626725216273 12.950014114379883 92999
1626725249521 13.089982032775879 93049
1626725283830 13.030447006225586 93099
1626725316880 13.184663772583008 93149
1626725349321 13.148942947387695 93199
1626725381326 13.034960746765137 93249
1626725414209 13.018009185791016 93299
1626725446194 13.210351943969727 93349
1626725474780 13.204290390014648 93399
1626725504276 13.371145248413086 93449
1626725533658 13.302143096923828 93499
1626725562161 12.876988410949707 93549
1626725591195 13.087661743164062 93599
1626725621242 13.319757461547852 93649
1626725652504 13.290678977966309 93699
1626725682902 13.51190185546875 93749
1626725949753 13.51190185546875 29
