1626657347014 17.378456115722656 0
1626659763027 15.897132873535156 1
1626662193426 15.588431358337402 2
1626664646638 15.614505767822266 3
1626667073146 14.94569206237793 4
1626669511217 14.341951370239258 5
1626671944112 14.48239517211914 6
1626674309655 14.502472877502441 7
1626676679855 14.0213623046875 8
1626679065094 14.102627754211426 9
1626681421325 13.971245765686035 10
1626683784050 14.025876998901367 11
1626686152810 13.907844543457031 12
1626688524983 14.084146499633789 13
1626690875961 13.793468475341797 14
1626693191273 13.760693550109863 15
1626695595216 13.409650802612305 16
1626698008720 13.538663864135742 17
1626700379141 13.49608325958252 18
1626702794509 13.092174530029297 19
1626705198269 13.305038452148438 20
1626707643340 13.49731159210205 21
1626710038285 13.452088356018066 22
1626712379333 13.158308029174805 23
1626714732459 13.3076171875 24
1626717060947 13.233123779296875 25
1626719329248 13.259405136108398 26
1626721563142 13.427116394042969 27
1626723758713 13.339176177978516 28
1626725949753 13.51190185546875 29
