1626657065001 20.356307983398438 3124
1626657347014 20.356307983398438 0
1626659477352 16.390727996826172 6249
1626659763027 16.390727996826172 1
1626661910892 15.781105041503906 9374
1626662193426 15.781105041503906 2
1626664366446 15.285924911499023 12499
1626664646638 15.285924911499023 3
1626666783926 14.942512512207031 15624
1626667073146 14.942512512207031 4
1626669201708 14.694510459899902 18749
1626669511217 14.694510459899902 5
1626671658395 14.562355041503906 21874
1626671944112 14.562355041503906 6
1626674025063 14.410472869873047 24999
1626674309655 14.410472869873047 7
1626676397071 14.277295112609863 28124
1626676679855 14.277295112609863 8
1626678775942 14.149620056152344 31249
1626679065094 14.149620056152344 9
1626681124373 14.066184043884277 34374
1626681421325 14.066184043884277 10
1626683498629 13.975360870361328 37499
1626683784050 13.975360870361328 11
1626685866364 13.90904712677002 40624
1626686152810 13.90904712677002 12
1626688242309 13.83765983581543 43749
1626688524983 13.83765983581543 13
1626690593482 13.758523941040039 46874
1626690875961 13.758523941040039 14
1626692898803 13.693561553955078 49999
1626693191273 13.693561553955078 15
1626695311339 13.632762908935547 53124
1626695595216 13.632762908935547 16
1626697725494 13.577126502990723 56249
1626698008720 13.577126502990723 17
1626700099089 13.520984649658203 59374
1626700379141 13.520984649658203 18
1626702503926 13.468777656555176 62499
1626702794509 13.468777656555176 19
1626704915651 13.426210403442383 65624
1626705198269 13.426210403442383 20
1626707345474 13.375325202941895 68749
1626707643340 13.375325202941895 21
1626709757589 13.328763961791992 71874
1626710038285 13.328763961791992 22
1626712095753 13.290142059326172 74999
1626712379333 13.290142059326172 23
1626714447659 13.253162384033203 78124
1626714732459 13.253162384033203 24
1626716783526 13.222620010375977 81249
1626717060947 13.222620010375977 25
1626719058617 13.197882652282715 84374
1626719329248 13.197882652282715 26
1626721293820 13.176352500915527 87499
1626721563142 13.176352500915527 27
1626723491557 13.16660213470459 90624
1626723758713 13.16660213470459 28
1626725683323 13.155489921569824 93749
1626725949753 13.155489921569824 29
