1625152665500 0 49
1625152676715 0 99
1625152687854 0 149
1625152698927 0 199
1625152709979 0 249
1625152721024 0 299
1625152732023 0 349
1625152743028 0 399
1625152754063 0 449
1625152765082 0 499
1625152776108 0 549
1625152787121 0 599
1625152798119 0 649
1625152809210 0 699
1625152820261 0 749
1625152831336 0 799
1625152842429 0 849
1625152853478 0 899
1625152864510 0 949
1625152875531 0 999
1625152886517 0 1049
1625152897526 0 1099
1625152908514 0 1149
1625152919571 0 1199
1625152930644 0 1249
1625152943152 0 1299
1625152954778 0 1349
1625152965924 0 1399
1625152977150 0 1449
1625152988511 0 1499
1625152999803 0 1549
1625153011123 0 1599
1625153022446 0 1649
1625153033694 0 1699
1625153045016 0 1749
1625153056327 0 1799
1625153067784 0 1849
1625153079213 0 1899
1625153090613 0 1949
1625153101917 0 1999
1625153113269 0 2049
1625153124526 0 2099
1625153135748 0 2149
1625153147207 0 2199
1625153158623 0 2249
1625153169908 0 2299
1625153181183 0 2349
1625153192473 0 2399
1625153203861 0 2449
1625153215211 0 2499
1625153226576 0 2549
1625153237972 0 2599
1625153249384 0 2649
1625153261369 0 2699
1625153272861 0 2749
1625153284292 0 2799
1625153295579 0 2849
1625153306993 0 2899
1625153318346 0 2949
1625153329706 0 2999
1625153340973 0 3049
1625153352184 0 3099
1625153363609 0 3149
1625153374873 0 3199
1625153386220 0 3249
1625153397503 0 3299
1625153408848 0 3349
1625153420149 0 3399
1625153431500 0 3449
1625153442723 0 3499
1625153453935 0 3549
1625153465275 0 3599
1625153476675 0 3649
1625153487936 0 3699
1625153499237 0 3749
1625153510592 0 3799
1625153521905 0 3849
1625153533225 0 3899
1625153544661 0 3949
1625153555978 0 3999
1625153567278 0 4049
1625153578559 0 4099
1625153589856 0 4149
1625153601094 0 4199
1625153612331 0 4249
1625153623559 0 4299
1625153634952 0 4349
1625153646206 0 4399
1625153657511 0 4449
1625153668855 0 4499
1625153680206 0 4549
1625153691550 0 4599
1625153702951 0 4649
1625153714232 0 4699
1625153725574 0 4749
1625153736863 0 4799
1625153748143 0 4849
1625153759814 0 4899
1625153771044 0 4949
1625153782350 0 4999
1625153793601 0 5049
1625153804970 0 5099
1625153816387 0 5149
1625153827752 0 5199
1625153839138 0 5249
1625153850464 0 5299
1625153861829 0 5349
1625153873075 0 5399
1625153884387 0 5449
1625153895738 0 5499
1625153906973 0 5549
1625153918292 0 5599
1625153929606 0 5649
1625153941097 0 5699
1625153952826 0 5749
1625153964179 0 5799
1625153975458 0 5849
1625153986751 0 5899
1625153998148 0 5949
1625154009580 0 5999
1625154020881 0 6049
1625154032249 0 6099
1625154043496 0 6149
1625154054924 0 6199
1625154068323 0 6249
1625154069161 0 6249
1625154269810 0 6249
1625154291066 1 6299
1625154302300 1 6349
1625154313502 1 6399
1625154324691 1 6449
1625154335899 1 6499
1625154347207 1 6549
1625154358431 1 6599
1625154369525 1 6649
1625154380749 1 6699
1625154391849 1 6749
1625154402946 1 6799
1625154414025 1 6849
1625154425075 1 6899
1625154436122 1 6949
1625154447146 1 6999
1625154458178 1 7049
1625154469327 1 7099
1625154480451 1 7149
1625154491595 1 7199
1625154502710 1 7249
1625154513823 1 7299
1625154524941 1 7349
1625154535941 1 7399
1625154547098 1 7449
1625154558283 1 7499
1625154569386 1 7549
1625154580495 1 7599
1625154591721 1 7649
1625154603054 1 7699
1625154614410 1 7749
1625154625859 1 7799
1625154637193 1 7849
1625154648368 1 7899
1625154659786 1 7949
1625154671103 1 7999
1625154682443 1 8049
1625154694005 1 8099
1625154705221 1 8149
1625154716657 1 8199
1625154727993 1 8249
1625154739335 1 8299
1625154750697 1 8349
1625154762010 1 8399
1625154773334 1 8449
1625154784779 1 8499
1625154796079 1 8549
1625154807509 1 8599
1625154818974 1 8649
1625154830370 1 8699
1625154841753 1 8749
1625154853063 1 8799
1625154864295 1 8849
1625154875645 1 8899
1625154886963 1 8949
1625154898286 1 8999
1625154909668 1 9049
1625154921064 1 9099
1625154932381 1 9149
1625154943637 1 9199
1625154955054 1 9249
1625154966368 1 9299
1625154977703 1 9349
1625154989129 1 9399
1625155000570 1 9449
1625155012003 1 9499
1625155023268 1 9549
1625155034675 1 9599
1625155045901 1 9649
1625155057227 1 9699
1625155068546 1 9749
1625155079913 1 9799
1625155091315 1 9849
1625155102794 1 9899
1625155114175 1 9949
1625155125531 1 9999
1625155136904 1 10049
1625155148173 1 10099
1625155159492 1 10149
1625155170945 1 10199
1625155182283 1 10249
1625155193704 1 10299
1625155204970 1 10349
1625155216402 1 10399
1625155227745 1 10449
1625155238964 1 10499
1625155250240 1 10549
1625155261464 1 10599
1625155272784 1 10649
1625155284200 1 10699
1625155295579 1 10749
1625155306903 1 10799
1625155318227 1 10849
1625155329649 1 10899
1625155341047 1 10949
1625155352375 1 10999
1625155363646 1 11049
1625155374962 1 11099
1625155386416 1 11149
1625155397939 1 11199
1625155409450 1 11249
1625155420963 1 11299
1625155432492 1 11349
1625155443912 1 11399
1625155455283 1 11449
1625155466796 1 11499
1625155478467 1 11549
1625155489973 1 11599
1625155501519 1 11649
1625155513002 1 11699
1625155524633 1 11749
1625155536258 1 11799
1625155547643 1 11849
1625155559269 1 11899
1625155570765 1 11949
1625155582251 1 11999
1625155593869 1 12049
1625155605305 1 12099
1625155616769 1 12149
1625155628229 1 12199
1625155639529 1 12249
1625155650844 1 12299
1625155662353 1 12349
1625155673793 1 12399
1625155685151 1 12449
1625155698643 1 12499
1625155699455 1 12499
1625155877468 1 12499
1625155897945 2 12549
1625155909233 2 12599
1625155920567 2 12649
1625155931852 2 12699
1625155943122 2 12749
1625155954386 2 12799
1625155965743 2 12849
1625155976969 2 12899
1625155988271 2 12949
1625155999530 2 12999
1625156010766 2 13049
1625156021928 2 13099
1625156033232 2 13149
1625156044450 2 13199
1625156055581 2 13249
1625156066829 2 13299
1625156078069 2 13349
1625156089192 2 13399
1625156100317 2 13449
1625156111452 2 13499
1625156122552 2 13549
1625156133610 2 13599
1625156144672 2 13649
1625156155775 2 13699
1625156166908 2 13749
1625156178018 2 13799
1625156189180 2 13849
1625156200379 2 13899
1625156211875 2 13949
1625156223401 2 13999
1625156234830 2 14049
1625156246153 2 14099
1625156257574 2 14149
1625156268835 2 14199
1625156280176 2 14249
1625156291441 2 14299
1625156302814 2 14349
1625156314279 2 14399
1625156325655 2 14449
1625156336914 2 14499
1625156348203 2 14549
1625156359523 2 14599
1625156371075 2 14649
1625156382364 2 14699
1625156393586 2 14749
1625156405030 2 14799
1625156416324 2 14849
1625156427698 2 14899
1625156439130 2 14949
1625156450556 2 14999
1625156461888 2 15049
1625156473261 2 15099
1625156484688 2 15149
1625156496058 2 15199
1625156507502 2 15249
1625156518701 2 15299
1625156529981 2 15349
1625156541323 2 15399
1625156552664 2 15449
1625156563958 2 15499
1625156575352 2 15549
1625156586718 2 15599
1625156598163 2 15649
1625156609449 2 15699
1625156620901 2 15749
1625156632414 2 15799
1625156643766 2 15849
1625156655114 2 15899
1625156666439 2 15949
1625156677809 2 15999
1625156689091 2 16049
1625156700465 2 16099
1625156711806 2 16149
1625156723176 2 16199
1625156734613 2 16249
1625156745975 2 16299
1625156757262 2 16349
1625156768755 2 16399
1625156780049 2 16449
1625156791414 2 16499
1625156802758 2 16549
1625156814078 2 16599
1625156825518 2 16649
1625156836801 2 16699
1625156848165 2 16749
1625156859640 2 16799
1625156871015 2 16849
1625156882406 2 16899
1625156893849 2 16949
1625156905214 2 16999
1625156916564 2 17049
1625156928059 2 17099
1625156939459 2 17149
1625156950815 2 17199
1625156962225 2 17249
1625156973584 2 17299
1625156984963 2 17349
1625156996514 2 17399
1625157008071 2 17449
1625157019491 2 17499
1625157030997 2 17549
1625157042660 2 17599
1625157054168 2 17649
1625157065621 2 17699
1625157077036 2 17749
1625157088564 2 17799
1625157099997 2 17849
1625157111480 2 17899
1625157122897 2 17949
1625157134353 2 17999
1625157145868 2 18049
1625157157325 2 18099
1625157168853 2 18149
1625157180571 2 18199
1625157192104 2 18249
1625157203619 2 18299
1625157215125 2 18349
1625157226776 2 18399
1625157238317 2 18449
1625157249743 2 18499
1625157261332 2 18549
1625157272935 2 18599
1625157284513 2 18649
1625157296077 2 18699
1625157309677 2 18749
1625157310711 2 18749
1625157502820 2 18749
1625157522975 3 18799
1625157534182 3 18849
1625157545399 3 18899
1625157556570 3 18949
1625157567738 3 18999
1625157578901 3 19049
1625157590254 3 19099
1625157601447 3 19149
1625157612667 3 19199
1625157623895 3 19249
1625157635134 3 19299
1625157646424 3 19349
1625157657647 3 19399
1625157668895 3 19449
1625157680180 3 19499
1625157691488 3 19549
1625157702756 3 19599
1625157714011 3 19649
1625157725359 3 19699
1625157736664 3 19749
1625157748006 3 19799
1625157759361 3 19849
1625157770470 3 19899
1625157781808 3 19949
1625157792957 3 19999
1625157804052 3 20049
1625157815269 3 20099
1625157826628 3 20149
1625157838059 3 20199
1625157849595 3 20249
1625157860983 3 20299
1625157872441 3 20349
1625157883791 3 20399
1625157895211 3 20449
1625157906682 3 20499
1625157918229 3 20549
1625157929642 3 20599
1625157940918 3 20649
1625157952245 3 20699
1625157963673 3 20749
1625157975096 3 20799
1625157986507 3 20849
1625157997975 3 20899
1625158009370 3 20949
1625158020671 3 20999
1625158032087 3 21049
1625158043548 3 21099
1625158054978 3 21149
1625158066447 3 21199
1625158077780 3 21249
1625158089212 3 21299
1625158100591 3 21349
1625158111949 3 21399
1625158123284 3 21449
1625158134761 3 21499
1625158146110 3 21549
1625158157497 3 21599
1625158168931 3 21649
1625158180250 3 21699
1625158191639 3 21749
1625158203112 3 21799
1625158214441 3 21849
1625158225849 3 21899
1625158237246 3 21949
1625158248570 3 21999
1625158259911 3 22049
1625158271430 3 22099
1625158283000 3 22149
1625158294421 3 22199
1625158305884 3 22249
1625158317280 3 22299
1625158328747 3 22349
1625158340262 3 22399
1625158351663 3 22449
1625158363202 3 22499
1625158374811 3 22549
1625158386261 3 22599
1625158397738 3 22649
1625158409203 3 22699
1625158420723 3 22749
1625158432195 3 22799
1625158443718 3 22849
1625158455159 3 22899
1625158466621 3 22949
1625158477990 3 22999
1625158489617 3 23049
1625158501103 3 23099
1625158512472 3 23149
1625158523933 3 23199
1625158535211 3 23249
1625158546623 3 23299
1625158558048 3 23349
1625158569455 3 23399
1625158580959 3 23449
1625158592491 3 23499
1625158604120 3 23549
1625158615466 3 23599
1625158626924 3 23649
1625158638405 3 23699
1625158649970 3 23749
1625158661624 3 23799
1625158673179 3 23849
1625158684721 3 23899
1625158696402 3 23949
1625158707944 3 23999
1625158719567 3 24049
1625158730963 3 24099
1625158742661 3 24149
1625158754072 3 24199
1625158765576 3 24249
1625158777044 3 24299
1625158788435 3 24349
1625158799958 3 24399
1625158811438 3 24449
1625158822895 3 24499
1625158834358 3 24549
1625158845848 3 24599
1625158857466 3 24649
1625158869092 3 24699
1625158880736 3 24749
1625158892248 3 24799
1625158905990 3 24849
1625158917576 3 24899
1625158929150 3 24949
1625158942780 3 24999
1625158943666 3 24999
1625159141792 3 24999
1625159161857 4 25049
1625159173033 4 25099
1625159184195 4 25149
1625159195310 4 25199
1625159206465 4 25249
1625159217583 4 25299
1625159228839 4 25349
1625159239986 4 25399
1625159251153 4 25449
1625159262322 4 25499
1625159273448 4 25549
1625159284555 4 25599
1625159295778 4 25649
1625159307092 4 25699
1625159318371 4 25749
1625159329618 4 25799
1625159340933 4 25849
1625159352093 4 25899
1625159363377 4 25949
1625159374643 4 25999
1625159385945 4 26049
1625159397301 4 26099
1625159408596 4 26149
1625159419830 4 26199
1625159431161 4 26249
1625159442608 4 26299
1625159453835 4 26349
1625159465295 4 26399
1625159476742 4 26449
1625159488355 4 26499
1625159499781 4 26549
1625159511258 4 26599
1625159522627 4 26649
1625159533942 4 26699
1625159545435 4 26749
1625159556869 4 26799
1625159568269 4 26849
1625159579665 4 26899
1625159591120 4 26949
1625159602591 4 26999
1625159614016 4 27049
1625159625363 4 27099
1625159636828 4 27149
1625159648264 4 27199
1625159659736 4 27249
1625159671194 4 27299
1625159682561 4 27349
1625159693987 4 27399
1625159705431 4 27449
1625159716923 4 27499
1625159728437 4 27549
1625159739901 4 27599
1625159751226 4 27649
1625159762611 4 27699
1625159774024 4 27749
1625159785450 4 27799
1625159796852 4 27849
1625159808213 4 27899
1625159819665 4 27949
1625159831134 4 27999
1625159842472 4 28049
1625159853889 4 28099
1625159865371 4 28149
1625159876754 4 28199
1625159888111 4 28249
1625159899510 4 28299
1625159910937 4 28349
1625159922340 4 28399
1625159933697 4 28449
1625159945169 4 28499
1625159956632 4 28549
1625159968068 4 28599
1625159979477 4 28649
1625159990902 4 28699
1625160002288 4 28749
1625160013775 4 28799
1625160025140 4 28849
1625160036524 4 28899
1625160047990 4 28949
1625160059379 4 28999
1625160070691 4 29049
1625160082048 4 29099
1625160093394 4 29149
1625160104801 4 29199
1625160116115 4 29249
1625160127600 4 29299
1625160139067 4 29349
1625160150471 4 29399
1625160161765 4 29449
1625160173030 4 29499
1625160184452 4 29549
1625160195836 4 29599
1625160207178 4 29649
1625160218787 4 29699
1625160230347 4 29749
1625160241873 4 29799
1625160253285 4 29849
1625160264857 4 29899
1625160276375 4 29949
1625160287845 4 29999
1625160299403 4 30049
1625160310786 4 30099
1625160322286 4 30149
1625160333961 4 30199
1625160345431 4 30249
1625160356874 4 30299
1625160368155 4 30349
1625160379634 4 30399
1625160390975 4 30449
1625160402408 4 30499
1625160413750 4 30549
1625160425158 4 30599
1625160436585 4 30649
1625160447994 4 30699
1625160459388 4 30749
1625160470834 4 30799
1625160482288 4 30849
1625160493696 4 30899
1625160504949 4 30949
1625160516402 4 30999
1625160527978 4 31049
1625160539444 4 31099
1625160550865 4 31149
1625160562478 4 31199
1625160576090 4 31249
1625160576983 4 31249
1625160764980 4 31249
1625160784463 5 31299
1625160795484 5 31349
1625160806523 5 31399
1625160817606 5 31449
1625160828799 5 31499
1625160839923 5 31549
1625160851021 5 31599
1625160862118 5 31649
1625160873294 5 31699
1625160884367 5 31749
1625160895463 5 31799
1625160906555 5 31849
1625160917653 5 31899
1625160928741 5 31949
1625160939824 5 31999
1625160950949 5 32049
1625160962178 5 32099
1625160973298 5 32149
1625160984361 5 32199
1625160995521 5 32249
1625161006770 5 32299
1625161018066 5 32349
1625161029438 5 32399
1625161040745 5 32449
1625161052020 5 32499
1625161063331 5 32549
1625161074586 5 32599
1625161085988 5 32649
1625161097551 5 32699
1625161109139 5 32749
1625161120662 5 32799
1625161132211 5 32849
1625161143724 5 32899
1625161155273 5 32949
1625161166869 5 32999
1625161178316 5 33049
1625161189806 5 33099
1625161201162 5 33149
1625161212537 5 33199
1625161223894 5 33249
1625161235323 5 33299
1625161246640 5 33349
1625161257993 5 33399
1625161269386 5 33449
1625161280885 5 33499
1625161292240 5 33549
1625161303575 5 33599
1625161314917 5 33649
1625161326279 5 33699
1625161337710 5 33749
1625161349072 5 33799
1625161360491 5 33849
1625161371942 5 33899
1625161383475 5 33949
1625161394949 5 33999
1625161406336 5 34049
1625161417675 5 34099
1625161429073 5 34149
1625161440419 5 34199
1625161451743 5 34249
1625161463195 5 34299
1625161474643 5 34349
1625161486100 5 34399
1625161497527 5 34449
1625161508885 5 34499
1625161520225 5 34549
1625161531564 5 34599
1625161543147 5 34649
1625161554515 5 34699
1625161565867 5 34749
1625161577310 5 34799
1625161588830 5 34849
1625161600233 5 34899
1625161611686 5 34949
1625161622895 5 34999
1625161634284 5 35049
1625161645674 5 35099
1625161657052 5 35149
1625161668490 5 35199
1625161679911 5 35249
1625161691246 5 35299
1625161702485 5 35349
1625161713777 5 35399
1625161725102 5 35449
1625161736307 5 35499
1625161747731 5 35549
1625161758983 5 35599
1625161770339 5 35649
1625161781612 5 35699
1625161793021 5 35749
1625161804419 5 35799
1625161815808 5 35849
1625161827309 5 35899
1625161838771 5 35949
1625161850208 5 35999
1625161861825 5 36049
1625161873412 5 36099
1625161884971 5 36149
1625161896548 5 36199
1625161908079 5 36249
1625161919603 5 36299
1625161931117 5 36349
1625161942577 5 36399
1625161954191 5 36449
1625161965594 5 36499
1625161977107 5 36549
1625161988428 5 36599
1625161999780 5 36649
1625162011307 5 36699
1625162022742 5 36749
1625162034101 5 36799
1625162045472 5 36849
1625162056838 5 36899
1625162068297 5 36949
1625162079661 5 36999
1625162091028 5 37049
1625162102468 5 37099
1625162113900 5 37149
1625162125208 5 37199
1625162136622 5 37249
1625162148138 5 37299
1625162159591 5 37349
1625162170931 5 37399
1625162182333 5 37449
1625162196387 5 37499
1625162197846 5 37499
1625162394918 5 37499
1625162414866 6 37549
1625162426036 6 37599
1625162437167 6 37649
1625162448340 6 37699
1625162459464 6 37749
1625162470531 6 37799
1625162481646 6 37849
1625162492831 6 37899
1625162503915 6 37949
1625162515194 6 37999
1625162526377 6 38049
1625162537483 6 38099
1625162548629 6 38149
1625162559734 6 38199
1625162570873 6 38249
1625162582008 6 38299
1625162593158 6 38349
1625162604249 6 38399
1625162615420 6 38449
1625162626620 6 38499
1625162637772 6 38549
1625162648949 6 38599
1625162660030 6 38649
1625162671185 6 38699
1625162682393 6 38749
1625162693600 6 38799
1625162704953 6 38849
1625162716408 6 38899
1625162728154 6 38949
1625162739703 6 38999
1625162751212 6 39049
1625162762810 6 39099
1625162774312 6 39149
1625162785766 6 39199
1625162797432 6 39249
1625162808938 6 39299
1625162820578 6 39349
1625162832277 6 39399
1625162843850 6 39449
1625162855429 6 39499
1625162866891 6 39549
1625162878292 6 39599
1625162889939 6 39649
1625162901297 6 39699
1625162912857 6 39749
1625162924240 6 39799
1625162935679 6 39849
1625162947082 6 39899
1625162958501 6 39949
1625162969862 6 39999
1625162981374 6 40049
1625162992710 6 40099
1625163004096 6 40149
1625163015534 6 40199
1625163026981 6 40249
1625163038293 6 40299
1625163049699 6 40349
1625163061078 6 40399
1625163072439 6 40449
1625163083856 6 40499
1625163095285 6 40549
1625163106699 6 40599
1625163118088 6 40649
1625163129466 6 40699
1625163140893 6 40749
1625163152486 6 40799
1625163163924 6 40849
1625163175452 6 40899
1625163186793 6 40949
1625163198233 6 40999
1625163209692 6 41049
1625163221000 6 41099
1625163232436 6 41149
1625163243820 6 41199
1625163255229 6 41249
1625163266640 6 41299
1625163278072 6 41349
1625163289431 6 41399
1625163300788 6 41449
1625163312221 6 41499
1625163323529 6 41549
1625163334972 6 41599
1625163346364 6 41649
1625163357764 6 41699
1625163369130 6 41749
1625163380539 6 41799
1625163391913 6 41849
1625163403250 6 41899
1625163414700 6 41949
1625163426254 6 41999
1625163437737 6 42049
1625163449232 6 42099
1625163460859 6 42149
1625163472551 6 42199
1625163484050 6 42249
1625163495699 6 42299
1625163507110 6 42349
1625163518628 6 42399
1625163530043 6 42449
1625163541591 6 42499
1625163553230 6 42549
1625163564672 6 42599
1625163576318 6 42649
1625163587661 6 42699
1625163599013 6 42749
1625163610481 6 42799
1625163621965 6 42849
1625163633334 6 42899
1625163644810 6 42949
1625163656230 6 42999
1625163667646 6 43049
1625163678973 6 43099
1625163690296 6 43149
1625163701707 6 43199
1625163713164 6 43249
1625163724434 6 43299
1625163735731 6 43349
1625163747126 6 43399
1625163760050 6 43449
1625163771407 6 43499
1625163782800 6 43549
1625163794249 6 43599
1625163805593 6 43649
1625163817249 6 43699
1625163830884 6 43749
1625163831730 6 43749
1625164020281 6 43749
1625164040737 7 43799
1625164052029 7 43849
1625164063259 7 43899
1625164074584 7 43949
1625164085868 7 43999
1625164096979 7 44049
1625164108216 7 44099
1625164119337 7 44149
1625164130557 7 44199
1625164141695 7 44249
1625164152894 7 44299
1625164164033 7 44349
1625164175179 7 44399
1625164186397 7 44449
1625164197557 7 44499
1625164208648 7 44549
1625164219828 7 44599
1625164230947 7 44649
1625164242117 7 44699
1625164253267 7 44749
1625164264399 7 44799
1625164275744 7 44849
1625164286878 7 44899
1625164298025 7 44949
1625164309133 7 44999
1625164320339 7 45049
1625164331566 7 45099
1625164342791 7 45149
1625164354184 7 45199
1625164365561 7 45249
1625164376931 7 45299
1625164388270 7 45349
1625164399738 7 45399
1625164411539 7 45449
1625164423078 7 45499
1625164434543 7 45549
1625164446146 7 45599
1625164457642 7 45649
1625164469141 7 45699
1625164480653 7 45749
1625164492189 7 45799
1625164503701 7 45849
1625164515273 7 45899
1625164526935 7 45949
1625164538517 7 45999
1625164550038 7 46049
1625164561529 7 46099
1625164573078 7 46149
1625164584492 7 46199
1625164595955 7 46249
1625164607324 7 46299
1625164618812 7 46349
1625164630381 7 46399
1625164641838 7 46449
1625164653206 7 46499
1625164664568 7 46549
1625164675885 7 46599
1625164687204 7 46649
1625164698610 7 46699
1625164709942 7 46749
1625164721428 7 46799
1625164732782 7 46849
1625164744069 7 46899
1625164755444 7 46949
1625164766871 7 46999
1625164778339 7 47049
1625164789639 7 47099
1625164801079 7 47149
1625164812430 7 47199
1625164823861 7 47249
1625164835290 7 47299
1625164846655 7 47349
1625164857952 7 47399
1625164869330 7 47449
1625164880643 7 47499
1625164892092 7 47549
1625164903548 7 47599
1625164914964 7 47649
1625164926481 7 47699
1625164937781 7 47749
1625164949136 7 47799
1625164960473 7 47849
1625164971844 7 47899
1625164983219 7 47949
1625164994669 7 47999
1625165006061 7 48049
1625165017541 7 48099
1625165029013 7 48149
1625165040482 7 48199
1625165052013 7 48249
1625165063578 7 48299
1625165075084 7 48349
1625165086608 7 48399
1625165097942 7 48449
1625165109331 7 48499
1625165120895 7 48549
1625165132469 7 48599
1625165143999 7 48649
1625165155455 7 48699
1625165166767 7 48749
1625165178275 7 48799
1625165189744 7 48849
1625165201139 7 48899
1625165212483 7 48949
1625165223810 7 48999
1625165235318 7 49049
1625165246582 7 49099
1625165257970 7 49149
1625165269412 7 49199
1625165280781 7 49249
1625165292142 7 49299
1625165303630 7 49349
1625165315017 7 49399
1625165326428 7 49449
1625165337666 7 49499
1625165348993 7 49549
1625165360352 7 49599
1625165371808 7 49649
1625165383109 7 49699
1625165394502 7 49749
1625165405960 7 49799
1625165417177 7 49849
1625165428650 7 49899
1625165440411 7 49949
1625165454129 7 49999
1625165455004 7 49999
1625165631093 7 49999
1625165651088 8 50049
1625165662315 8 50099
1625165673553 8 50149
1625165684751 8 50199
1625165696048 8 50249
1625165707269 8 50299
1625165718542 8 50349
1625165729741 8 50399
1625165740909 8 50449
1625165752146 8 50499
1625165763356 8 50549
1625165774555 8 50599
1625165785705 8 50649
1625165796806 8 50699
1625165807903 8 50749
1625165819049 8 50799
1625165830208 8 50849
1625165841295 8 50899
1625165852380 8 50949
1625165863528 8 50999
1625165874609 8 51049
1625165885862 8 51099
1625165897026 8 51149
1625165908148 8 51199
1625165919284 8 51249
1625165930436 8 51299
1625165941589 8 51349
1625165952842 8 51399
1625165964220 8 51449
1625165975635 8 51499
1625165986983 8 51549
1625165998358 8 51599
1625166009761 8 51649
1625166021202 8 51699
1625166032587 8 51749
1625166043960 8 51799
1625166055291 8 51849
1625166066664 8 51899
1625166078006 8 51949
1625166089627 8 51999
1625166101281 8 52049
1625166112807 8 52099
1625166124452 8 52149
1625166136064 8 52199
1625166147794 8 52249
1625166159384 8 52299
1625166170945 8 52349
1625166182409 8 52399
1625166194032 8 52449
1625166205566 8 52499
1625166217160 8 52549
1625166228563 8 52599
1625166240205 8 52649
1625166251694 8 52699
1625166263119 8 52749
1625166274529 8 52799
1625166285869 8 52849
1625166297251 8 52899
1625166308738 8 52949
1625166320204 8 52999
1625166331738 8 53049
1625166343177 8 53099
1625166354553 8 53149
1625166366047 8 53199
1625166377525 8 53249
1625166389087 8 53299
1625166400600 8 53349
1625166412195 8 53399
1625166423713 8 53449
1625166435188 8 53499
1625166446693 8 53549
1625166458116 8 53599
1625166469654 8 53649
1625166481123 8 53699
1625166492565 8 53749
1625166504297 8 53799
1625166515859 8 53849
1625166527283 8 53899
1625166538772 8 53949
1625166550225 8 53999
1625166561790 8 54049
1625166573360 8 54099
1625166584846 8 54149
1625166596406 8 54199
1625166607812 8 54249
1625166619273 8 54299
1625166630849 8 54349
1625166642389 8 54399
1625166654037 8 54449
1625166665610 8 54499
1625166677133 8 54549
1625166688586 8 54599
1625166700028 8 54649
1625166711593 8 54699
1625166722942 8 54749
1625166734462 8 54799
1625166745905 8 54849
1625166757307 8 54899
1625166768675 8 54949
1625166780053 8 54999
1625166791360 8 55049
1625166802799 8 55099
1625166814046 8 55149
1625166825353 8 55199
1625166836631 8 55249
1625166847980 8 55299
1625166859366 8 55349
1625166870647 8 55399
1625166881904 8 55449
1625166893256 8 55499
1625166904631 8 55549
1625166915983 8 55599
1625166927406 8 55649
1625166938782 8 55699
1625166950104 8 55749
1625166961459 8 55799
1625166972861 8 55849
1625166984330 8 55899
1625166995760 8 55949
1625167007018 8 55999
1625167018274 8 56049
1625167029551 8 56099
1625167040865 8 56149
1625167052394 8 56199
1625167066084 8 56249
1625167066926 8 56249
1625167243176 8 56249
1625167262892 9 56299
1625167274023 9 56349
1625167285130 9 56399
1625167296274 9 56449
1625167307516 9 56499
1625167318797 9 56549
1625167329998 9 56599
1625167341242 9 56649
1625167352423 9 56699
1625167363615 9 56749
1625167374870 9 56799
1625167386128 9 56849
1625167397362 9 56899
1625167408539 9 56949
1625167419817 9 56999
1625167431083 9 57049
1625167442378 9 57099
1625167453590 9 57149
1625167464740 9 57199
1625167475840 9 57249
1625167486997 9 57299
1625167498071 9 57349
1625167509281 9 57399
1625167520379 9 57449
1625167531463 9 57499
1625167542578 9 57549
1625167553702 9 57599
1625167564905 9 57649
1625167576327 9 57699
1625167587715 9 57749
1625167598965 9 57799
1625167610348 9 57849
1625167621745 9 57899
1625167633149 9 57949
1625167644511 9 57999
1625167655838 9 58049
1625167667194 9 58099
1625167678586 9 58149
1625167689965 9 58199
1625167701265 9 58249
1625167712545 9 58299
1625167723972 9 58349
1625167735320 9 58399
1625167746573 9 58449
1625167757902 9 58499
1625167769202 9 58549
1625167780603 9 58599
1625167792152 9 58649
1625167803715 9 58699
1625167815237 9 58749
1625167826793 9 58799
1625167838292 9 58849
1625167849871 9 58899
1625167861425 9 58949
1625167872967 9 58999
1625167884351 9 59049
1625167895821 9 59099
1625167907358 9 59149
1625167918860 9 59199
1625167930542 9 59249
1625167941996 9 59299
1625167953451 9 59349
1625167964921 9 59399
1625167976398 9 59449
1625167987701 9 59499
1625167999179 9 59549
1625168010604 9 59599
1625168022008 9 59649
1625168033307 9 59699
1625168044724 9 59749
1625168056064 9 59799
1625168067495 9 59849
1625168078867 9 59899
1625168090219 9 59949
1625168101664 9 59999
1625168113069 9 60049
1625168124496 9 60099
1625168135832 9 60149
1625168147242 9 60199
1625168158579 9 60249
1625168169938 9 60299
1625168181217 9 60349
1625168192621 9 60399
1625168203966 9 60449
1625168215296 9 60499
1625168226679 9 60549
1625168238143 9 60599
1625168249628 9 60649
1625168261096 9 60699
1625168272659 9 60749
1625168284131 9 60799
1625168295437 9 60849
1625168306883 9 60899
1625168318468 9 60949
1625168329854 9 60999
1625168341356 9 61049
1625168352943 9 61099
1625168364339 9 61149
1625168375672 9 61199
1625168387106 9 61249
1625168398637 9 61299
1625168410037 9 61349
1625168421396 9 61399
1625168432892 9 61449
1625168444129 9 61499
1625168455540 9 61549
1625168466884 9 61599
1625168478254 9 61649
1625168489549 9 61699
1625168500895 9 61749
1625168512110 9 61799
1625168523543 9 61849
1625168534968 9 61899
1625168546368 9 61949
1625168557677 9 61999
1625168569071 9 62049
1625168580588 9 62099
1625168592093 9 62149
1625168603375 9 62199
1625168614753 9 62249
1625168626125 9 62299
1625168637472 9 62349
1625168648815 9 62399
1625168660421 9 62449
1625168674024 9 62499
1625168675688 9 62499
1625168855508 9 62499
1625168874955 10 62549
1625168886086 10 62599
1625168897188 10 62649
1625168908292 10 62699
1625168919425 10 62749
1625168930533 10 62799
1625168941698 10 62849
1625168952927 10 62899
1625168964008 10 62949
1625168975200 10 62999
1625168986445 10 63049
1625168997626 10 63099
1625169008810 10 63149
1625169020045 10 63199
1625169031266 10 63249
1625169042470 10 63299
1625169053781 10 63349
1625169065037 10 63399
1625169076293 10 63449
1625169087550 10 63499
1625169098806 10 63549
1625169110086 10 63599
1625169121454 10 63649
1625169132647 10 63699
1625169143826 10 63749
1625169154971 10 63799
1625169166196 10 63849
1625169177494 10 63899
1625169188810 10 63949
1625169200217 10 63999
1625169211585 10 64049
1625169222911 10 64099
1625169234225 10 64149
1625169245564 10 64199
1625169256802 10 64249
1625169268171 10 64299
1625169279538 10 64349
1625169290959 10 64399
1625169302343 10 64449
1625169313658 10 64499
1625169325001 10 64549
1625169336399 10 64599
1625169347842 10 64649
1625169359227 10 64699
1625169370513 10 64749
1625169381897 10 64799
1625169393218 10 64849
1625169404695 10 64899
1625169416095 10 64949
1625169427456 10 64999
1625169438842 10 65049
1625169450202 10 65099
1625169461632 10 65149
1625169473015 10 65199
1625169484521 10 65249
1625169496059 10 65299
1625169507518 10 65349
1625169518981 10 65399
1625169530524 10 65449
1625169542008 10 65499
1625169553640 10 65549
1625169565306 10 65599
1625169576915 10 65649
1625169588424 10 65699
1625169599980 10 65749
1625169611505 10 65799
1625169623103 10 65849
1625169634648 10 65899
1625169646055 10 65949
1625169657515 10 65999
1625169668977 10 66049
1625169680443 10 66099
1625169691795 10 66149
1625169703109 10 66199
1625169714430 10 66249
1625169725933 10 66299
1625169737276 10 66349
1625169748653 10 66399
1625169760203 10 66449
1625169771519 10 66499
1625169782797 10 66549
1625169794138 10 66599
1625169805555 10 66649
1625169816927 10 66699
1625169828335 10 66749
1625169839857 10 66799
1625169851406 10 66849
1625169862781 10 66899
1625169874292 10 66949
1625169885917 10 66999
1625169897409 10 67049
1625169908809 10 67099
1625169920365 10 67149
1625169932057 10 67199
1625169943578 10 67249
1625169955103 10 67299
1625169966442 10 67349
1625169977742 10 67399
1625169989242 10 67449
1625170000581 10 67499
1625170011950 10 67549
1625170023224 10 67599
1625170034576 10 67649
1625170046040 10 67699
1625170057381 10 67749
1625170068804 10 67799
1625170080282 10 67849
1625170091755 10 67899
1625170103107 10 67949
1625170114654 10 67999
1625170126038 10 68049
1625170137356 10 68099
1625170148766 10 68149
1625170160229 10 68199
1625170171656 10 68249
1625170183057 10 68299
1625170194490 10 68349
1625170205948 10 68399
1625170217458 10 68449
1625170229791 10 68499
1625170241203 10 68549
1625170252636 10 68599
1625170264051 10 68649
1625170275590 10 68699
1625170289267 10 68749
1625170290424 10 68749
1625170472243 10 68749
1625170493256 11 68799
1625170504478 11 68849
1625170515621 11 68899
1625170526738 11 68949
1625170537949 11 68999
1625170549093 11 69049
1625170560121 11 69099
1625170571229 11 69149
1625170582356 11 69199
1625170593541 11 69249
1625170604675 11 69299
1625170615853 11 69349
1625170627041 11 69399
1625170638361 11 69449
1625170649532 11 69499
1625170660844 11 69549
1625170672210 11 69599
1625170683420 11 69649
1625170694757 11 69699
1625170706092 11 69749
1625170717315 11 69799
1625170728526 11 69849
1625170739739 11 69899
1625170750980 11 69949
1625170762242 11 69999
1625170773493 11 70049
1625170784719 11 70099
1625170796129 11 70149
1625170807666 11 70199
1625170818990 11 70249
1625170830476 11 70299
1625170841873 11 70349
1625170853278 11 70399
1625170864619 11 70449
1625170876005 11 70499
1625170887433 11 70549
1625170898767 11 70599
1625170910234 11 70649
1625170921503 11 70699
1625170933008 11 70749
1625170944374 11 70799
1625170955719 11 70849
1625170967203 11 70899
1625170978633 11 70949
1625170990045 11 70999
1625171001478 11 71049
1625171013011 11 71099
1625171024427 11 71149
1625171035899 11 71199
1625171047369 11 71249
1625171058933 11 71299
1625171070379 11 71349
1625171081830 11 71399
1625171093199 11 71449
1625171104814 11 71499
1625171116345 11 71549
1625171127740 11 71599
1625171139119 11 71649
1625171150517 11 71699
1625171161802 11 71749
1625171173304 11 71799
1625171184796 11 71849
1625171196356 11 71899
1625171207972 11 71949
1625171219529 11 71999
1625171231142 11 72049
1625171242626 11 72099
1625171254192 11 72149
1625171265754 11 72199
1625171277394 11 72249
1625171288913 11 72299
1625171300395 11 72349
1625171312016 11 72399
1625171323574 11 72449
1625171335134 11 72499
1625171346692 11 72549
1625171358246 11 72599
1625171369818 11 72649
1625171381250 11 72699
1625171392842 11 72749
1625171404185 11 72799
1625171415640 11 72849
1625171427038 11 72899
1625171438495 11 72949
1625171449913 11 72999
1625171461467 11 73049
1625171473028 11 73099
1625171484588 11 73149
1625171496062 11 73199
1625171507688 11 73249
1625171519215 11 73299
1625171530828 11 73349
1625171542351 11 73399
1625171553952 11 73449
1625171565580 11 73499
1625171577353 11 73549
1625171588839 11 73599
1625171600178 11 73649
1625171611567 11 73699
1625171623059 11 73749
1625171634599 11 73799
1625171646157 11 73849
1625171657466 11 73899
1625171668970 11 73949
1625171680476 11 73999
1625171691872 11 74049
1625171703256 11 74099
1625171714639 11 74149
1625171726078 11 74199
1625171737479 11 74249
1625171749038 11 74299
1625171760400 11 74349
1625171771669 11 74399
1625171783066 11 74449
1625171794440 11 74499
1625171805918 11 74549
1625171817296 11 74599
1625171828768 11 74649
1625171840333 11 74699
1625171851737 11 74749
1625171863289 11 74799
1625171874739 11 74849
1625171886143 11 74899
1625171897818 11 74949
1625171911513 11 74999
1625171912498 11 74999
1625172103293 11 74999
1625172124316 12 75049
1625172135609 12 75099
1625172147006 12 75149
1625172158074 12 75199
1625172169208 12 75249
1625172180404 12 75299
1625172191560 12 75349
1625172202699 12 75399
1625172213850 12 75449
1625172225065 12 75499
1625172236227 12 75549
1625172247366 12 75599
1625172258459 12 75649
1625172269586 12 75699
1625172280759 12 75749
1625172291920 12 75799
1625172303149 12 75849
1625172314285 12 75899
1625172325422 12 75949
1625172336643 12 75999
1625172347857 12 76049
1625172359170 12 76099
1625172370423 12 76149
1625172381667 12 76199
1625172393025 12 76249
1625172404326 12 76299
1625172415639 12 76349
1625172427117 12 76399
1625172438708 12 76449
1625172450365 12 76499
1625172461836 12 76549
1625172473491 12 76599
1625172485153 12 76649
1625172496633 12 76699
1625172508107 12 76749
1625172519604 12 76799
1625172530956 12 76849
1625172542324 12 76899
1625172553721 12 76949
1625172565040 12 76999
1625172576624 12 77049
1625172588030 12 77099
1625172599530 12 77149
1625172610851 12 77199
1625172622349 12 77249
1625172633759 12 77299
1625172645120 12 77349
1625172656670 12 77399
1625172668155 12 77449
1625172679578 12 77499
1625172691012 12 77549
1625172702524 12 77599
1625172713928 12 77649
1625172725268 12 77699
1625172736583 12 77749
1625172748020 12 77799
1625172759358 12 77849
1625172770852 12 77899
1625172782284 12 77949
1625172793727 12 77999
1625172805178 12 78049
1625172816644 12 78099
1625172827969 12 78149
1625172839503 12 78199
1625172850923 12 78249
1625172862369 12 78299
1625172873709 12 78349
1625172885072 12 78399
1625172896598 12 78449
1625172908146 12 78499
1625172919844 12 78549
1625172931385 12 78599
1625172943091 12 78649
1625172954702 12 78699
1625172966339 12 78749
1625172977906 12 78799
1625172989415 12 78849
1625173000973 12 78899
1625173012610 12 78949
1625173024058 12 78999
1625173036167 12 79049
1625173047760 12 79099
1625173059236 12 79149
1625173070890 12 79199
1625173082311 12 79249
1625173093947 12 79299
1625173105565 12 79349
1625173117001 12 79399
1625173128556 12 79449
1625173140008 12 79499
1625173151578 12 79549
1625173163130 12 79599
1625173174764 12 79649
1625173186303 12 79699
1625173197741 12 79749
1625173209436 12 79799
1625173220889 12 79849
1625173232557 12 79899
1625173243899 12 79949
1625173255367 12 79999
1625173266847 12 80049
1625173278175 12 80099
1625173289543 12 80149
1625173300941 12 80199
1625173312378 12 80249
1625173323826 12 80299
1625173335274 12 80349
1625173346709 12 80399
1625173358288 12 80449
1625173369639 12 80499
1625173381022 12 80549
1625173392328 12 80599
1625173403765 12 80649
1625173415285 12 80699
1625173426817 12 80749
1625173438280 12 80799
1625173449760 12 80849
1625173461230 12 80899
1625173472557 12 80949
1625173483958 12 80999
1625173495363 12 81049
1625173506793 12 81099
1625173518158 12 81149
1625173529794 12 81199
1625173543680 12 81249
1625173544977 12 81249
1625173728958 12 81249
1625173750024 13 81299
1625173761268 13 81349
1625173772463 13 81399
1625173783669 13 81449
1625173794914 13 81499
1625173805993 13 81549
1625173817295 13 81599
1625173828547 13 81649
1625173839691 13 81699
1625173850930 13 81749
1625173862073 13 81799
1625173873271 13 81849
1625173884399 13 81899
1625173895592 13 81949
1625173906855 13 81999
1625173918005 13 82049
1625173929179 13 82099
1625173940391 13 82149
1625173951611 13 82199
1625173962791 13 82249
1625173973982 13 82299
1625173985172 13 82349
1625173996395 13 82399
1625174007789 13 82449
1625174019109 13 82499
1625174030330 13 82549
1625174041649 13 82599
1625174053073 13 82649
1625174064612 13 82699
1625174076148 13 82749
1625174087524 13 82799
1625174099009 13 82849
1625174110599 13 82899
1625174122239 13 82949
1625174133784 13 82999
1625174145320 13 83049
1625174156939 13 83099
1625174168548 13 83149
1625174180018 13 83199
1625174191645 13 83249
1625174203070 13 83299
1625174214504 13 83349
1625174225914 13 83399
1625174237279 13 83449
1625174248655 13 83499
1625174260134 13 83549
1625174271568 13 83599
1625174282995 13 83649
1625174294503 13 83699
1625174305886 13 83749
1625174317433 13 83799
1625174328845 13 83849
1625174340229 13 83899
1625174351705 13 83949
1625174363101 13 83999
1625174374443 13 84049
1625174385759 13 84099
1625174397236 13 84149
1625174408674 13 84199
1625174420136 13 84249
1625174431579 13 84299
1625174442876 13 84349
1625174454200 13 84399
1625174465566 13 84449
1625174476964 13 84499
1625174488602 13 84549
1625174500102 13 84599
1625174511647 13 84649
1625174523008 13 84699
1625174534430 13 84749
1625174545793 13 84799
1625174557201 13 84849
1625174568564 13 84899
1625174579954 13 84949
1625174591428 13 84999
1625174602927 13 85049
1625174614426 13 85099
1625174625964 13 85149
1625174637569 13 85199
1625174649089 13 85249
1625174660618 13 85299
1625174672245 13 85349
1625174684211 13 85399
1625174695701 13 85449
1625174707214 13 85499
1625174718881 13 85549
1625174730430 13 85599
1625174742076 13 85649
1625174753715 13 85699
1625174765250 13 85749
1625174776892 13 85799
1625174788369 13 85849
1625174799788 13 85899
1625174811572 13 85949
1625174823054 13 85999
1625174834660 13 86049
1625174846281 13 86099
1625174857783 13 86149
1625174869468 13 86199
1625174880929 13 86249
1625174892416 13 86299
1625174903866 13 86349
1625174915199 13 86399
1625174926717 13 86449
1625174938124 13 86499
1625174949538 13 86549
1625174960922 13 86599
1625174972328 13 86649
1625174983872 13 86699
1625174995199 13 86749
1625175006666 13 86799
1625175018013 13 86849
1625175029384 13 86899
1625175040871 13 86949
1625175052361 13 86999
1625175063868 13 87049
1625175075207 13 87099
1625175086556 13 87149
1625175097992 13 87199
1625175109401 13 87249
1625175120789 13 87299
1625175132326 13 87349
1625175143696 13 87399
1625175155340 13 87449
1625175169086 13 87499
1625175172376 13 87499
1625175343613 13 87499
1625175364331 14 87549
1625175375631 14 87599
1625175386896 14 87649
1625175398224 14 87699
1625175409456 14 87749
1625175420701 14 87799
1625175432044 14 87849
1625175443242 14 87899
1625175454425 14 87949
1625175465613 14 87999
1625175476666 14 88049
1625175488353 14 88099
1625175499525 14 88149
1625175510699 14 88199
1625175521920 14 88249
1625175533075 14 88299
1625175544279 14 88349
1625175555454 14 88399
1625175566534 14 88449
1625175577678 14 88499
1625175588807 14 88549
1625175599926 14 88599
1625175611091 14 88649
1625175622205 14 88699
1625175633293 14 88749
1625175644382 14 88799
1625175655646 14 88849
1625175666833 14 88899
1625175678161 14 88949
1625175689678 14 88999
1625175700939 14 89049
1625175712140 14 89099
1625175723567 14 89149
1625175735020 14 89199
1625175746624 14 89249
1625175758146 14 89299
1625175769632 14 89349
1625175781218 14 89399
1625175792601 14 89449
1625175804022 14 89499
1625175815455 14 89549
1625175826885 14 89599
1625175838422 14 89649
1625175849910 14 89699
1625175861479 14 89749
1625175873067 14 89799
1625175884519 14 89849
1625175895796 14 89899
1625175907285 14 89949
1625175918684 14 89999
1625175930106 14 90049
1625175941509 14 90099
1625175952912 14 90149
1625175964415 14 90199
1625175975847 14 90249
1625175987289 14 90299
1625175998586 14 90349
1625176010022 14 90399
1625176021460 14 90449
1625176032749 14 90499
1625176044130 14 90549
1625176055577 14 90599
1625176066883 14 90649
1625176078253 14 90699
1625176089601 14 90749
1625176100956 14 90799
1625176112235 14 90849
1625176123587 14 90899
1625176135125 14 90949
1625176146520 14 90999
1625176157967 14 91049
1625176169433 14 91099
1625176180833 14 91149
1625176192170 14 91199
1625176203505 14 91249
1625176214996 14 91299
1625176226347 14 91349
1625176237708 14 91399
1625176249161 14 91449
1625176260579 14 91499
1625176271892 14 91549
1625176283323 14 91599
1625176294854 14 91649
1625176306237 14 91699
1625176317671 14 91749
1625176329112 14 91799
1625176340694 14 91849
1625176352288 14 91899
1625176363817 14 91949
1625176375449 14 91999
1625176387127 14 92049
1625176398793 14 92099
1625176410256 14 92149
1625176421867 14 92199
1625176433370 14 92249
1625176445133 14 92299
1625176456758 14 92349
1625176468264 14 92399
1625176479921 14 92449
1625176491314 14 92499
1625176503015 14 92549
1625176514570 14 92599
1625176525950 14 92649
1625176537612 14 92699
1625176548999 14 92749
1625176560422 14 92799
1625176571793 14 92849
1625176583167 14 92899
1625176594543 14 92949
1625176605851 14 92999
1625176617110 14 93049
1625176628455 14 93099
1625176639879 14 93149
1625176651237 14 93199
1625176662636 14 93249
1625176674039 14 93299
1625176685489 14 93349
1625176696827 14 93399
1625176708164 14 93449
1625176719524 14 93499
1625176730892 14 93549
1625176742319 14 93599
1625176753621 14 93649
1625176765209 14 93699
1625176778922 14 93749
1625176779817 14 93749
1625176958007 14 93749
1625176978866 15 93799
1625176990106 15 93849
1625177001303 15 93899
1625177013061 15 93949
1625177024293 15 93999
1625177035594 15 94049
1625177046856 15 94099
1625177058037 15 94149
1625177069332 15 94199
1625177080624 15 94249
1625177091677 15 94299
1625177102937 15 94349
1625177114045 15 94399
1625177125149 15 94449
1625177136337 15 94499
1625177147481 15 94549
1625177158627 15 94599
1625177169763 15 94649
1625177180891 15 94699
1625177192023 15 94749
1625177203225 15 94799
1625177214414 15 94849
1625177225539 15 94899
1625177236750 15 94949
1625177247849 15 94999
1625177258955 15 95049
1625177270093 15 95099
1625177281412 15 95149
1625177292786 15 95199
1625177304261 15 95249
1625177315712 15 95299
1625177327101 15 95349
1625177338666 15 95399
1625177349963 15 95449
1625177361509 15 95499
1625177373072 15 95549
1625177384449 15 95599
1625177395891 15 95649
1625177407440 15 95699
1625177419105 15 95749
1625177430701 15 95799
1625177442310 15 95849
1625177453676 15 95899
1625177465218 15 95949
1625177476781 15 95999
1625177488242 15 96049
1625177499858 15 96099
1625177511409 15 96149
1625177523038 15 96199
1625177534635 15 96249
1625177546199 15 96299
1625177557721 15 96349
1625177569250 15 96399
1625177580798 15 96449
1625177592179 15 96499
1625177603727 15 96549
1625177614979 15 96599
1625177626334 15 96649
1625177637748 15 96699
1625177649014 15 96749
1625177660528 15 96799
1625177671982 15 96849
1625177683393 15 96899
1625177694832 15 96949
1625177706169 15 96999
1625177717553 15 97049
1625177729060 15 97099
1625177740455 15 97149
1625177751987 15 97199
1625177763435 15 97249
1625177774860 15 97299
1625177786404 15 97349
1625177797800 15 97399
1625177809404 15 97449
1625177820774 15 97499
1625177832332 15 97549
1625177843997 15 97599
1625177855425 15 97649
1625177866873 15 97699
1625177878360 15 97749
1625177889734 15 97799
1625177901247 15 97849
1625177912540 15 97899
1625177923881 15 97949
1625177935377 15 97999
1625177946814 15 98049
1625177958285 15 98099
1625177969809 15 98149
1625177981298 15 98199
1625177992712 15 98249
1625178004250 15 98299
1625178015810 15 98349
1625178027344 15 98399
1625178038987 15 98449
1625178050545 15 98499
1625178062116 15 98549
1625178073670 15 98599
1625178085232 15 98649
1625178096923 15 98699
1625178108435 15 98749
1625178120014 15 98799
1625178131604 15 98849
1625178143255 15 98899
1625178154848 15 98949
1625178166262 15 98999
1625178177715 15 99049
1625178189250 15 99099
1625178200733 15 99149
1625178212267 15 99199
1625178223819 15 99249
1625178235462 15 99299
1625178246883 15 99349
1625178258352 15 99399
1625178270011 15 99449
1625178281419 15 99499
1625178292896 15 99549
1625178304310 15 99599
1625178315624 15 99649
1625178327125 15 99699
1625178338418 15 99749
1625178349788 15 99799
1625178361175 15 99849
1625178372559 15 99899
1625178384183 15 99949
1625178397947 15 99999
1625178398771 15 99999
1625178567997 15 99999
1625178588729 16 100049
1625178599927 16 100099
1625178611184 16 100149
1625178622418 16 100199
1625178633748 16 100249
1625178644970 16 100299
1625178656236 16 100349
1625178667489 16 100399
1625178678736 16 100449
1625178689980 16 100499
1625178701208 16 100549
1625178712493 16 100599
1625178723756 16 100649
1625178734952 16 100699
1625178746160 16 100749
1625178757331 16 100799
1625178768480 16 100849
1625178779646 16 100899
1625178790842 16 100949
1625178801969 16 100999
1625178813186 16 101049
1625178824385 16 101099
1625178835598 16 101149
1625178846768 16 101199
1625178857909 16 101249
1625178869088 16 101299
1625178880229 16 101349
1625178891574 16 101399
1625178902896 16 101449
1625178914341 16 101499
1625178925759 16 101549
1625178937202 16 101599
1625178948608 16 101649
1625178959947 16 101699
1625178971376 16 101749
1625178982853 16 101799
1625178994226 16 101849
1625179005704 16 101899
1625179017147 16 101949
1625179028573 16 101999
1625179040098 16 102049
1625179051637 16 102099
1625179062999 16 102149
1625179074454 16 102199
1625179085897 16 102249
1625179097273 16 102299
1625179108642 16 102349
1625179120122 16 102399
1625179131721 16 102449
1625179143290 16 102499
1625179154748 16 102549
1625179166280 16 102599
1625179177793 16 102649
1625179189442 16 102699
1625179200955 16 102749
1625179212453 16 102799
1625179223980 16 102849
1625179235383 16 102899
1625179246971 16 102949
1625179258421 16 102999
1625179269980 16 103049
1625179281434 16 103099
1625179292926 16 103149
1625179304368 16 103199
1625179315704 16 103249
1625179327099 16 103299
1625179338553 16 103349
1625179349942 16 103399
1625179361210 16 103449
1625179372676 16 103499
1625179384203 16 103549
1625179395778 16 103599
1625179407072 16 103649
1625179418487 16 103699
1625179429944 16 103749
1625179441531 16 103799
1625179453079 16 103849
1625179464457 16 103899
1625179475774 16 103949
1625179487264 16 103999
1625179499084 16 104049
1625179510662 16 104099
1625179522020 16 104149
1625179533511 16 104199
1625179544875 16 104249
1625179556345 16 104299
1625179567709 16 104349
1625179579038 16 104399
1625179590527 16 104449
1625179601916 16 104499
1625179613452 16 104549
1625179624879 16 104599
1625179636322 16 104649
1625179647884 16 104699
1625179659404 16 104749
1625179671029 16 104799
1625179682686 16 104849
1625179694221 16 104899
1625179705776 16 104949
1625179717292 16 104999
1625179728838 16 105049
1625179740279 16 105099
1625179751986 16 105149
1625179763474 16 105199
1625179775007 16 105249
1625179786491 16 105299
1625179797952 16 105349
1625179809570 16 105399
1625179821133 16 105449
1625179832635 16 105499
1625179844229 16 105549
1625179855809 16 105599
1625179867409 16 105649
1625179879003 16 105699
1625179890597 16 105749
1625179902197 16 105799
1625179913736 16 105849
1625179925239 16 105899
1625179936882 16 105949
1625179948597 16 105999
1625179960207 16 106049
1625179971688 16 106099
1625179983341 16 106149
1625179995131 16 106199
1625180008893 16 106249
1625180009737 16 106249
1625180181648 16 106249
1625180202504 17 106299
1625180213765 17 106349
1625180225017 17 106399
1625180236302 17 106449
1625180247563 17 106499
1625180258796 17 106549
1625180270059 17 106599
1625180281270 17 106649
1625180292604 17 106699
1625180303854 17 106749
1625180315163 17 106799
1625180326450 17 106849
1625180337691 17 106899
1625180348906 17 106949
1625180360152 17 106999
1625180371262 17 107049
1625180382508 17 107099
1625180393765 17 107149
1625180404989 17 107199
1625180416153 17 107249
1625180427362 17 107299
1625180438496 17 107349
1625180449615 17 107399
1625180460772 17 107449
1625180471980 17 107499
1625180483125 17 107549
1625180494380 17 107599
1625180505658 17 107649
1625180516962 17 107699
1625180528374 17 107749
1625180539672 17 107799
1625180551029 17 107849
1625180562391 17 107899
1625180573862 17 107949
1625180585389 17 107999
1625180596845 17 108049
1625180608167 17 108099
1625180619619 17 108149
1625180630999 17 108199
1625180642354 17 108249
1625180653748 17 108299
1625180665111 17 108349
1625180676554 17 108399
1625180688091 17 108449
1625180699545 17 108499
1625180711191 17 108549
1625180722553 17 108599
1625180733992 17 108649
1625180745465 17 108699
1625180756896 17 108749
1625180768481 17 108799
1625180779904 17 108849
1625180791347 17 108899
1625180802836 17 108949
1625180814399 17 108999
1625180825957 17 109049
1625180837505 17 109099
1625180849025 17 109149
1625180860526 17 109199
1625180872072 17 109249
1625180883640 17 109299
1625180895154 17 109349
1625180906707 17 109399
1625180918169 17 109449
1625180929674 17 109499
1625180941214 17 109549
1625180952680 17 109599
1625180964330 17 109649
1625180975794 17 109699
1625180987313 17 109749
1625180998661 17 109799
1625181010188 17 109849
1625181021585 17 109899
1625181033013 17 109949
1625181044339 17 109999
1625181055925 17 110049
1625181067412 17 110099
1625181078859 17 110149
1625181090231 17 110199
1625181101665 17 110249
1625181113001 17 110299
1625181124433 17 110349
1625181135892 17 110399
1625181147367 17 110449
1625181158731 17 110499
1625181170021 17 110549
1625181181520 17 110599
1625181192868 17 110649
1625181204310 17 110699
1625181215622 17 110749
1625181227277 17 110799
1625181238818 17 110849
1625181250369 17 110899
1625181261943 17 110949
1625181273532 17 110999
1625181285069 17 111049
1625181296709 17 111099
1625181308196 17 111149
1625181319653 17 111199
1625181331280 17 111249
1625181342867 17 111299
1625181354493 17 111349
1625181366077 17 111399
1625181377664 17 111449
1625181388965 17 111499
1625181400486 17 111549
1625181411811 17 111599
1625181423266 17 111649
1625181434729 17 111699
1625181446098 17 111749
1625181457443 17 111799
1625181468921 17 111849
1625181480264 17 111899
1625181491875 17 111949
1625181503353 17 111999
1625181514937 17 112049
1625181526421 17 112099
1625181537915 17 112149
1625181549525 17 112199
1625181561158 17 112249
1625181572723 17 112299
1625181584209 17 112349
1625181595609 17 112399
1625181607345 17 112449
1625181621164 17 112499
1625181622021 17 112499
1625181815300 17 112499
1625181835870 18 112549
1625181847295 18 112599
1625181858604 18 112649
1625181869892 18 112699
1625181881093 18 112749
1625181892389 18 112799
1625181903671 18 112849
1625181914851 18 112899
1625181926102 18 112949
1625181937270 18 112999
1625181948446 18 113049
1625181959642 18 113099
1625181970870 18 113149
1625181982129 18 113199
1625181993398 18 113249
1625182004593 18 113299
1625182015773 18 113349
1625182026980 18 113399
1625182038360 18 113449
1625182049564 18 113499
1625182060802 18 113549
1625182071901 18 113599
1625182083164 18 113649
1625182094319 18 113699
1625182105554 18 113749
1625182116717 18 113799
1625182128004 18 113849
1625182139400 18 113899
1625182150899 18 113949
1625182162364 18 113999
1625182173859 18 114049
1625182185277 18 114099
1625182196809 18 114149
1625182208230 18 114199
1625182219611 18 114249
1625182231007 18 114299
1625182242351 18 114349
1625182253806 18 114399
1625182265115 18 114449
1625182276452 18 114499
1625182287858 18 114549
1625182299446 18 114599
1625182311029 18 114649
1625182322547 18 114699
1625182333950 18 114749
1625182345336 18 114799
1625182356857 18 114849
1625182368298 18 114899
1625182379810 18 114949
1625182391168 18 114999
1625182402614 18 115049
1625182414168 18 115099
1625182425685 18 115149
1625182437199 18 115199
1625182448579 18 115249
1625182459921 18 115299
1625182471335 18 115349
1625182482683 18 115399
1625182494276 18 115449
1625182505847 18 115499
1625182517263 18 115549
1625182528707 18 115599
1625182540269 18 115649
1625182551877 18 115699
1625182563503 18 115749
1625182575050 18 115799
1625182586571 18 115849
1625182598163 18 115899
1625182609786 18 115949
1625182621294 18 115999
1625182632747 18 116049
1625182644203 18 116099
1625182655706 18 116149
1625182667179 18 116199
1625182678727 18 116249
1625182690056 18 116299
1625182701495 18 116349
1625182712956 18 116399
1625182724440 18 116449
1625182735781 18 116499
1625182747241 18 116549
1625182758656 18 116599
1625182770089 18 116649
1625182781462 18 116699
1625182792830 18 116749
1625182804155 18 116799
1625182815537 18 116849
1625182826875 18 116899
1625182838350 18 116949
1625182849770 18 116999
1625182861264 18 117049
1625182872759 18 117099
1625182884258 18 117149
1625182895762 18 117199
1625182907317 18 117249
1625182918770 18 117299
1625182930298 18 117349
1625182941812 18 117399
1625182953377 18 117449
1625182964899 18 117499
1625182976477 18 117549
1625182987938 18 117599
1625182999365 18 117649
1625183010923 18 117699
1625183022415 18 117749
1625183033996 18 117799
1625183045414 18 117849
1625183056810 18 117899
1625183068368 18 117949
1625183079665 18 117999
1625183091027 18 118049
1625183102451 18 118099
1625183113791 18 118149
1625183125224 18 118199
1625183136794 18 118249
1625183148209 18 118299
1625183159689 18 118349
1625183171027 18 118399
1625183182422 18 118449
1625183193793 18 118499
1625183205316 18 118549
1625183217047 18 118599
1625183228603 18 118649
1625183240365 18 118699
1625183254030 18 118749
1625183255500 18 118749
1625183471870 18 118749
1625183492943 19 118799
1625183504218 19 118849
1625183515504 19 118899
1625183526728 19 118949
1625183538027 19 118999
1625183549238 19 119049
1625183560493 19 119099
1625183571704 19 119149
1625183582999 19 119199
1625183594244 19 119249
1625183605473 19 119299
1625183616859 19 119349
1625183628103 19 119399
1625183639187 19 119449
1625183650412 19 119499
1625183661687 19 119549
1625183672872 19 119599
1625183684111 19 119649
1625183695258 19 119699
1625183706372 19 119749
1625183717546 19 119799
1625183728778 19 119849
1625183740052 19 119899
1625183751256 19 119949
1625183762419 19 119999
1625183773594 19 120049
1625183784786 19 120099
1625183796230 19 120149
1625183807639 19 120199
1625183819162 19 120249
1625183830571 19 120299
1625183841860 19 120349
1625183853352 19 120399
1625183864630 19 120449
1625183876329 19 120499
1625183887914 19 120549
1625183899341 19 120599
1625183910857 19 120649
1625183922276 19 120699
1625183933727 19 120749
1625183945161 19 120799
1625183956631 19 120849
1625183967914 19 120899
1625183979418 19 120949
1625183990770 19 120999
1625184002271 19 121049
1625184013731 19 121099
1625184025138 19 121149
1625184036514 19 121199
1625184047918 19 121249
1625184059399 19 121299
1625184070762 19 121349
1625184082251 19 121399
1625184093716 19 121449
1625184105222 19 121499
1625184116806 19 121549
1625184128229 19 121599
1625184139687 19 121649
1625184151042 19 121699
1625184162461 19 121749
1625184174046 19 121799
1625184185462 19 121849
1625184197118 19 121899
1625184208707 19 121949
1625184220149 19 121999
1625184231763 19 122049
1625184243357 19 122099
1625184255055 19 122149
1625184266750 19 122199
1625184278208 19 122249
1625184289878 19 122299
1625184301402 19 122349
1625184312875 19 122399
1625184324489 19 122449
1625184335908 19 122499
1625184347481 19 122549
1625184359035 19 122599
1625184370623 19 122649
1625184382094 19 122699
1625184393396 19 122749
1625184404744 19 122799
1625184416173 19 122849
1625184427541 19 122899
1625184439036 19 122949
1625184450492 19 122999
1625184462016 19 123049
1625184473485 19 123099
1625184485081 19 123149
1625184496635 19 123199
1625184508079 19 123249
1625184519749 19 123299
1625184531256 19 123349
1625184542931 19 123399
1625184554528 19 123449
1625184566093 19 123499
1625184577650 19 123549
1625184589305 19 123599
1625184600782 19 123649
1625184612400 19 123699
1625184623937 19 123749
1625184635438 19 123799
1625184646929 19 123849
1625184658367 19 123899
1625184669852 19 123949
1625184681217 19 123999
1625184692745 19 124049
1625184704331 19 124099
1625184715790 19 124149
1625184727248 19 124199
1625184738620 19 124249
1625184750149 19 124299
1625184761498 19 124349
1625184772842 19 124399
1625184784373 19 124449
1625184795789 19 124499
1625184807272 19 124549
1625184818713 19 124599
1625184830247 19 124649
1625184841762 19 124699
1625184853247 19 124749
1625184864674 19 124799
1625184876020 19 124849
1625184887527 19 124899
1625184899281 19 124949
1625184912940 19 124999
1625184913793 19 124999
1625185138940 19 124999
1625185160217 20 125049
1625185171515 20 125099
1625185182814 20 125149
1625185194053 20 125199
1625185205287 20 125249
1625185216534 20 125299
1625185227807 20 125349
1625185239021 20 125399
1625185250174 20 125449
1625185261411 20 125499
1625185272691 20 125549
1625185283963 20 125599
1625185295153 20 125649
1625185306339 20 125699
1625185317524 20 125749
1625185328637 20 125799
1625185339755 20 125849
1625185350955 20 125899
1625185362057 20 125949
1625185373245 20 125999
1625185384442 20 126049
1625185395605 20 126099
1625185406841 20 126149
1625185418103 20 126199
1625185429291 20 126249
1625185440508 20 126299
1625185451786 20 126349
1625185463123 20 126399
1625185474553 20 126449
1625185486027 20 126499
1625185497393 20 126549
1625185508803 20 126599
1625185520342 20 126649
1625185531660 20 126699
1625185543108 20 126749
1625185554507 20 126799
1625185565972 20 126849
1625185577545 20 126899
1625185589048 20 126949
1625185600513 20 126999
1625185612064 20 127049
1625185623449 20 127099
1625185634885 20 127149
1625185646237 20 127199
1625185657579 20 127249
1625185669043 20 127299
1625185680492 20 127349
1625185691921 20 127399
1625185703525 20 127449
1625185714843 20 127499
1625185726244 20 127549
1625185737539 20 127599
1625185748986 20 127649
1625185760436 20 127699
1625185771790 20 127749
1625185783191 20 127799
1625185794732 20 127849
1625185806203 20 127899
1625185817716 20 127949
1625185829134 20 127999
1625185840598 20 128049
1625185852152 20 128099
1625185863601 20 128149
1625185875080 20 128199
1625185886564 20 128249
1625185898208 20 128299
1625185909696 20 128349
1625185921210 20 128399
1625185932915 20 128449
1625185944509 20 128499
1625185956129 20 128549
1625185967786 20 128599
1625185979353 20 128649
1625185990989 20 128699
1625186002550 20 128749
1625186014207 20 128799
1625186025793 20 128849
1625186037379 20 128899
1625186048846 20 128949
1625186060391 20 128999
1625186071789 20 129049
1625186083156 20 129099
1625186094519 20 129149
1625186106131 20 129199
1625186117619 20 129249
1625186129190 20 129299
1625186140775 20 129349
1625186152287 20 129399
1625186163869 20 129449
1625186175400 20 129499
1625186186962 20 129549
1625186198504 20 129599
1625186210034 20 129649
1625186221598 20 129699
1625186233111 20 129749
1625186244571 20 129799
1625186256067 20 129849
1625186267509 20 129899
1625186278840 20 129949
1625186290431 20 129999
1625186302010 20 130049
1625186313371 20 130099
1625186324754 20 130149
1625186336282 20 130199
1625186347785 20 130249
1625186359327 20 130299
1625186370827 20 130349
1625186382258 20 130399
1625186393766 20 130449
1625186405259 20 130499
1625186416820 20 130549
1625186428341 20 130599
1625186439703 20 130649
1625186451182 20 130699
1625186462636 20 130749
1625186474003 20 130799
1625186485470 20 130849
1625186496789 20 130899
1625186508211 20 130949
1625186519737 20 130999
1625186531159 20 131049
1625186542552 20 131099
1625186554045 20 131149
1625186565605 20 131199
1625186579243 20 131249
1625186580076 20 131249
1625186774236 20 131249
1625186796002 21 131299
1625186807262 21 131349
1625186818541 21 131399
1625186829786 21 131449
1625186841099 21 131499
1625186852411 21 131549
1625186863610 21 131599
1625186874902 21 131649
1625186886248 21 131699
1625186897504 21 131749
1625186908809 21 131799
1625186920079 21 131849
1625186931400 21 131899
1625186942594 21 131949
1625186953713 21 131999
1625186964990 21 132049
1625186976159 21 132099
1625186987338 21 132149
1625186998633 21 132199
1625187009867 21 132249
1625187021079 21 132299
1625187032238 21 132349
1625187043543 21 132399
1625187054696 21 132449
1625187065870 21 132499
1625187077140 21 132549
1625187088385 21 132599
1625187099649 21 132649
1625187111188 21 132699
1625187122675 21 132749
1625187134246 21 132799
1625187145607 21 132849
1625187157087 21 132899
1625187168474 21 132949
1625187179871 21 132999
1625187191314 21 133049
1625187202948 21 133099
1625187214331 21 133149
1625187225932 21 133199
1625187237340 21 133249
1625187248756 21 133299
1625187260232 21 133349
1625187271753 21 133399
1625187283155 21 133449
1625187294576 21 133499
1625187305949 21 133549
1625187317296 21 133599
1625187328818 21 133649
1625187340213 21 133699
1625187351661 21 133749
1625187363110 21 133799
1625187374509 21 133849
1625187386027 21 133899
1625187397441 21 133949
1625187408818 21 133999
1625187420315 21 134049
1625187431707 21 134099
1625187443017 21 134149
1625187454410 21 134199
1625187465825 21 134249
1625187477204 21 134299
1625187488571 21 134349
1625187499999 21 134399
1625187511466 21 134449
1625187522797 21 134499
1625187534275 21 134549
1625187545697 21 134599
1625187557177 21 134649
1625187568592 21 134699
1625187580170 21 134749
1625187591798 21 134799
1625187603324 21 134849
1625187614885 21 134899
1625187626576 21 134949
1625187638165 21 134999
1625187649747 21 135049
1625187661253 21 135099
1625187672808 21 135149
1625187684277 21 135199
1625187695850 21 135249
1625187707367 21 135299
1625187718948 21 135349
1625187730416 21 135399
1625187742058 21 135449
1625187753607 21 135499
1625187765184 21 135549
1625187776766 21 135599
1625187788317 21 135649
1625187799893 21 135699
1625187811593 21 135749
1625187823143 21 135799
1625187834648 21 135849
1625187846174 21 135899
1625187857882 21 135949
1625187869258 21 135999
1625187880794 21 136049
1625187892170 21 136099
1625187903615 21 136149
1625187914994 21 136199
1625187926309 21 136249
1625187937661 21 136299
1625187949121 21 136349
1625187960592 21 136399
1625187972071 21 136449
1625187983561 21 136499
1625187995059 21 136549
1625188006547 21 136599
1625188017774 21 136649
1625188029271 21 136699
1625188040797 21 136749
1625188052182 21 136799
1625188063632 21 136849
1625188075049 21 136899
1625188086625 21 136949
1625188098034 21 136999
1625188109495 21 137049
1625188120947 21 137099
1625188132437 21 137149
1625188143994 21 137199
1625188155406 21 137249
1625188166799 21 137299
1625188178432 21 137349
1625188189954 21 137399
1625188201622 21 137449
1625188215268 21 137499
1625188216656 21 137499
1625188388157 21 137499
1625188409489 22 137549
1625188420760 22 137599
1625188432048 22 137649
1625188443286 22 137699
1625188454558 22 137749
1625188465893 22 137799
1625188477187 22 137849
1625188488526 22 137899
1625188499818 22 137949
1625188511114 22 137999
1625188522398 22 138049
1625188533719 22 138099
1625188545035 22 138149
1625188556333 22 138199
1625188567688 22 138249
1625188578978 22 138299
1625188590292 22 138349
1625188601673 22 138399
1625188612994 22 138449
1625188624334 22 138499
1625188635601 22 138549
1625188646791 22 138599
1625188658021 22 138649
1625188669243 22 138699
1625188680378 22 138749
1625188691569 22 138799
1625188702896 22 138849
1625188714235 22 138899
1625188725787 22 138949
1625188737236 22 138999
1625188748781 22 139049
1625188760235 22 139099
1625188771620 22 139149
1625188783168 22 139199
1625188794615 22 139249
1625188806225 22 139299
1625188817667 22 139349
1625188829313 22 139399
1625188840780 22 139449
1625188852237 22 139499
1625188863736 22 139549
1625188875238 22 139599
1625188886613 22 139649
1625188898065 22 139699
1625188909453 22 139749
1625188920915 22 139799
1625188932494 22 139849
1625188943924 22 139899
1625188955584 22 139949
1625188967004 22 139999
1625188978659 22 140049
1625188990171 22 140099
1625189001690 22 140149
1625189013032 22 140199
1625189024495 22 140249
1625189036137 22 140299
1625189047581 22 140349
1625189059176 22 140399
1625189070548 22 140449
1625189081998 22 140499
1625189093497 22 140549
1625189105065 22 140599
1625189116525 22 140649
1625189128076 22 140699
1625189139445 22 140749
1625189150932 22 140799
1625189162345 22 140849
1625189173767 22 140899
1625189185343 22 140949
1625189196753 22 140999
1625189208290 22 141049
1625189219873 22 141099
1625189231326 22 141149
1625189242645 22 141199
1625189254054 22 141249
1625189265466 22 141299
1625189276943 22 141349
1625189288594 22 141399
1625189300146 22 141449
1625189311661 22 141499
1625189323257 22 141549
1625189334759 22 141599
1625189346302 22 141649
1625189357891 22 141699
1625189369428 22 141749
1625189381003 22 141799
1625189392600 22 141849
1625189404143 22 141899
1625189415743 22 141949
1625189427361 22 141999
1625189438960 22 142049
1625189450540 22 142099
1625189461977 22 142149
1625189473687 22 142199
1625189485373 22 142249
1625189497063 22 142299
1625189508517 22 142349
1625189519965 22 142399
1625189531375 22 142449
1625189542950 22 142499
1625189554431 22 142549
1625189565929 22 142599
1625189577378 22 142649
1625189588816 22 142699
1625189600306 22 142749
1625189611711 22 142799
1625189623147 22 142849
1625189634445 22 142899
1625189645907 22 142949
1625189657313 22 142999
1625189668803 22 143049
1625189680221 22 143099
1625189692809 22 143149
1625189704342 22 143199
1625189715789 22 143249
1625189727236 22 143299
1625189738794 22 143349
1625189750245 22 143399
1625189761681 22 143449
1625189773203 22 143499
1625189784679 22 143549
1625189796298 22 143599
1625189807799 22 143649
1625189819514 22 143699
1625189833155 22 143749
1625189833975 22 143749
1625190013033 22 143749
1625190033335 23 143799
1625190044533 23 143849
1625190055838 23 143899
1625190067099 23 143949
1625190078365 23 143999
1625190090156 23 144049
1625190101404 23 144099
1625190112683 23 144149
1625190123971 23 144199
1625190135195 23 144249
1625190146394 23 144299
1625190157656 23 144349
1625190168872 23 144399
1625190180143 23 144449
1625190191419 23 144499
1625190202691 23 144549
1625190214007 23 144599
1625190225280 23 144649
1625190236547 23 144699
1625190247953 23 144749
1625190259258 23 144799
1625190270495 23 144849
1625190281846 23 144899
1625190293220 23 144949
1625190304551 23 144999
1625190315849 23 145049
1625190327207 23 145099
1625190338656 23 145149
1625190350170 23 145199
1625190361789 23 145249
1625190373358 23 145299
1625190384794 23 145349
1625190396394 23 145399
1625190407905 23 145449
1625190419519 23 145499
1625190430930 23 145549
1625190442352 23 145599
1625190453905 23 145649
1625190465332 23 145699
1625190476782 23 145749
1625190488235 23 145799
1625190499806 23 145849
1625190511182 23 145899
1625190522575 23 145949
1625190534060 23 145999
1625190545599 23 146049
1625190557171 23 146099
1625190568641 23 146149
1625190580202 23 146199
1625190591815 23 146249
1625190603349 23 146299
1625190614885 23 146349
1625190626386 23 146399
1625190637811 23 146449
1625190649155 23 146499
1625190660624 23 146549
1625190672022 23 146599
1625190683377 23 146649
1625190694906 23 146699
1625190706259 23 146749
1625190717718 23 146799
1625190729173 23 146849
1625190740561 23 146899
1625190752010 23 146949
1625190763529 23 146999
1625190775128 23 147049
1625190786551 23 147099
1625190797936 23 147149
1625190809457 23 147199
1625190820942 23 147249
1625190832309 23 147299
1625190843714 23 147349
1625190855211 23 147399
1625190866680 23 147449
1625190878131 23 147499
1625190889546 23 147549
1625190901017 23 147599
1625190912474 23 147649
1625190923993 23 147699
1625190935489 23 147749
1625190947004 23 147799
1625190958675 23 147849
1625190970224 23 147899
1625190981751 23 147949
1625190993213 23 147999
1625191004728 23 148049
1625191016304 23 148099
1625191027837 23 148149
1625191039458 23 148199
1625191051062 23 148249
1625191062753 23 148299
1625191074319 23 148349
1625191085828 23 148399
1625191097361 23 148449
1625191108899 23 148499
1625191120487 23 148549
1625191132110 23 148599
1625191143661 23 148649
1625191155206 23 148699
1625191166631 23 148749
1625191178181 23 148799
1625191189797 23 148849
1625191201231 23 148899
1625191212656 23 148949
1625191224136 23 148999
1625191235708 23 149049
1625191247220 23 149099
1625191258746 23 149149
1625191270143 23 149199
1625191281651 23 149249
1625191293105 23 149299
1625191304558 23 149349
1625191316005 23 149399
1625191327415 23 149449
1625191338896 23 149499
1625191350256 23 149549
1625191361772 23 149599
1625191373332 23 149649
1625191384964 23 149699
1625191396382 23 149749
1625191407950 23 149799
1625191419448 23 149849
1625191430999 23 149899
1625191442545 23 149949
1625191456198 23 149999
1625191457036 23 149999
1625191638072 23 149999
1625191658020 24 150049
1625191669155 24 150099
1625191680551 24 150149
1625191691851 24 150199
1625191703094 24 150249
1625191714367 24 150299
1625191725531 24 150349
1625191736828 24 150399
1625191748186 24 150449
1625191759417 24 150499
1625191770742 24 150549
1625191782096 24 150599
1625191793298 24 150649
1625191804550 24 150699
1625191815871 24 150749
1625191827140 24 150799
1625191838392 24 150849
1625191849542 24 150899
1625191860825 24 150949
1625191872143 24 150999
1625191883350 24 151049
1625191894688 24 151099
1625191905879 24 151149
1625191917167 24 151199
1625191928451 24 151249
1625191939812 24 151299
1625191951220 24 151349
1625191962638 24 151399
1625191974274 24 151449
1625191985867 24 151499
1625191997361 24 151549
1625192008924 24 151599
1625192020582 24 151649
1625192032136 24 151699
1625192043775 24 151749
1625192055518 24 151799
1625192067163 24 151849
1625192078773 24 151899
1625192090284 24 151949
1625192101981 24 151999
1625192113462 24 152049
1625192124788 24 152099
1625192136380 24 152149
1625192147967 24 152199
1625192159418 24 152249
1625192170965 24 152299
1625192182454 24 152349
1625192193877 24 152399
1625192205320 24 152449
1625192216761 24 152499
1625192228375 24 152549
1625192239915 24 152599
1625192251485 24 152649
1625192262928 24 152699
1625192274299 24 152749
1625192285874 24 152799
1625192297414 24 152849
1625192308824 24 152899
1625192320340 24 152949
1625192331732 24 152999
1625192343356 24 153049
1625192354861 24 153099
1625192366313 24 153149
1625192377543 24 153199
1625192389418 24 153249
1625192400840 24 153299
1625192412417 24 153349
1625192423885 24 153399
1625192435342 24 153449
1625192446712 24 153499
1625192458132 24 153549
1625192469592 24 153599
1625192481034 24 153649
1625192492555 24 153699
1625192504053 24 153749
1625192515492 24 153799
1625192527016 24 153849
1625192538491 24 153899
1625192550125 24 153949
1625192561573 24 153999
1625192572956 24 154049
1625192584383 24 154099
1625192595799 24 154149
1625192607369 24 154199
1625192618783 24 154249
1625192630323 24 154299
1625192641858 24 154349
1625192653355 24 154399
1625192664973 24 154449
1625192676520 24 154499
1625192688234 24 154549
1625192699935 24 154599
1625192711488 24 154649
1625192723059 24 154699
1625192734666 24 154749
1625192746349 24 154799
1625192757911 24 154849
1625192769518 24 154899
1625192781073 24 154949
1625192792747 24 154999
1625192804392 24 155049
1625192815926 24 155099
1625192827487 24 155149
1625192838977 24 155199
1625192850478 24 155249
1625192862036 24 155299
1625192873688 24 155349
1625192885162 24 155399
1625192896733 24 155449
1625192908122 24 155499
1625192919585 24 155549
1625192931102 24 155599
1625192942514 24 155649
1625192954016 24 155699
1625192965417 24 155749
1625192976964 24 155799
1625192988438 24 155849
1625192999852 24 155899
1625193011338 24 155949
1625193022937 24 155999
1625193034400 24 156049
1625193045895 24 156099
1625193057329 24 156149
1625193069127 24 156199
1625193082762 24 156249
1625193085606 24 156249
1625193272004 24 156249
1625193292553 25 156299
1625193303881 25 156349
1625193315139 25 156399
1625193326363 25 156449
1625193337681 25 156499
1625193348946 25 156549
1625193360223 25 156599
1625193371453 25 156649
1625193382675 25 156699
1625193394002 25 156749
1625193405230 25 156799
1625193416569 25 156849
1625193427780 25 156899
1625193439089 25 156949
1625193450374 25 156999
1625193461702 25 157049
1625193472877 25 157099
1625193484024 25 157149
1625193495238 25 157199
1625193506415 25 157249
1625193517604 25 157299
1625193528848 25 157349
1625193540084 25 157399
1625193551358 25 157449
1625193562576 25 157499
1625193573826 25 157549
1625193585084 25 157599
1625193596492 25 157649
1625193608044 25 157699
1625193619664 25 157749
1625193631160 25 157799
1625193642746 25 157849
1625193654468 25 157899
1625193666012 25 157949
1625193677566 25 157999
1625193689217 25 158049
1625193700780 25 158099
1625193712380 25 158149
1625193723985 25 158199
1625193735591 25 158249
1625193747357 25 158299
1625193758921 25 158349
1625193770587 25 158399
1625193782102 25 158449
1625193793691 25 158499
1625193805238 25 158549
1625193816808 25 158599
1625193828442 25 158649
1625193839950 25 158699
1625193851384 25 158749
1625193862885 25 158799
1625193874278 25 158849
1625193885911 25 158899
1625193897376 25 158949
1625193908870 25 158999
1625193920491 25 159049
1625193932055 25 159099
1625193943495 25 159149
1625193954913 25 159199
1625193966449 25 159249
1625193977961 25 159299
1625193989454 25 159349
1625194000757 25 159399
1625194012232 25 159449
1625194023661 25 159499
1625194035193 25 159549
1625194046701 25 159599
1625194058246 25 159649
1625194069659 25 159699
1625194081188 25 159749
1625194092613 25 159799
1625194104266 25 159849
1625194115748 25 159899
1625194127401 25 159949
1625194138904 25 159999
1625194150297 25 160049
1625194161786 25 160099
1625194173205 25 160149
1625194184609 25 160199
1625194196238 25 160249
1625194207768 25 160299
1625194219245 25 160349
1625194230583 25 160399
1625194242089 25 160449
1625194253442 25 160499
1625194264869 25 160549
1625194276363 25 160599
1625194287862 25 160649
1625194299473 25 160699
1625194310916 25 160749
1625194322480 25 160799
1625194333995 25 160849
1625194345679 25 160899
1625194357194 25 160949
1625194368710 25 160999
1625194380336 25 161049
1625194391943 25 161099
1625194403514 25 161149
1625194415091 25 161199
1625194426615 25 161249
1625194438052 25 161299
1625194449549 25 161349
1625194461158 25 161399
1625194472760 25 161449
1625194484349 25 161499
1625194495763 25 161549
1625194507389 25 161599
1625194518825 25 161649
1625194530296 25 161699
1625194541893 25 161749
1625194553572 25 161799
1625194565144 25 161849
1625194576681 25 161899
1625194588329 25 161949
1625194599877 25 161999
1625194611466 25 162049
1625194622958 25 162099
1625194634287 25 162149
1625194645956 25 162199
1625194657343 25 162249
1625194668902 25 162299
1625194680357 25 162349
1625194691791 25 162399
1625194703499 25 162449
1625194717199 25 162499
1625194718045 25 162499
1625194897841 25 162499
1625194918551 26 162549
1625194929872 26 162599
1625194941138 26 162649
1625194952341 26 162699
1625194963540 26 162749
1625194974773 26 162799
1625194986051 26 162849
1625194997288 26 162899
1625195008597 26 162949
1625195019809 26 162999
1625195031068 26 163049
1625195042342 26 163099
1625195053581 26 163149
1625195064836 26 163199
1625195076104 26 163249
1625195087253 26 163299
1625195098414 26 163349
1625195109721 26 163399
1625195120844 26 163449
1625195131983 26 163499
1625195143092 26 163549
1625195154314 26 163599
1625195165431 26 163649
1625195176658 26 163699
1625195187838 26 163749
1625195199030 26 163799
1625195210253 26 163849
1625195221432 26 163899
1625195232934 26 163949
1625195244452 26 163999
1625195255946 26 164049
1625195267512 26 164099
1625195278912 26 164149
1625195290278 26 164199
1625195301866 26 164249
1625195313370 26 164299
1625195324767 26 164349
1625195336322 26 164399
1625195347795 26 164449
1625195359284 26 164499
1625195370919 26 164549
1625195382346 26 164599
1625195393747 26 164649
1625195405378 26 164699
1625195416982 26 164749
1625195428527 26 164799
1625195440172 26 164849
1625195451749 26 164899
1625195463405 26 164949
1625195474849 26 164999
1625195486475 26 165049
1625195498077 26 165099
1625195509538 26 165149
1625195521051 26 165199
1625195532604 26 165249
1625195544121 26 165299
1625195555607 26 165349
1625195567073 26 165399
1625195578524 26 165449
1625195590113 26 165499
1625195601520 26 165549
1625195613099 26 165599
1625195624570 26 165649
1625195636055 26 165699
1625195647456 26 165749
1625195658831 26 165799
1625195670213 26 165849
1625195681721 26 165899
1625195693194 26 165949
1625195704619 26 165999
1625195716251 26 166049
1625195727800 26 166099
1625195739285 26 166149
1625195750584 26 166199
1625195762068 26 166249
1625195773509 26 166299
1625195785068 26 166349
1625195796484 26 166399
1625195808147 26 166449
1625195819634 26 166499
1625195831109 26 166549
1625195842520 26 166599
1625195853817 26 166649
1625195865387 26 166699
1625195876792 26 166749
1625195888166 26 166799
1625195899712 26 166849
1625195911255 26 166899
1625195922783 26 166949
1625195934334 26 166999
1625195945825 26 167049
1625195957379 26 167099
1625195968956 26 167149
1625195980593 26 167199
1625195992115 26 167249
1625196003643 26 167299
1625196015207 26 167349
1625196026658 26 167399
1625196038254 26 167449
1625196049907 26 167499
1625196061168 26 167549
1625196072715 26 167599
1625196084050 26 167649
1625196095516 26 167699
1625196106881 26 167749
1625196118409 26 167799
1625196129909 26 167849
1625196141324 26 167899
1625196152849 26 167949
1625196164379 26 167999
1625196175952 26 168049
1625196187467 26 168099
1625196198901 26 168149
1625196210414 26 168199
1625196222018 26 168249
1625196235140 26 168299
1625196246517 26 168349
1625196258155 26 168399
1625196269833 26 168449
1625196281407 26 168499
1625196293088 26 168549
1625196304690 26 168599
1625196316146 26 168649
1625196327948 26 168699
1625196341842 26 168749
1625196342896 26 168749
1625196517474 26 168749
1625196538448 27 168799
1625196549730 27 168849
1625196560954 27 168899
1625196572205 27 168949
1625196583536 27 168999
1625196594773 27 169049
1625196606022 27 169099
1625196617271 27 169149
1625196628530 27 169199
1625196639748 27 169249
1625196650970 27 169299
1625196662209 27 169349
1625196673408 27 169399
1625196684729 27 169449
1625196695949 27 169499
1625196707289 27 169549
1625196718516 27 169599
1625196729668 27 169649
1625196740971 27 169699
1625196752206 27 169749
1625196763375 27 169799
1625196774608 27 169849
1625196785721 27 169899
1625196796942 27 169949
1625196808192 27 169999
1625196819441 27 170049
1625196830575 27 170099
1625196842005 27 170149
1625196853453 27 170199
1625196865032 27 170249
1625196876523 27 170299
1625196887946 27 170349
1625196899360 27 170399
1625196910810 27 170449
1625196922320 27 170499
1625196933843 27 170549
1625196945449 27 170599
1625196956867 27 170649
1625196968305 27 170699
1625196979858 27 170749
1625196991558 27 170799
1625197003087 27 170849
1625197014695 27 170899
1625197026172 27 170949
1625197037597 27 170999
1625197048990 27 171049
1625197060613 27 171099
1625197072185 27 171149
1625197083811 27 171199
1625197095232 27 171249
1625197106739 27 171299
1625197118358 27 171349
1625197129946 27 171399
1625197141466 27 171449
1625197153022 27 171499
1625197164563 27 171549
1625197176048 27 171599
1625197187830 27 171649
1625197199426 27 171699
1625197210993 27 171749
1625197222633 27 171799
1625197234289 27 171849
1625197245907 27 171899
1625197257415 27 171949
1625197268804 27 171999
1625197280436 27 172049
1625197292109 27 172099
1625197303549 27 172149
1625197315130 27 172199
1625197326569 27 172249
1625197338017 27 172299
1625197349443 27 172349
1625197360783 27 172399
1625197372294 27 172449
1625197383774 27 172499
1625197395257 27 172549
1625197406838 27 172599
1625197418250 27 172649
1625197429848 27 172699
1625197441392 27 172749
1625197452826 27 172799
1625197464310 27 172849
1625197475760 27 172899
1625197487316 27 172949
1625197498685 27 172999
1625197510034 27 173049
1625197521565 27 173099
1625197533057 27 173149
1625197544756 27 173199
1625197556219 27 173249
1625197567728 27 173299
1625197579408 27 173349
1625197590880 27 173399
1625197602485 27 173449
1625197613868 27 173499
1625197625489 27 173549
1625197636894 27 173599
1625197648374 27 173649
1625197659880 27 173699
1625197671344 27 173749
1625197682771 27 173799
1625197694322 27 173849
1625197705793 27 173899
1625197717290 27 173949
1625197728784 27 173999
1625197740497 27 174049
1625197752180 27 174099
1625197763517 27 174149
1625197774934 27 174199
1625197786305 27 174249
1625197797727 27 174299
1625197809126 27 174349
1625197820493 27 174399
1625197831995 27 174449
1625197843499 27 174499
1625197855011 27 174549
1625197866464 27 174599
1625197877961 27 174649
1625197889484 27 174699
1625197901124 27 174749
1625197912672 27 174799
1625197924172 27 174849
1625197935781 27 174899
1625197947566 27 174949
1625197961327 27 174999
1625197962204 27 174999
1625198143771 27 174999
1625198164380 28 175049
1625198175629 28 175099
1625198186895 28 175149
1625198198233 28 175199
1625198209452 28 175249
1625198220628 28 175299
1625198231923 28 175349
1625198243224 28 175399
1625198254449 28 175449
1625198265736 28 175499
1625198276976 28 175549
1625198288305 28 175599
1625198299660 28 175649
1625198310907 28 175699
1625198322027 28 175749
1625198333339 28 175799
1625198344484 28 175849
1625198355558 28 175899
1625198366723 28 175949
1625198377913 28 175999
1625198389103 28 176049
1625198400313 28 176099
1625198411441 28 176149
1625198422620 28 176199
1625198433807 28 176249
1625198445071 28 176299
1625198456271 28 176349
1625198467460 28 176399
1625198479037 28 176449
1625198490499 28 176499
1625198501866 28 176549
1625198513273 28 176599
1625198524606 28 176649
1625198535960 28 176699
1625198547357 28 176749
1625198558849 28 176799
1625198570227 28 176849
1625198581817 28 176899
1625198593236 28 176949
1625198604626 28 176999
1625198616039 28 177049
1625198627403 28 177099
1625198638877 28 177149
1625198650239 28 177199
1625198661767 28 177249
1625198673203 28 177299
1625198684596 28 177349
1625198695911 28 177399
1625198707252 28 177449
1625198718686 28 177499
1625198730356 28 177549
1625198741748 28 177599
1625198753166 28 177649
1625198764631 28 177699
1625198776167 28 177749
1625198787796 28 177799
1625198799418 28 177849
1625198811030 28 177899
1625198822560 28 177949
1625198834042 28 177999
1625198845682 28 178049
1625198857193 28 178099
1625198868685 28 178149
1625198880260 28 178199
1625198891803 28 178249
1625198903225 28 178299
1625198914728 28 178349
1625198926218 28 178399
1625198937822 28 178449
1625198949310 28 178499
1625198960960 28 178549
1625198972484 28 178599
1625198983964 28 178649
1625198995295 28 178699
1625199006686 28 178749
1625199018164 28 178799
1625199029757 28 178849
1625199041195 28 178899
1625199052708 28 178949
1625199064223 28 178999
1625199075568 28 179049
1625199086945 28 179099
1625199098342 28 179149
1625199109773 28 179199
1625199121205 28 179249
1625199132816 28 179299
1625199144358 28 179349
1625199155794 28 179399
1625199167393 28 179449
1625199178927 28 179499
1625199190434 28 179549
1625199202012 28 179599
1625199213559 28 179649
1625199225162 28 179699
1625199236739 28 179749
1625199248239 28 179799
1625199259905 28 179849
1625199271437 28 179899
1625199282937 28 179949
1625199294346 28 179999
1625199305857 28 180049
1625199317241 28 180099
1625199328597 28 180149
1625199339973 28 180199
1625199351422 28 180249
1625199362850 28 180299
1625199374388 28 180349
1625199385812 28 180399
1625199397285 28 180449
1625199408617 28 180499
1625199420161 28 180549
1625199431538 28 180599
1625199442945 28 180649
1625199454304 28 180699
1625199465922 28 180749
1625199477234 28 180799
1625199488562 28 180849
1625199499993 28 180899
1625199511576 28 180949
1625199522850 28 180999
1625199534181 28 181049
1625199545615 28 181099
1625199557065 28 181149
1625199568841 28 181199
1625199582636 28 181249
1625199584036 28 181249
1625199763494 28 181249
1625199787633 29 181299
1625199798951 29 181349
1625199810207 29 181399
1625199821460 29 181449
1625199832718 29 181499
1625199843995 29 181549
1625199855274 29 181599
1625199866504 29 181649
1625199877816 29 181699
1625199889046 29 181749
1625199900283 29 181799
1625199911426 29 181849
1625199922614 29 181899
1625199933810 29 181949
1625199944986 29 181999
1625199956092 29 182049
1625199967354 29 182099
1625199978453 29 182149
1625199989591 29 182199
1625200000828 29 182249
1625200011962 29 182299
1625200023249 29 182349
1625200034450 29 182399
1625200045757 29 182449
1625200056959 29 182499
1625200068278 29 182549
1625200079747 29 182599
1625200091212 29 182649
1625200102687 29 182699
1625200114137 29 182749
1625200125696 29 182799
1625200137087 29 182849
1625200148455 29 182899
1625200159987 29 182949
1625200171435 29 182999
1625200182909 29 183049
1625200194403 29 183099
1625200205759 29 183149
1625200217210 29 183199
1625200228588 29 183249
1625200239908 29 183299
1625200251241 29 183349
1625200262658 29 183399
1625200274166 29 183449
1625200285464 29 183499
1625200296873 29 183549
1625200308271 29 183599
1625200319675 29 183649
1625200331091 29 183699
1625200342534 29 183749
1625200353893 29 183799
1625200365386 29 183849
1625200376820 29 183899
1625200388270 29 183949
1625200399588 29 183999
1625200411104 29 184049
1625200422566 29 184099
1625200433888 29 184149
1625200445294 29 184199
1625200456706 29 184249
1625200468185 29 184299
1625200479819 29 184349
1625200491364 29 184399
1625200502832 29 184449
1625200514370 29 184499
1625200525921 29 184549
1625200537714 29 184599
1625200549236 29 184649
1625200560857 29 184699
1625200572399 29 184749
1625200584069 29 184799
1625200595735 29 184849
1625200607353 29 184899
1625200618947 29 184949
1625200630564 29 184999
1625200642042 29 185049
1625200653636 29 185099
1625200665056 29 185149
1625200676547 29 185199
1625200688110 29 185249
1625200699464 29 185299
1625200711050 29 185349
1625200722456 29 185399
1625200733887 29 185449
1625200745462 29 185499
1625200756924 29 185549
1625200768555 29 185599
1625200780201 29 185649
1625200791830 29 185699
1625200803457 29 185749
1625200815034 29 185799
1625200826683 29 185849
1625200838325 29 185899
1625200849888 29 185949
1625200861303 29 185999
1625200872748 29 186049
1625200884251 29 186099
1625200896097 29 186149
1625200907557 29 186199
1625200919083 29 186249
1625200930444 29 186299
1625200941829 29 186349
1625200953134 29 186399
1625200964462 29 186449
1625200975770 29 186499
1625200987111 29 186549
1625200998635 29 186599
1625201010015 29 186649
1625201021396 29 186699
1625201032923 29 186749
1625201044339 29 186799
1625201055767 29 186849
1625201067318 29 186899
1625201078780 29 186949
1625201090180 29 186999
1625201101675 29 187049
1625201113287 29 187099
1625201124684 29 187149
1625201136190 29 187199
1625201147702 29 187249
1625201159243 29 187299
1625201170762 29 187349
1625201182186 29 187399
1625201193762 29 187449
1625201207561 29 187499
1625201208517 29 187499
1625201391744 29 187499
