1625152643515 0.001 0
1625154269816 0.0009972609476841367 6250
1625155877475 0.0009890738003669028 12500
1625157502841 0.0009755282581475768 18750
1625159141809 0.0009567727288213003 25000
1625160764987 0.0009330127018922195 31250
1625162394946 0.0009045084971874739 37500
1625164020288 0.0008715724127386972 43750
1625165631103 0.0008345653031794292 50000
1625167243183 0.0007938926261462366 56250
1625168855514 0.00075 62500
1625170472290 0.0007033683215379003 68750
1625172103311 0.0006545084971874739 75000
1625173728976 0.0006039558454088797 81250
1625175343627 0.0005522642316338269 87500
1625176958014 0.0005000000000000002 93750
1625178568003 0.0004477357683661734 100000
1625180181655 0.00039604415459112036 106250
1625181815306 0.0003454915028125264 112500
1625183471877 0.00029663167846210003 118750
1625185138947 0.00025000000000000017 125000
1625186774251 0.00020610737385376354 131250
1625188388163 0.00016543469682057108 137500
1625190013039 0.00012842758726130303 143750
1625191638078 9.549150281252637e-05 150000
1625193272025 6.698729810778068e-05 156250
1625194897848 4.322727117869953e-05 162500
1625196517480 2.447174185242324e-05 168750
1625198143777 1.092619963309716e-05 175000
1625199763552 2.7390523158633003e-06 181250
