1625154269427 16.95284652709961 0
1625155877352 15.415658950805664 1
1625157502386 15.348196983337402 2
1625159141741 15.609406471252441 3
1625160764772 15.675484657287598 4
1625162394854 14.516839981079102 5
1625164020201 15.160451889038086 6
1625165631027 15.392847061157227 7
1625167243130 14.430209159851074 8
1625168855466 14.848411560058594 9
1625170472142 14.413864135742188 10
1625172103197 14.178821563720703 11
1625173728572 15.001215934753418 12
1625175343267 14.541101455688477 13
1625176957666 14.121806144714355 14
1625178567903 14.458239555358887 15
1625180181576 14.516756057739258 16
1625181815213 14.633944511413574 17
1625183471755 13.936917304992676 18
1625185138679 14.676422119140625 19
1625186774131 13.341413497924805 20
1625188388063 14.018597602844238 21
1625190012965 13.731023788452148 22
1625191638004 14.137823104858398 23
1625193271071 13.446067810058594 24
1625194897794 13.63448715209961 25
1625196517391 13.83602523803711 26
1625198143665 13.630704879760742 27
1625199763393 13.485784530639648 28
1625201391406 13.540761947631836 29
