1625154069161 19.85334014892578 6249
1625154269427 19.85334014892578 0
1625155699455 16.57752799987793 12499
1625155877352 16.57752799987793 1
1625157310711 15.851523399353027 18749
1625157502386 15.851523399353027 2
1625158943666 15.48592472076416 24999
1625159141741 15.48592472076416 3
1625160576983 15.251830101013184 31249
1625160764772 15.251830101013184 4
1625162197846 15.07329273223877 37499
1625162394854 15.07329273223877 5
1625163831730 14.861834526062012 43749
1625164020201 14.861834526062012 6
1625165455004 14.727889060974121 49999
1625165631027 14.727889060974121 7
1625167066926 14.61989974975586 56249
1625167243130 14.61989974975586 8
1625168675688 14.501158714294434 62499
1625168855466 14.501158714294434 9
1625170290424 14.395295143127441 68749
1625170472142 14.395295143127441 10
1625171912498 14.311630249023438 74999
1625172103197 14.311630249023438 11
1625173544977 14.246581077575684 81249
1625173728572 14.246581077575684 12
1625175172376 14.178047180175781 87499
1625175343267 14.178047180175781 13
1625176779817 14.118481636047363 93749
1625176957666 14.118481636047363 14
1625178398771 14.060885429382324 99999
1625178567903 14.060885429382324 15
1625180009737 14.006131172180176 106249
1625180181576 14.006131172180176 16
1625181622021 13.952995300292969 112499
1625181815213 13.952995300292969 17
1625183255500 13.9054536819458 118749
1625183471755 13.9054536819458 18
1625184913793 13.859305381774902 124999
1625185138679 13.859305381774902 19
1625186580076 13.812299728393555 131249
1625186774131 13.812299728393555 20
1625188216656 13.770012855529785 137499
1625188388063 13.770012855529785 21
1625189833975 13.731626510620117 143749
1625190012965 13.731626510620117 22
1625191457036 13.69716739654541 149999
1625191638004 13.69716739654541 23
1625193085606 13.668375015258789 156249
1625193271071 13.668375015258789 24
1625194718045 13.644128799438477 162499
1625194897794 13.644128799438477 25
1625196342896 13.621552467346191 168749
1625196517391 13.621552467346191 26
1625197962204 13.609209060668945 174999
1625198143665 13.609209060668945 27
1625199584036 13.593894958496094 181249
1625199763393 13.593894958496094 28
1625201208517 13.586660385131836 187499
1625201391406 13.586660385131836 29
