1626654843904 0.001 0
1626656938877 0.0009972609476841367 12500
1626659023105 0.0009890738003669028 25000
1626661101626 0.0009755282581475768 37500
1626663179794 0.0009567727288213003 50000
1626665258327 0.0009330127018922195 62500
1626667338410 0.0009045084971874739 75000
1626669468949 0.0008715724127386972 87500
1626671547644 0.0008345653031794292 100000
1626673632071 0.0007938926261462366 112500
1626675715482 0.00075 125000
1626677792270 0.0007033683215379003 137500
1626679873613 0.0006545084971874739 150000
1626681948574 0.0006039558454088797 162500
1626684037327 0.0005522642316338269 175000
1626686155276 0.0005000000000000002 187500
1626688233416 0.0004477357683661734 200000
1626690319392 0.00039604415459112036 212500
1626692396572 0.0003454915028125264 225000
1626694476759 0.00029663167846210003 237500
1626696567550 0.00025000000000000017 250000
1626698652005 0.00020610737385376354 262500
1626700731038 0.00016543469682057108 275000
1626702842156 0.00012842758726130303 287500
1626704933097 9.549150281252637e-05 300000
1626707015791 6.698729810778068e-05 312500
1626709094701 4.322727117869953e-05 325000
1626711174994 2.447174185242324e-05 337500
1626713258320 1.092619963309716e-05 350000
1626715333924 2.7390523158633003e-06 362500
