1626656677739 19.8071231842041 12499
1626656938815 19.8071231842041 0
1626658764944 16.981277465820312 24999
1626659023060 16.981277465820312 1
1626660847689 16.276336669921875 37499
1626661101588 16.276336669921875 2
1626662928218 15.894768714904785 49999
1626663179727 15.894768714904785 3
1626665007164 15.56597900390625 62499
1626665257932 15.56597900390625 4
1626667087457 15.453354835510254 74999
1626667338128 15.453354835510254 5
1626669160408 15.235663414001465 87499
1626669468865 15.235663414001465 6
1626671294867 15.07270622253418 99999
1626671547530 15.07270622253418 7
1626673375023 14.987139701843262 112499
1626673631874 14.987139701843262 8
1626675460419 14.881529808044434 124999
1626675715107 14.881529808044434 9
1626677539567 14.7776460647583 137499
1626677792213 14.7776460647583 10
1626679621636 14.693062782287598 149999
1626679873574 14.693062782287598 11
1626681697802 14.66186237335205 162499
1626681948526 14.66186237335205 12
1626683775493 14.588422775268555 174999
1626684037216 14.588422775268555 13
1626685861805 14.507567405700684 187499
1626686155201 14.507567405700684 14
1626687979959 14.400103569030762 199999
1626688233339 14.400103569030762 15
1626690059120 14.356501579284668 212499
1626690319184 14.356501579284668 16
1626692144217 14.315735816955566 224999
1626692396370 14.315735816955566 17
1626694224438 14.225257873535156 237499
1626694476686 14.225257873535156 18
1626696310898 14.135133743286133 249999
1626696566948 14.135133743286133 19
1626698396642 14.074292182922363 262499
1626698651942 14.074292182922363 20
1626700479322 13.996219635009766 274999
1626700730991 13.996219635009766 21
1626702559879 13.928984642028809 287499
1626702842070 13.928984642028809 22
1626704672338 13.876537322998047 299999
1626704933017 13.876537322998047 23
1626706764159 13.825173377990723 312499
1626707015235 13.825173377990723 24
1626708841535 13.791109085083008 324999
1626709094513 13.791109085083008 25
1626710920150 13.763054847717285 337499
1626711174808 13.763054847717285 26
1626713004419 13.74249267578125 349999
1626713258020 13.74249267578125 27
1626715083702 13.728967666625977 362499
1626715333664 13.728967666625977 28
1626717158488 13.71907901763916 374999
1626717414736 13.71907901763916 29
