1626656938815 17.851913452148438 0
1626659023060 16.657482147216797 1
1626661101588 16.36533546447754 2
1626663179727 16.1038875579834 3
1626665257932 15.33320426940918 4
1626667338128 14.82267951965332 5
1626669468865 14.950550079345703 6
1626671547530 15.238388061523438 7
1626673631874 14.894139289855957 8
1626675715107 15.474809646606445 9
1626677792213 15.134516716003418 10
1626679873574 14.79920768737793 11
1626681948526 14.541656494140625 12
1626684037216 14.849762916564941 13
1626686155201 14.964788436889648 14
1626688233339 14.952696800231934 15
1626690319184 14.333765029907227 16
1626692396370 13.937009811401367 17
1626694476686 14.144365310668945 18
1626696566948 14.004697799682617 19
1626698651942 13.80355453491211 20
1626700730991 13.604086875915527 21
1626702842070 14.073508262634277 22
1626704933017 13.645493507385254 23
1626707015235 14.009265899658203 24
1626709094513 14.599160194396973 25
1626711174808 13.710347175598145 26
1626713258020 14.047492980957031 27
1626715333664 13.56979751586914 28
1626717414736 13.313894271850586 29
