1627303281563 0 49
1627303309550 0 99
1627303337560 0 149
1627303365422 0 199
1627303393321 0 249
1627303421367 0 299
1627303449320 0 349
1627303477195 0 399
1627303505268 0 449
1627303533345 0 499
1627303561835 0 549
1627303589954 0 599
1627303618553 0 649
1627303646857 0 699
1627303675061 0 749
1627303703285 0 799
1627303731432 0 849
1627303759648 0 899
1627303787749 0 949
1627303815842 0 999
1627303843958 0 1049
1627303871938 0 1099
1627303900173 0 1149
1627303928377 0 1199
1627303956527 0 1249
1627303985045 0 1299
1627304013192 0 1349
1627304041576 0 1399
1627304069656 0 1449
1627304097770 0 1499
1627304125898 0 1549
1627304154160 0 1599
1627304182348 0 1649
1627304210560 0 1699
1627304238715 0 1749
1627304266994 0 1799
1627304295138 0 1849
1627304323246 0 1899
1627304351433 0 1949
1627304379550 0 1999
1627304407681 0 2049
1627304435945 0 2099
1627304464271 0 2149
1627304492411 0 2199
1627304520623 0 2249
1627304548862 0 2299
1627304577074 0 2349
1627304605183 0 2399
1627304633401 0 2449
1627304661596 0 2499
1627304689788 0 2549
1627304717952 0 2599
1627304746188 0 2649
1627304774468 0 2699
1627304802557 0 2749
1627304831098 0 2799
1627304859349 0 2849
1627304887690 0 2899
1627304916016 0 2949
1627304944298 0 2999
1627304972603 0 3049
1627305001358 0 3099
1627305017493 0 3124
1627305251286 0 3124
1627305272470 1 3149
1627305300624 1 3199
1627305328592 1 3249
1627305356522 1 3299
1627305384469 1 3349
1627305412392 1 3399
1627305440535 1 3449
1627305468467 1 3499
1627305496546 1 3549
1627305524542 1 3599
1627305552602 1 3649
1627305580782 1 3699
1627305608909 1 3749
1627305636947 1 3799
1627305665349 1 3849
1627305693706 1 3899
1627305722071 1 3949
1627305750478 1 3999
1627305778929 1 4049
1627305807335 1 4099
1627305835636 1 4149
1627305864049 1 4199
1627305892389 1 4249
1627305920619 1 4299
1627305949026 1 4349
1627305977356 1 4399
1627306005648 1 4449
1627306034093 1 4499
1627306062412 1 4549
1627306090798 1 4599
1627306119037 1 4649
1627306147095 1 4699
1627306175348 1 4749
1627306203796 1 4799
1627306232250 1 4849
1627306260657 1 4899
1627306288941 1 4949
1627306317311 1 4999
1627306345548 1 5049
1627306373890 1 5099
1627306402208 1 5149
1627306430518 1 5199
1627306458890 1 5249
1627306487052 1 5299
1627306515402 1 5349
1627306543573 1 5399
1627306571796 1 5449
1627306600115 1 5499
1627306628333 1 5549
1627306656676 1 5599
1627306685030 1 5649
1627306713316 1 5699
1627306741518 1 5749
1627306769730 1 5799
1627306797995 1 5849
1627306826359 1 5899
1627306854717 1 5949
1627306882966 1 5999
1627306911179 1 6049
1627306939501 1 6099
1627306967995 1 6149
1627306996319 1 6199
1627307026556 1 6249
1627307026986 1 6249
1627307265153 1 6249
1627307300632 2 6299
1627307328702 2 6349
1627307356732 2 6399
1627307384793 2 6449
1627307412983 2 6499
1627307441065 2 6549
1627307469033 2 6599
1627307496943 2 6649
1627307524954 2 6699
1627307553051 2 6749
1627307581136 2 6799
1627307609309 2 6849
1627307637426 2 6899
1627307665579 2 6949
1627307694029 2 6999
1627307722435 2 7049
1627307750690 2 7099
1627307779154 2 7149
1627307807361 2 7199
1627307835711 2 7249
1627307864191 2 7299
1627307892534 2 7349
1627307920831 2 7399
1627307949157 2 7449
1627307977045 2 7499
1627308005397 2 7549
1627308033545 2 7599
1627308061582 2 7649
1627308090077 2 7699
1627308118439 2 7749
1627308146891 2 7799
1627308175248 2 7849
1627308203503 2 7899
1627308231822 2 7949
1627308260194 2 7999
1627308288553 2 8049
1627308316841 2 8099
1627308345086 2 8149
1627308373445 2 8199
1627308401887 2 8249
1627308430225 2 8299
1627308458699 2 8349
1627308487077 2 8399
1627308515585 2 8449
1627308543870 2 8499
1627308572026 2 8549
1627308600255 2 8599
1627308628335 2 8649
1627308656676 2 8699
1627308685052 2 8749
1627308713261 2 8799
1627308741732 2 8849
1627308769943 2 8899
1627308798212 2 8949
1627308826627 2 8999
1627308854655 2 9049
1627308883025 2 9099
1627308911355 2 9149
1627308939801 2 9199
1627308968215 2 9249
1627308996580 2 9299
1627309025253 2 9349
1627309041640 2 9374
1627309275593 2 9374
1627309297531 3 9399
1627309325609 3 9449
1627309354610 3 9499
1627309382639 3 9549
1627309410800 3 9599
1627309438938 3 9649
1627309467821 3 9699
1627309495926 3 9749
1627309523880 3 9799
1627309551804 3 9849
1627309579918 3 9899
1627309608160 3 9949
1627309636352 3 9999
1627309664539 3 10049
1627309692896 3 10099
1627309721254 3 10149
1627309749674 3 10199
1627309777929 3 10249
1627309806449 3 10299
1627309834738 3 10349
1627309863033 3 10399
1627309891324 3 10449
1627309919616 3 10499
1627309947822 3 10549
1627309976267 3 10599
1627310004576 3 10649
1627310032711 3 10699
1627310061134 3 10749
1627310089527 3 10799
1627310117774 3 10849
1627310146046 3 10899
1627310174286 3 10949
1627310202586 3 10999
1627310230953 3 11049
1627310259485 3 11099
1627310287839 3 11149
1627310316232 3 11199
1627310344661 3 11249
1627310372804 3 11299
1627310400943 3 11349
1627310429272 3 11399
1627310457551 3 11449
1627310485950 3 11499
1627310514300 3 11549
1627310542738 3 11599
1627310571123 3 11649
1627310599345 3 11699
1627310627502 3 11749
1627310655698 3 11799
1627310683898 3 11849
1627310712237 3 11899
1627310740460 3 11949
1627310768735 3 11999
1627310796961 3 12049
1627310825417 3 12099
1627310853895 3 12149
1627310882284 3 12199
1627310910585 3 12249
1627310938915 3 12299
1627310967327 3 12349
1627310995634 3 12399
1627311023734 3 12449
1627311054135 3 12499
1627311054565 3 12499
1627311288032 3 12499
1627311323273 4 12549
1627311351216 4 12599
1627311379231 4 12649
1627311407155 4 12699
1627311435125 4 12749
1627311463349 4 12799
1627311491389 4 12849
1627311519421 4 12899
1627311547688 4 12949
1627311575810 4 12999
1627311603788 4 13049
1627311631665 4 13099
1627311659652 4 13149
1627311687872 4 13199
1627311716139 4 13249
1627311744558 4 13299
1627311772945 4 13349
1627311801179 4 13399
1627311829482 4 13449
1627311857766 4 13499
1627311885947 4 13549
1627311914247 4 13599
1627311942400 4 13649
1627311970738 4 13699
1627311999022 4 13749
1627312027131 4 13799
1627312055243 4 13849
1627312083679 4 13899
1627312111988 4 13949
1627312140340 4 13999
1627312168704 4 14049
1627312197202 4 14099
1627312225738 4 14149
1627312254305 4 14199
1627312282882 4 14249
1627312311207 4 14299
1627312339536 4 14349
1627312367650 4 14399
1627312395977 4 14449
1627312424308 4 14499
1627312452607 4 14549
1627312481026 4 14599
1627312509199 4 14649
1627312537606 4 14699
1627312565987 4 14749
1627312594232 4 14799
1627312622535 4 14849
1627312650788 4 14899
1627312679136 4 14949
1627312707465 4 14999
1627312735932 4 15049
1627312764354 4 15099
1627312792782 4 15149
1627312821101 4 15199
1627312849382 4 15249
1627312877660 4 15299
1627312905923 4 15349
1627312934445 4 15399
1627312962796 4 15449
1627312991182 4 15499
1627313019546 4 15549
1627313048177 4 15599
1627313064598 4 15624
1627313300383 4 15624
1627313322886 5 15649
1627313350965 5 15699
1627313378989 5 15749
1627313406981 5 15799
1627313435029 5 15849
1627313463219 5 15899
1627313491348 5 15949
1627313519198 5 15999
1627313547103 5 16049
1627313575134 5 16099
1627313603124 5 16149
1627313631177 5 16199
1627313659179 5 16249
1627313687208 5 16299
1627313715530 5 16349
1627313743825 5 16399
1627313772040 5 16449
1627313800544 5 16499
1627313828887 5 16549
1627313857126 5 16599
1627313885541 5 16649
1627313913929 5 16699
1627313942169 5 16749
1627313970520 5 16799
1627313998742 5 16849
1627314027299 5 16899
1627314055639 5 16949
1627314083773 5 16999
1627314112209 5 17049
1627314140686 5 17099
1627314169077 5 17149
1627314197447 5 17199
1627314225654 5 17249
1627314254185 5 17299
1627314282390 5 17349
1627314310715 5 17399
1627314339006 5 17449
1627314367489 5 17499
1627314395697 5 17549
1627314424027 5 17599
1627314452515 5 17649
1627314480824 5 17699
1627314509094 5 17749
1627314537126 5 17799
1627314566068 5 17849
1627314594251 5 17899
1627314622434 5 17949
1627314650778 5 17999
1627314680553 5 18049
1627314708716 5 18099
1627314737211 5 18149
1627314765501 5 18199
1627314793692 5 18249
1627314821878 5 18299
1627314850248 5 18349
1627314878740 5 18399
1627314907066 5 18449
1627314935131 5 18499
1627314963382 5 18549
1627314991695 5 18599
1627315020095 5 18649
1627315048325 5 18699
1627315078784 5 18749
1627315079389 5 18749
1627315316042 5 18749
1627315352331 6 18799
1627315380373 6 18849
1627315408404 6 18899
1627315436627 6 18949
1627315464692 6 18999
1627315492755 6 19049
1627315520786 6 19099
1627315548916 6 19149
1627315576938 6 19199
1627315604932 6 19249
1627315632925 6 19299
1627315661019 6 19349
1627315688987 6 19399
1627315717240 6 19449
1627315745694 6 19499
1627315773945 6 19549
1627315802222 6 19599
1627315830340 6 19649
1627315858916 6 19699
1627315887269 6 19749
1627315915517 6 19799
1627315943912 6 19849
1627315973128 6 19899
1627316002032 6 19949
1627316030648 6 19999
1627316058985 6 20049
1627316087374 6 20099
1627316115515 6 20149
1627316143722 6 20199
1627316171829 6 20249
1627316200087 6 20299
1627316228341 6 20349
1627316256571 6 20399
1627316284730 6 20449
1627316313009 6 20499
1627316341512 6 20549
1627316369920 6 20599
1627316398143 6 20649
1627316426564 6 20699
1627316455005 6 20749
1627316483389 6 20799
1627316511625 6 20849
1627316539847 6 20899
1627316568406 6 20949
1627316596687 6 20999
1627316625039 6 21049
1627316653567 6 21099
1627316681919 6 21149
1627316710229 6 21199
1627316738718 6 21249
1627316766931 6 21299
1627316795117 6 21349
1627316823492 6 21399
1627316851731 6 21449
1627316879884 6 21499
1627316908061 6 21549
1627316936272 6 21599
1627316964498 6 21649
1627316992910 6 21699
1627317021063 6 21749
1627317049337 6 21799
1627317077849 6 21849
1627317094683 6 21874
1627317326860 6 21874
1627317349337 7 21899
1627317377400 7 21949
1627317405435 7 21999
1627317433532 7 22049
1627317461671 7 22099
1627317489824 7 22149
1627317519366 7 22199
1627317547414 7 22249
1627317575541 7 22299
1627317603547 7 22349
1627317631747 7 22399
1627317659900 7 22449
1627317688000 7 22499
1627317716171 7 22549
1627317744266 7 22599
1627317772583 7 22649
1627317800786 7 22699
1627317829135 7 22749
1627317857311 7 22799
1627317885445 7 22849
1627317913778 7 22899
1627317942181 7 22949
1627317970648 7 22999
1627317998877 7 23049
1627318027063 7 23099
1627318055412 7 23149
1627318083472 7 23199
1627318111978 7 23249
1627318140328 7 23299
1627318168831 7 23349
1627318197046 7 23399
1627318225549 7 23449
1627318253968 7 23499
1627318282349 7 23549
1627318310667 7 23599
1627318338919 7 23649
1627318367428 7 23699
1627318395860 7 23749
1627318424147 7 23799
1627318452551 7 23849
1627318480908 7 23899
1627318509251 7 23949
1627318537523 7 23999
1627318565839 7 24049
1627318594351 7 24099
1627318622686 7 24149
1627318651004 7 24199
1627318679170 7 24249
1627318707559 7 24299
1627318735843 7 24349
1627318764269 7 24399
1627318792655 7 24449
1627318820960 7 24499
1627318849222 7 24549
1627318877347 7 24599
1627318905637 7 24649
1627318934046 7 24699
1627318962371 7 24749
1627318990634 7 24799
1627319018909 7 24849
1627319047038 7 24899
1627319075389 7 24949
1627319105970 7 24999
1627319106680 7 24999
1627319339347 7 24999
1627319375376 8 25049
1627319403499 8 25099
1627319431792 8 25149
1627319459796 8 25199
1627319487847 8 25249
1627319515821 8 25299
1627319543853 8 25349
1627319571959 8 25399
1627319600093 8 25449
1627319628295 8 25499
1627319656431 8 25549
1627319684613 8 25599
1627319712633 8 25649
1627319740825 8 25699
1627319768933 8 25749
1627319797470 8 25799
1627319825787 8 25849
1627319854254 8 25899
1627319882713 8 25949
1627319911045 8 25999
1627319939535 8 26049
1627319967761 8 26099
1627319996182 8 26149
1627320024579 8 26199
1627320052904 8 26249
1627320081179 8 26299
1627320109656 8 26349
1627320138012 8 26399
1627320166336 8 26449
1627320194708 8 26499
1627320222934 8 26549
1627320251060 8 26599
1627320279359 8 26649
1627320307901 8 26699
1627320336414 8 26749
1627320364784 8 26799
1627320393196 8 26849
1627320421487 8 26899
1627320450037 8 26949
1627320478495 8 26999
1627320506802 8 27049
1627320535093 8 27099
1627320563425 8 27149
1627320591852 8 27199
1627320620167 8 27249
1627320648640 8 27299
1627320676999 8 27349
1627320705606 8 27399
1627320733885 8 27449
1627320762167 8 27499
1627320790498 8 27549
1627320818825 8 27599
1627320847198 8 27649
1627320875534 8 27699
1627320903713 8 27749
1627320931822 8 27799
1627320960066 8 27849
1627320988448 8 27899
1627321016786 8 27949
1627321045039 8 27999
1627321073383 8 28049
1627321102110 8 28099
1627321118949 8 28124
1627321351511 8 28124
