1627305017493 23.574504852294922 3124
1627305251124 23.574504852294922 0
1627307026986 21.457469940185547 6249
1627307265066 21.457469940185547 1
1627309041640 19.8273983001709 9374
1627309275378 19.8273983001709 2
1627311054565 19.300453186035156 12499
1627311287811 19.300453186035156 3
1627313064598 19.064838409423828 15624
1627313299774 19.064838409423828 4
1627315079389 18.87091064453125 18749
1627315315823 18.87091064453125 5
1627317094683 18.72233772277832 21874
1627317326575 18.72233772277832 6
1627319106680 18.60530662536621 24999
1627319339112 18.60530662536621 7
1627321118949 18.500072479248047 28124
1627321351286 18.500072479248047 8
