1627303281563 29.753067016601562 49
1627303309550 26.00859260559082 99
1627303337560 25.9459228515625 149
1627303365422 24.948787689208984 199
1627303393321 24.97289276123047 249
1627303421367 24.184968948364258 299
1627303449320 24.38873291015625 349
1627303477195 24.347061157226562 399
1627303505268 24.17815589904785 449
1627303533345 24.319028854370117 499
1627303561835 24.126863479614258 549
1627303589954 24.0115966796875 599
1627303618553 23.980934143066406 649
1627303646857 23.554405212402344 699
1627303675061 23.68290138244629 749
1627303703285 23.77667999267578 799
1627303731432 24.115440368652344 849
1627303759648 23.928730010986328 899
1627303787749 23.737648010253906 949
1627303815842 23.58888053894043 999
1627303843958 23.314672470092773 1049
1627303871938 23.48936653137207 1099
1627303900173 23.540496826171875 1149
1627303928377 23.351409912109375 1199
1627303956527 23.42786979675293 1249
1627303985045 23.23076057434082 1299
1627304013192 23.526691436767578 1349
1627304041576 23.531597137451172 1399
1627304069656 23.415145874023438 1449
1627304097770 23.354921340942383 1499
1627304125898 23.12371063232422 1549
1627304154160 23.493101119995117 1599
1627304182348 23.32268524169922 1649
1627304210560 23.144742965698242 1699
1627304238715 23.176620483398438 1749
1627304266994 23.145801544189453 1799
1627304295138 23.452835083007812 1849
1627304323246 22.820003509521484 1899
1627304351433 23.09150505065918 1949
1627304379550 22.943161010742188 1999
1627304407681 23.242488861083984 2049
1627304435945 23.048843383789062 2099
1627304464271 22.857460021972656 2149
1627304492411 22.756004333496094 2199
1627304520623 22.663938522338867 2249
1627304548862 22.894622802734375 2299
1627304577074 22.909439086914062 2349
1627304605183 22.971454620361328 2399
1627304633401 22.727397918701172 2449
1627304661596 23.018142700195312 2499
1627304689788 22.74565315246582 2549
1627304717952 22.64442253112793 2599
1627304746188 22.193023681640625 2649
1627304774468 22.296100616455078 2699
1627304802557 22.526012420654297 2749
1627304831098 22.273849487304688 2799
1627304859349 21.979427337646484 2849
1627304887690 22.60633087158203 2899
1627304916016 21.987564086914062 2949
1627304944298 22.379940032958984 2999
1627304972603 21.696380615234375 3049
1627305001358 22.30097007751465 3099
1627305251124 22.332427978515625 0
1627305272470 22.11861801147461 3149
1627305300624 22.615530014038086 3199
1627305328592 21.934764862060547 3249
1627305356522 22.054317474365234 3299
1627305384469 21.540361404418945 3349
1627305412392 21.653160095214844 3399
1627305440535 22.056367874145508 3449
1627305468467 21.924436569213867 3499
1627305496546 21.907573699951172 3549
1627305524542 22.00391387939453 3599
1627305552602 21.76897430419922 3649
1627305580782 21.707725524902344 3699
1627305608909 22.18514633178711 3749
1627305636947 21.693206787109375 3799
1627305665349 21.367862701416016 3849
1627305693706 21.868755340576172 3899
1627305722071 21.495502471923828 3949
1627305750478 22.129772186279297 3999
1627305778929 21.602420806884766 4049
1627305807335 22.03479766845703 4099
1627305835636 21.40139389038086 4149
1627305864049 21.412242889404297 4199
1627305892389 21.46886444091797 4249
1627305920619 21.281700134277344 4299
1627305949026 21.584909439086914 4349
1627305977356 21.537317276000977 4399
1627306005648 21.732484817504883 4449
1627306034093 21.742813110351562 4499
1627306062412 21.616653442382812 4549
1627306090798 21.60635757446289 4599
1627306119037 21.418842315673828 4649
1627306147095 22.041763305664062 4699
1627306175348 21.908527374267578 4749
1627306203796 21.59630012512207 4799
1627306232250 21.329668045043945 4849
1627306260657 21.526988983154297 4899
1627306288941 22.009368896484375 4949
1627306317311 21.170120239257812 4999
1627306345548 21.34139633178711 5049
1627306373890 21.32260513305664 5099
1627306402208 21.46207046508789 5149
1627306430518 21.66250228881836 5199
1627306458890 21.188800811767578 5249
1627306487052 21.247032165527344 5299
1627306515402 21.139034271240234 5349
1627306543573 21.401906967163086 5399
1627306571796 21.415283203125 5449
1627306600115 21.368244171142578 5499
1627306628333 21.21318244934082 5549
1627306656676 21.115005493164062 5599
1627306685030 21.301279067993164 5649
1627306713316 20.900060653686523 5699
1627306741518 21.082901000976562 5749
1627306769730 21.52271270751953 5799
1627306797995 20.91339874267578 5849
1627306826359 20.87519073486328 5899
1627306854717 21.110546112060547 5949
1627306882966 21.165231704711914 5999
1627306911179 21.07166290283203 6049
1627306939501 20.681194305419922 6099
1627306967995 20.584476470947266 6149
1627306996319 20.819501876831055 6199
1627307026556 20.911148071289062 6249
1627307265066 20.911148071289062 1
1627307300632 20.965017318725586 6299
1627307328702 20.789644241333008 6349
1627307356732 20.68732452392578 6399
1627307384793 20.464902877807617 6449
1627307412983 20.593048095703125 6499
1627307441065 20.40414810180664 6549
1627307469033 20.18435287475586 6599
1627307496943 20.056819915771484 6649
1627307524954 20.13298225402832 6699
1627307553051 20.088077545166016 6749
1627307581136 20.42605972290039 6799
1627307609309 20.08594512939453 6849
1627307637426 20.055662155151367 6899
1627307665579 19.811790466308594 6949
1627307694029 19.919641494750977 6999
1627307722435 20.029598236083984 7049
1627307750690 19.857690811157227 7099
1627307779154 20.070188522338867 7149
1627307807361 19.474037170410156 7199
1627307835711 19.664134979248047 7249
1627307864191 19.805374145507812 7299
1627307892534 19.669414520263672 7349
1627307920831 19.527446746826172 7399
1627307949157 19.65674591064453 7449
1627307977045 19.49224853515625 7499
1627308005397 19.66773223876953 7549
1627308033545 19.678524017333984 7599
1627308061582 19.65203094482422 7649
1627308090077 19.931262969970703 7699
1627308118439 19.90700912475586 7749
1627308146891 19.581539154052734 7799
1627308175248 19.627859115600586 7849
1627308203503 19.455942153930664 7899
1627308231822 19.488475799560547 7949
1627308260194 19.752704620361328 7999
1627308288553 19.909740447998047 8049
1627308316841 19.523544311523438 8099
1627308345086 19.89886474609375 8149
1627308373445 19.264802932739258 8199
1627308401887 19.7823429107666 8249
1627308430225 19.564117431640625 8299
1627308458699 19.738065719604492 8349
1627308487077 19.75982666015625 8399
1627308515585 19.715761184692383 8449
1627308543870 19.420204162597656 8499
1627308572026 19.471038818359375 8549
1627308600255 19.380102157592773 8599
1627308628335 19.585437774658203 8649
1627308656676 19.395668029785156 8699
1627308685052 19.570735931396484 8749
1627308713261 19.509979248046875 8799
1627308741732 19.364120483398438 8849
1627308769943 19.385211944580078 8899
1627308798212 20.298137664794922 8949
1627308826627 19.358564376831055 8999
1627308854655 19.66653060913086 9049
1627308883025 19.73089599609375 9099
1627308911355 19.266067504882812 9149
1627308939801 19.464195251464844 9199
1627308968215 19.618595123291016 9249
1627308996580 19.290924072265625 9299
1627309025253 19.57012176513672 9349
1627309275378 19.346500396728516 2
1627309297531 19.131362915039062 9399
1627309325609 19.407331466674805 9449
1627309354610 19.41522979736328 9499
1627309382639 19.362638473510742 9549
1627309410800 19.26184844970703 9599
1627309438938 19.436670303344727 9649
1627309467821 19.530824661254883 9699
1627309495926 19.21805191040039 9749
1627309523880 19.293731689453125 9799
1627309551804 19.48829460144043 9849
1627309579918 19.027435302734375 9899
1627309608160 19.419769287109375 9949
1627309636352 19.20136833190918 9999
1627309664539 19.09811782836914 10049
1627309692896 19.151206970214844 10099
1627309721254 19.433256149291992 10149
1627309749674 19.31680679321289 10199
1627309777929 19.302520751953125 10249
1627309806449 19.206256866455078 10299
1627309834738 19.37727928161621 10349
1627309863033 19.78706932067871 10399
1627309891324 19.09252166748047 10449
1627309919616 19.19581413269043 10499
1627309947822 19.103239059448242 10549
1627309976267 19.10873031616211 10599
1627310004576 19.384756088256836 10649
1627310032711 19.4005069732666 10699
1627310061134 19.343347549438477 10749
1627310089527 19.470643997192383 10799
1627310117774 19.502269744873047 10849
1627310146046 18.965774536132812 10899
1627310174286 19.33287811279297 10949
1627310202586 19.266090393066406 10999
1627310230953 19.493488311767578 11049
1627310259485 18.93485450744629 11099
1627310287839 19.656330108642578 11149
1627310316232 19.52944564819336 11199
1627310344661 19.17123794555664 11249
1627310372804 19.06730842590332 11299
1627310400943 19.95553970336914 11349
1627310429272 19.378662109375 11399
1627310457551 19.28508758544922 11449
1627310485950 19.34078598022461 11499
1627310514300 19.134235382080078 11549
1627310542738 19.293045043945312 11599
1627310571123 19.036054611206055 11649
1627310599345 19.376270294189453 11699
1627310627502 19.38216209411621 11749
1627310655698 19.355506896972656 11799
1627310683898 18.91067886352539 11849
1627310712237 19.346843719482422 11899
1627310740460 19.164899826049805 11949
1627310768735 19.26838493347168 11999
1627310796961 19.71514892578125 12049
1627310825417 18.946441650390625 12099
1627310853895 19.090686798095703 12149
1627310882284 19.135982513427734 12199
1627310910585 19.36233901977539 12249
1627310938915 18.815086364746094 12299
1627310967327 19.439125061035156 12349
1627310995634 19.273330688476562 12399
1627311023734 19.04537010192871 12449
1627311054135 19.04724884033203 12499
1627311287811 19.04724884033203 3
1627311323273 19.408035278320312 12549
1627311351216 19.010950088500977 12599
1627311379231 19.178115844726562 12649
1627311407155 19.30436134338379 12699
1627311435125 18.849985122680664 12749
1627311463349 19.13916778564453 12799
1627311491389 19.482145309448242 12849
1627311519421 19.058425903320312 12899
1627311547688 19.224184036254883 12949
1627311575810 19.09925651550293 12999
1627311603788 18.957256317138672 13049
1627311631665 19.216344833374023 13099
1627311659652 18.974933624267578 13149
1627311687872 18.882034301757812 13199
1627311716139 19.210121154785156 13249
1627311744558 19.007423400878906 13299
1627311772945 19.025705337524414 13349
1627311801179 19.155208587646484 13399
1627311829482 19.19837188720703 13449
1627311857766 18.941577911376953 13499
1627311885947 18.995819091796875 13549
1627311914247 19.29147720336914 13599
1627311942400 19.103199005126953 13649
1627311970738 19.122234344482422 13699
1627311999022 19.15540313720703 13749
1627312027131 19.3266544342041 13799
1627312055243 19.0629825592041 13849
1627312083679 19.266986846923828 13899
1627312111988 19.214702606201172 13949
1627312140340 18.85206413269043 13999
1627312168704 19.291072845458984 14049
1627312197202 18.80213165283203 14099
1627312225738 19.15930938720703 14149
1627312254305 19.135488510131836 14199
1627312282882 18.890329360961914 14249
1627312311207 18.91407585144043 14299
1627312339536 18.980398178100586 14349
1627312367650 19.23587989807129 14399
1627312395977 19.13954734802246 14449
1627312424308 19.08895492553711 14499
1627312452607 18.789108276367188 14549
1627312481026 18.995140075683594 14599
1627312509199 19.12975311279297 14649
1627312537606 18.713361740112305 14699
1627312565987 19.091716766357422 14749
1627312594232 18.860950469970703 14799
1627312622535 18.987577438354492 14849
1627312650788 18.866695404052734 14899
1627312679136 18.918853759765625 14949
1627312707465 18.712331771850586 14999
1627312735932 18.979896545410156 15049
1627312764354 19.162405014038086 15099
1627312792782 18.86687469482422 15149
1627312821101 18.93566131591797 15199
1627312849382 18.93842887878418 15249
1627312877660 18.721446990966797 15299
1627312905923 18.97275161743164 15349
1627312934445 18.936878204345703 15399
1627312962796 19.728656768798828 15449
1627312991182 18.78452491760254 15499
1627313019546 19.116430282592773 15549
1627313048177 18.942230224609375 15599
1627313299774 19.136474609375 4
1627313322886 19.09564208984375 15649
1627313350965 18.899911880493164 15699
1627313378989 18.751205444335938 15749
1627313406981 19.187267303466797 15799
1627313435029 18.57684326171875 15849
1627313463219 18.795547485351562 15899
1627313491348 18.730506896972656 15949
1627313519198 19.106950759887695 15999
1627313547103 18.68032455444336 16049
1627313575134 18.75079917907715 16099
1627313603124 18.698348999023438 16149
1627313631177 18.45990562438965 16199
1627313659179 19.199443817138672 16249
1627313687208 18.734420776367188 16299
1627313715530 18.78798484802246 16349
1627313743825 18.92850112915039 16399
1627313772040 18.62253189086914 16449
1627313800544 18.534706115722656 16499
1627313828887 19.057510375976562 16549
1627313857126 18.556650161743164 16599
1627313885541 18.863828659057617 16649
1627313913929 19.08492660522461 16699
1627313942169 18.9467716217041 16749
1627313970520 18.746868133544922 16799
1627313998742 18.964229583740234 16849
1627314027299 18.87604522705078 16899
1627314055639 18.954721450805664 16949
1627314083773 18.83364486694336 16999
1627314112209 19.078615188598633 17049
1627314140686 18.826717376708984 17099
1627314169077 18.463890075683594 17149
1627314197447 18.812240600585938 17199
1627314225654 18.95867919921875 17249
1627314254185 19.058677673339844 17299
1627314282390 18.81304168701172 17349
1627314310715 18.807689666748047 17399
1627314339006 19.344158172607422 17449
1627314367489 19.00636863708496 17499
1627314395697 18.88465118408203 17549
1627314424027 19.07126808166504 17599
1627314452515 18.347862243652344 17649
1627314480824 18.956340789794922 17699
1627314509094 18.58772850036621 17749
1627314537126 18.836013793945312 17799
1627314566068 19.26900863647461 17849
1627314594251 19.092273712158203 17899
1627314622434 18.71002960205078 17949
1627314650778 18.92259979248047 17999
1627314680553 18.7940673828125 18049
1627314708716 18.975955963134766 18099
1627314737211 18.69974136352539 18149
1627314765501 18.688011169433594 18199
1627314793692 18.552330017089844 18249
1627314821878 18.711532592773438 18299
1627314850248 19.06989097595215 18349
1627314878740 18.940719604492188 18399
1627314907066 18.481807708740234 18449
1627314935131 18.756345748901367 18499
1627314963382 18.961217880249023 18549
1627314991695 18.615726470947266 18599
1627315020095 18.705036163330078 18649
1627315048325 18.48590850830078 18699
1627315078784 18.83602523803711 18749
1627315315823 18.83602523803711 5
1627315352331 18.70879554748535 18799
1627315380373 18.888675689697266 18849
1627315408404 18.977304458618164 18899
1627315436627 18.649511337280273 18949
1627315464692 18.9804630279541 18999
1627315492755 18.731595993041992 19049
1627315520786 18.611391067504883 19099
1627315548916 18.63097381591797 19149
1627315576938 18.9417667388916 19199
1627315604932 18.6092472076416 19249
1627315632925 18.462936401367188 19299
1627315661019 18.72126007080078 19349
1627315688987 18.973308563232422 19399
1627315717240 18.774965286254883 19449
1627315745694 19.021472930908203 19499
1627315773945 18.455429077148438 19549
1627315802222 18.737274169921875 19599
1627315830340 18.77710723876953 19649
1627315858916 18.73607635498047 19699
1627315887269 18.8968505859375 19749
1627315915517 19.26498031616211 19799
1627315943912 18.428569793701172 19849
1627315973128 18.53952407836914 19899
1627316002032 18.642480850219727 19949
1627316030648 18.50377655029297 19999
1627316058985 18.501171112060547 20049
1627316087374 18.576385498046875 20099
1627316115515 18.75204086303711 20149
1627316143722 18.640817642211914 20199
1627316171829 18.63028907775879 20249
1627316200087 18.66566276550293 20299
1627316228341 18.71142578125 20349
1627316256571 18.873327255249023 20399
1627316284730 18.5898380279541 20449
1627316313009 18.738100051879883 20499
1627316341512 18.676246643066406 20549
1627316369920 18.592798233032227 20599
1627316398143 18.645965576171875 20649
1627316426564 18.652477264404297 20699
1627316455005 18.749500274658203 20749
1627316483389 18.875186920166016 20799
1627316511625 18.753053665161133 20849
1627316539847 18.73849868774414 20899
1627316568406 19.094623565673828 20949
1627316596687 18.800533294677734 20999
1627316625039 18.691648483276367 21049
1627316653567 18.670612335205078 21099
1627316681919 18.69284439086914 21149
1627316710229 18.963428497314453 21199
1627316738718 18.38768196105957 21249
1627316766931 18.56403350830078 21299
1627316795117 18.604307174682617 21349
1627316823492 18.652677536010742 21399
1627316851731 18.798221588134766 21449
1627316879884 18.566762924194336 21499
1627316908061 18.495723724365234 21549
1627316936272 18.647483825683594 21599
1627316964498 18.35448455810547 21649
1627316992910 18.56448745727539 21699
1627317021063 18.51095199584961 21749
1627317049337 18.859458923339844 21799
1627317077849 18.766189575195312 21849
1627317326575 18.75775718688965 6
1627317349337 18.506725311279297 21899
1627317377400 18.69668960571289 21949
1627317405435 18.841873168945312 21999
1627317433532 18.889358520507812 22049
1627317461671 18.511335372924805 22099
1627317489824 18.436079025268555 22149
1627317519366 18.41415023803711 22199
1627317547414 18.70454978942871 22249
1627317575541 18.479721069335938 22299
1627317603547 18.65143585205078 22349
1627317631747 18.594783782958984 22399
1627317659900 18.77948760986328 22449
1627317688000 18.67597198486328 22499
1627317716171 18.57177734375 22549
1627317744266 18.39440155029297 22599
1627317772583 18.44951629638672 22649
1627317800786 18.798330307006836 22699
1627317829135 18.763858795166016 22749
1627317857311 18.578475952148438 22799
1627317885445 18.336013793945312 22849
1627317913778 18.663558959960938 22899
1627317942181 18.467243194580078 22949
1627317970648 18.30631446838379 22999
1627317998877 18.564849853515625 23049
1627318027063 18.657560348510742 23099
1627318055412 18.976736068725586 23149
1627318083472 18.513835906982422 23199
1627318111978 18.418209075927734 23249
1627318140328 18.791034698486328 23299
1627318168831 18.857322692871094 23349
1627318197046 18.821399688720703 23399
1627318225549 18.321617126464844 23449
1627318253968 18.770984649658203 23499
1627318282349 18.77393913269043 23549
1627318310667 18.568910598754883 23599
1627318338919 18.65597915649414 23649
1627318367428 18.594440460205078 23699
1627318395860 18.600053787231445 23749
1627318424147 18.434768676757812 23799
1627318452551 18.449134826660156 23849
1627318480908 18.597408294677734 23899
1627318509251 18.358373641967773 23949
1627318537523 18.314117431640625 23999
1627318565839 18.666454315185547 24049
1627318594351 18.829893112182617 24099
1627318622686 18.62118911743164 24149
1627318651004 18.58285903930664 24199
1627318679170 18.898090362548828 24249
1627318707559 18.642215728759766 24299
1627318735843 18.467533111572266 24349
1627318764269 18.42913055419922 24399
1627318792655 18.545427322387695 24449
1627318820960 18.43451690673828 24499
1627318849222 18.359601974487305 24549
1627318877347 18.803457260131836 24599
1627318905637 18.632064819335938 24649
1627318934046 18.431690216064453 24699
1627318962371 18.73107147216797 24749
1627318990634 18.333934783935547 24799
1627319018909 18.393985748291016 24849
1627319047038 18.808029174804688 24899
1627319075389 18.863971710205078 24949
1627319105970 18.41864013671875 24999
1627319339112 18.41864013671875 7
1627319375376 18.610286712646484 25049
1627319403499 18.41455841064453 25099
1627319431792 18.64120101928711 25149
1627319459796 18.669170379638672 25199
1627319487847 18.546716690063477 25249
1627319515821 18.491073608398438 25299
1627319543853 18.50731086730957 25349
1627319571959 18.343978881835938 25399
1627319600093 18.486600875854492 25449
1627319628295 18.0847110748291 25499
1627319656431 18.670961380004883 25549
1627319684613 18.574787139892578 25599
1627319712633 18.63542938232422 25649
1627319740825 18.473670959472656 25699
1627319768933 18.704627990722656 25749
1627319797470 18.88010025024414 25799
1627319825787 18.592750549316406 25849
1627319854254 18.44595718383789 25899
1627319882713 18.32781219482422 25949
1627319911045 18.741416931152344 25999
1627319939535 18.083858489990234 26049
1627319967761 18.53399085998535 26099
1627319996182 18.779586791992188 26149
1627320024579 18.757614135742188 26199
1627320052904 18.524341583251953 26249
1627320081179 18.478166580200195 26299
1627320109656 18.343551635742188 26349
1627320138012 18.66852378845215 26399
1627320166336 18.277996063232422 26449
1627320194708 18.634300231933594 26499
1627320222934 18.846160888671875 26549
1627320251060 18.472030639648438 26599
1627320279359 18.371196746826172 26649
1627320307901 18.72332191467285 26699
1627320336414 18.320846557617188 26749
1627320364784 18.7779541015625 26799
1627320393196 18.375919342041016 26849
1627320421487 18.552452087402344 26899
1627320450037 18.35936737060547 26949
1627320478495 18.171817779541016 26999
1627320506802 18.791126251220703 27049
1627320535093 18.405284881591797 27099
1627320563425 18.3636474609375 27149
1627320591852 18.608592987060547 27199
1627320620167 18.301956176757812 27249
1627320648640 18.386592864990234 27299
1627320676999 18.795635223388672 27349
1627320705606 18.435077667236328 27399
1627320733885 18.341598510742188 27449
1627320762167 18.510072708129883 27499
1627320790498 18.430805206298828 27549
1627320818825 18.39789581298828 27599
1627320847198 18.106510162353516 27649
1627320875534 18.362651824951172 27699
1627320903713 18.359577178955078 27749
1627320931822 18.382837295532227 27799
1627320960066 18.382083892822266 27849
1627320988448 18.830413818359375 27899
1627321016786 18.344287872314453 27949
1627321045039 18.525554656982422 27999
1627321073383 18.55879020690918 28049
1627321102110 18.312294006347656 28099
1627321351286 18.40709686279297 8
