1626654849525 0.001 0
1626657818896 0.0009972609476841367 12500
1626660711423 0.0009890738003669028 25000
1626663614427 0.0009755282581475768 37500
1626666517519 0.0009567727288213003 50000
1626669462049 0.0009330127018922195 62500
1626672388663 0.0009045084971874739 75000
1626675324102 0.0008715724127386972 87500
1626678263478 0.0008345653031794292 100000
1626681218873 0.0007938926261462366 112500
1626684170698 0.00075 125000
1626687113766 0.0007033683215379003 137500
1626690069676 0.0006545084971874739 150000
1626693071960 0.0006039558454088797 162500
1626696024195 0.0005522642316338269 175000
1626698990386 0.0005000000000000002 187500
1626701949942 0.0004477357683661734 200000
1626704913606 0.00039604415459112036 212500
1626707907583 0.0003454915028125264 225000
1626710859311 0.00029663167846210003 237500
1626713827935 0.00025000000000000017 250000
1626716773650 0.00020610737385376354 262500
1626719695396 0.00016543469682057108 275000
1626722583636 0.00012842758726130303 287500
1626725471591 9.549150281252637e-05 300000
1626728368719 6.698729810778068e-05 312500
1626731415587 4.322727117869953e-05 325000
1626734194140 2.447174185242324e-05 337500
1626736961807 1.092619963309716e-05 350000
1626739729254 2.7390523158633003e-06 362500
