1626657491478 19.969697952270508 12499
1626657818882 19.969697952270508 0
1626660382782 16.939964294433594 24999
1626660711320 16.939964294433594 1
1626663277681 16.28230857849121 37499
1626663614252 16.28230857849121 2
1626666172007 15.936722755432129 49999
1626666517169 15.936722755432129 3
1626669076540 15.703277587890625 62499
1626669461127 15.703277587890625 4
1626672020802 15.505602836608887 74999
1626672388568 15.505602836608887 5
1626674947107 15.310169219970703 87499
1626675324013 15.310169219970703 6
1626677876750 15.213174819946289 99999
1626678263075 15.213174819946289 7
1626680816386 15.032743453979492 112499
1626681218771 15.032743453979492 8
1626683767408 14.944672584533691 124999
1626684170160 14.944672584533691 9
1626686702479 14.927722930908203 137499
1626687113572 14.927722930908203 10
1626689653662 14.754738807678223 149999
1626690069570 14.754738807678223 11
1626692628451 14.678807258605957 162499
1626693071647 14.678807258605957 12
1626695587051 14.577237129211426 174999
1626696023965 14.577237129211426 13
1626698550120 14.526337623596191 187499
1626698989804 14.526337623596191 14
1626701504178 14.453789710998535 199999
1626701949794 14.453789710998535 15
1626704464656 14.412215232849121 212499
1626704913502 14.412215232849121 16
1626707444096 14.350693702697754 224999
1626707907371 14.350693702697754 17
1626710416661 14.280075073242188 237499
1626710858964 14.280075073242188 18
1626713380171 14.206337928771973 249999
1626713827810 14.206337928771973 19
1626716335297 14.142472267150879 262499
1626716773480 14.142472267150879 20
1626719261439 14.107017517089844 274999
1626719694967 14.107017517089844 21
1626722152148 14.077787399291992 287499
1626722583275 14.077787399291992 22
1626725038984 14.02734375 299999
1626725471221 14.02734375 23
1626727954041 13.99263858795166 312499
1626728367637 13.99263858795166 24
1626731002162 13.967742919921875 324999
1626731415130 13.967742919921875 25
1626733800556 13.942785263061523 337499
1626734193787 13.942785263061523 26
1626736563036 13.92572021484375 349999
1626736961440 13.92572021484375 27
1626739332332 13.913590431213379 362499
1626739729028 13.913590431213379 28
1626742087094 13.89964485168457 374999
1626742485640 13.89964485168457 29
