1626657818882 17.43408966064453 0
1626660711320 17.032562255859375 1
1626663614252 16.084299087524414 2
1626666517169 16.42182159423828 3
1626669461127 15.156211853027344 4
1626672388568 15.418325424194336 5
1626675324013 15.268548965454102 6
1626678263075 15.519484519958496 7
1626681218771 14.897905349731445 8
1626684170160 14.789473533630371 9
1626687113572 15.353591918945312 10
1626690069570 14.379806518554688 11
1626693071647 15.158893585205078 12
1626696023965 14.566624641418457 13
1626698989804 14.455350875854492 14
1626701949794 14.361845970153809 15
1626704913502 14.236726760864258 16
1626707907371 14.538652420043945 17
1626710858964 13.88674545288086 18
1626713827810 14.418097496032715 19
1626716773480 13.475152969360352 20
1626719694967 14.283994674682617 21
1626722583275 14.162384033203125 22
1626725471221 14.209962844848633 23
1626728367637 14.19085693359375 24
1626731415130 13.847724914550781 25
1626734193787 14.41398811340332 26
1626736961440 14.392749786376953 27
1626739729028 13.460795402526855 28
1626742485640 13.669458389282227 29
