1626654848856 0.001 0
1626657815635 0.0009972609476841367 12500
1626660735971 0.0009890738003669028 25000
1626663659784 0.0009755282581475768 37500
1626666580437 0.0009567727288213003 50000
1626669573141 0.0009330127018922195 62500
1626672526793 0.0009045084971874739 75000
1626675497767 0.0008715724127386972 87500
1626678461335 0.0008345653031794292 100000
1626681477959 0.0007938926261462366 112500
1626684440346 0.00075 125000
1626687424152 0.0007033683215379003 137500
1626690423822 0.0006545084971874739 150000
1626693491561 0.0006039558454088797 162500
1626696493125 0.0005522642316338269 175000
1626699495731 0.0005000000000000002 187500
1626702489157 0.0004477357683661734 200000
1626705514315 0.00039604415459112036 212500
1626708511881 0.0003454915028125264 225000
1626711520986 0.00029663167846210003 237500
1626714531214 0.00025000000000000017 250000
1626717520075 0.00020610737385376354 262500
1626720437414 0.00016543469682057108 275000
1626723359213 0.00012842758726130303 287500
1626726261237 9.549150281252637e-05 300000
1626729217259 6.698729810778068e-05 312500
1626732215566 4.322727117869953e-05 325000
1626734998586 2.447174185242324e-05 337500
1626737775107 1.092619963309716e-05 350000
1626740537417 2.7390523158633003e-06 362500
