1626657815538 17.797649383544922 0
1626660735938 16.741817474365234 1
1626663659750 15.391257286071777 2
1626666580409 15.316490173339844 3
1626669572991 15.039318084716797 4
1626672526781 15.476554870605469 5
1626675497739 14.715058326721191 6
1626678461297 15.14824104309082 7
1626681477932 15.083934783935547 8
1626684440196 15.790966033935547 9
1626687424119 14.827909469604492 10
1626690423786 15.006916999816895 11
1626693491507 14.711576461791992 12
1626696493080 14.271806716918945 13
1626699495577 14.488367080688477 14
1626702489098 14.347938537597656 15
1626705514280 13.873027801513672 16
1626708511832 14.639358520507812 17
1626711520932 13.830825805664062 18
1626714531179 14.148372650146484 19
1626717520026 14.151695251464844 20
1626720437361 13.838473320007324 21
1626723359171 14.189043045043945 22
1626726261206 13.496862411499023 23
1626729217083 14.033628463745117 24
1626732215527 14.087801933288574 25
1626734998537 14.015833854675293 26
1626737775059 13.99488639831543 27
1626740537259 14.114742279052734 28
1626743025478 13.961936950683594 29
