1626657483576 20.01514434814453 12499
1626657815538 20.01514434814453 0
1626660400492 16.806318283081055 24999
1626660735938 16.806318283081055 1
1626663317683 16.148704528808594 37499
1626663659750 16.148704528808594 2
1626666234835 15.719099998474121 49999
1626666580409 15.719099998474121 3
1626669176377 15.496548652648926 62499
1626669572991 15.496548652648926 4
1626672155818 15.259284019470215 74999
1626672526781 15.259284019470215 5
1626675118127 15.091609954833984 87499
1626675497739 15.091609954833984 6
1626678069641 14.989673614501953 99999
1626678461297 14.989673614501953 7
1626681047296 14.946555137634277 112499
1626681477932 14.946555137634277 8
1626684040384 14.826383590698242 124999
1626684440196 14.826383590698242 9
1626687003285 14.740674018859863 137499
1626687424119 14.740674018859863 10
1626689996204 14.67640209197998 149999
1626690423786 14.67640209197998 11
1626693034276 14.658439636230469 162499
1626693491507 14.658439636230469 12
1626696026907 14.624333381652832 174999
1626696493080 14.624333381652832 13
1626699038744 14.498167037963867 187499
1626699495577 14.498167037963867 14
1626702036454 14.386465072631836 199999
1626702489098 14.386465072631836 15
1626705042495 14.326056480407715 212499
1626705514280 14.326056480407715 16
1626708056854 14.278583526611328 224999
1626708511832 14.278583526611328 17
1626711059415 14.200867652893066 237499
1626711520932 14.200867652893066 18
1626714074749 14.191752433776855 249999
1626714531179 14.191752433776855 19
1626717070824 14.139004707336426 262499
1626717520026 14.139004707336426 20
1626719999769 14.081390380859375 274999
1626720437361 14.081390380859375 21
1626722923514 14.057243347167969 287499
1626723359171 14.057243347167969 22
1626725837503 14.052009582519531 299999
1626726261206 14.052009582519531 23
1626728793720 14.00787353515625 312499
1626729217083 14.00787353515625 24
1626731808425 13.968737602233887 324999
1626732215527 13.968737602233887 25
1626734594409 13.938192367553711 337499
1626734998537 13.938192367553711 26
1626737369461 13.923974990844727 349999
1626737775059 13.923974990844727 27
1626740140062 13.914582252502441 362499
1626740537259 13.914582252502441 28
1626742806721 13.899462699890137 374999
1626743025478 13.899462699890137 29
