1626654895876 0 49
1626654924069 0 99
1626654952120 0 149
1626654980284 0 199
1626655008407 0 249
1626655036472 0 299
1626655064489 0 349
1626655092500 0 399
1626655120482 0 449
1626655148457 0 499
1626655176476 0 549
1626655204512 0 599
1626655232563 0 649
1626655260810 0 699
1626655288873 0 749
1626655316907 0 799
1626655344913 0 849
1626655373145 0 899
1626655401324 0 949
1626655429601 0 999
1626655457702 0 1049
1626655485869 0 1099
1626655513906 0 1149
1626655541925 0 1199
1626655569925 0 1249
1626655598113 0 1299
1626655626246 0 1349
1626655654426 0 1399
1626655682645 0 1449
1626655710671 0 1499
1626655738761 0 1549
1626655766878 0 1599
1626655795001 0 1649
1626655823202 0 1699
1626655851246 0 1749
1626655879468 0 1799
1626655907559 0 1849
1626655935619 0 1899
1626655963706 0 1949
1626655991868 0 1999
1626656019958 0 2049
1626656048143 0 2099
1626656076233 0 2149
1626656104376 0 2199
1626656132609 0 2249
1626656160703 0 2299
1626656188751 0 2349
1626656216867 0 2399
1626656244922 0 2449
1626656272945 0 2499
1626656301047 0 2549
1626656329365 0 2599
1626656357538 0 2649
1626656385601 0 2699
1626656413711 0 2749
1626656441749 0 2799
1626656469853 0 2849
1626656497862 0 2899
1626656526175 0 2949
1626656554344 0 2999
1626656582425 0 3049
1626656610404 0 3099
1626656626657 0 3124
1626656883099 0 3124
1626656902796 1 3149
1626656930933 1 3199
1626656959007 1 3249
1626656987179 1 3299
1626657015312 1 3349
1626657043402 1 3399
1626657071437 1 3449
1626657099553 1 3499
1626657127743 1 3549
1626657155759 1 3599
1626657183911 1 3649
1626657212076 1 3699
1626657240147 1 3749
1626657268231 1 3799
1626657296368 1 3849
1626657324606 1 3899
1626657352749 1 3949
1626657380826 1 3999
1626657408871 1 4049
1626657437224 1 4099
1626657465411 1 4149
1626657493629 1 4199
1626657521750 1 4249
1626657549930 1 4299
1626657578115 1 4349
1626657606299 1 4399
1626657634528 1 4449
1626657662829 1 4499
1626657691143 1 4549
1626657719381 1 4599
1626657747703 1 4649
1626657776035 1 4699
1626657804304 1 4749
1626657832326 1 4799
1626657860610 1 4849
1626657888766 1 4899
1626657916885 1 4949
1626657945028 1 4999
1626657973071 1 5049
1626658001154 1 5099
1626658029172 1 5149
1626658057404 1 5199
1626658085457 1 5249
1626658113645 1 5299
1626658141827 1 5349
1626658170093 1 5399
1626658198171 1 5449
1626658226400 1 5499
1626658254519 1 5549
1626658283380 1 5599
1626658311411 1 5649
1626658339704 1 5699
1626658367874 1 5749
1626658395920 1 5799
1626658424040 1 5849
1626658452058 1 5899
1626658480135 1 5949
1626658508234 1 5999
1626658536424 1 6049
1626658564771 1 6099
1626658592892 1 6149
1626658621083 1 6199
1626658650968 1 6249
1626658651654 1 6249
1626658908484 1 6249
1626658941989 2 6299
1626658970138 2 6349
1626658998294 2 6399
1626659026915 2 6449
1626659054897 2 6499
1626659082937 2 6549
1626659111063 2 6599
1626659139107 2 6649
1626659167220 2 6699
1626659195108 2 6749
1626659223228 2 6799
1626659251343 2 6849
1626659279462 2 6899
1626659307487 2 6949
1626659335592 2 6999
1626659363752 2 7049
1626659391827 2 7099
1626659420652 2 7149
1626659448750 2 7199
1626659476999 2 7249
1626659505210 2 7299
1626659533391 2 7349
1626659561532 2 7399
1626659589732 2 7449
1626659617942 2 7499
1626659646228 2 7549
1626659674441 2 7599
1626659702746 2 7649
1626659731034 2 7699
1626659759244 2 7749
1626659787465 2 7799
1626659815574 2 7849
1626659843807 2 7899
1626659871947 2 7949
1626659900187 2 7999
1626659928178 2 8049
1626659956378 2 8099
1626659984674 2 8149
1626660013016 2 8199
1626660041089 2 8249
1626660069256 2 8299
1626660097292 2 8349
1626660125339 2 8399
1626660153354 2 8449
1626660181689 2 8499
1626660209875 2 8549
1626660237983 2 8599
1626660266050 2 8649
1626660294206 2 8699
1626660322295 2 8749
1626660350611 2 8799
1626660378743 2 8849
1626660406897 2 8899
1626660435117 2 8949
1626660463242 2 8999
1626660491408 2 9049
1626660519685 2 9099
1626660547969 2 9149
1626660576178 2 9199
1626660604462 2 9249
1626660632828 2 9299
1626660661009 2 9349
1626660677465 2 9374
1626660932846 2 9374
1626660952852 3 9399
1626660981073 3 9449
1626661009221 3 9499
1626661037456 3 9549
1626661065509 3 9599
1626661093669 3 9649
1626661121633 3 9699
1626661149724 3 9749
1626661177823 3 9799
1626661205893 3 9849
1626661234054 3 9899
1626661262145 3 9949
1626661290188 3 9999
1626661318270 3 10049
1626661346392 3 10099
1626661374633 3 10149
1626661402696 3 10199
1626661430837 3 10249
1626661459007 3 10299
1626661487122 3 10349
1626661515371 3 10399
1626661543451 3 10449
1626661571678 3 10499
1626661599796 3 10549
1626661627879 3 10599
1626661656145 3 10649
1626661684154 3 10699
1626661712444 3 10749
1626661740554 3 10799
1626661768713 3 10849
1626661797023 3 10899
1626661825074 3 10949
1626661853134 3 10999
1626661881254 3 11049
1626661909323 3 11099
1626661937489 3 11149
1626661965604 3 11199
1626661993763 3 11249
1626662021924 3 11299
1626662050069 3 11349
1626662078280 3 11399
1626662106397 3 11449
1626662134572 3 11499
1626662162660 3 11549
1626662190931 3 11599
1626662219027 3 11649
1626662247159 3 11699
1626662275306 3 11749
1626662303385 3 11799
1626662331591 3 11849
1626662359774 3 11899
1626662387889 3 11949
1626662415904 3 11999
1626662444011 3 12049
1626662472200 3 12099
1626662500514 3 12149
1626662528848 3 12199
1626662556949 3 12249
1626662585818 3 12299
1626662613958 3 12349
1626662642123 3 12399
1626662670182 3 12449
1626662700161 3 12499
1626662700946 3 12499
1626662949173 3 12499
1626662982897 4 12549
1626663011044 4 12599
1626663039204 4 12649
1626663067452 4 12699
1626663095618 4 12749
1626663123807 4 12799
1626663151942 4 12849
1626663180064 4 12899
1626663208137 4 12949
1626663236079 4 12999
1626663264181 4 13049
1626663292387 4 13099
1626663320417 4 13149
1626663348664 4 13199
1626663376844 4 13249
1626663405048 4 13299
1626663433258 4 13349
1626663461569 4 13399
1626663489828 4 13449
1626663517973 4 13499
1626663546226 4 13549
1626663574511 4 13599
1626663602633 4 13649
1626663630783 4 13699
1626663659055 4 13749
1626663687192 4 13799
1626663715418 4 13849
1626663743500 4 13899
1626663771665 4 13949
1626663799857 4 13999
1626663828050 4 14049
1626663856084 4 14099
1626663884392 4 14149
1626663912564 4 14199
1626663940790 4 14249
1626663969076 4 14299
1626663997058 4 14349
1626664025135 4 14399
1626664053361 4 14449
1626664081491 4 14499
1626664109575 4 14549
1626664138481 4 14599
1626664166582 4 14649
1626664194799 4 14699
1626664222970 4 14749
1626664251114 4 14799
1626664279397 4 14849
1626664307476 4 14899
1626664335661 4 14949
1626664363715 4 14999
1626664391946 4 15049
1626664420279 4 15099
1626664448601 4 15149
1626664476814 4 15199
1626664504953 4 15249
1626664533125 4 15299
1626664561217 4 15349
1626664589424 4 15399
1626664617685 4 15449
1626664645787 4 15499
1626664673993 4 15549
1626664702246 4 15599
1626664718835 4 15624
1626664968699 4 15624
1626664987839 5 15649
1626665015890 5 15699
1626665044022 5 15749
1626665072231 5 15799
1626665100296 5 15849
1626665129093 5 15899
1626665157168 5 15949
1626665185336 5 15999
1626665213657 5 16049
1626665241879 5 16099
1626665270095 5 16149
1626665298219 5 16199
1626665326224 5 16249
1626665354287 5 16299
1626665382402 5 16349
1626665410502 5 16399
1626665438629 5 16449
1626665466776 5 16499
1626665494930 5 16549
1626665523065 5 16599
1626665551083 5 16649
1626665579261 5 16699
1626665607285 5 16749
1626665636470 5 16799
1626665664604 5 16849
1626665692893 5 16899
1626665720990 5 16949
1626665749257 5 16999
1626665777352 5 17049
1626665805496 5 17099
1626665833790 5 17149
1626665861931 5 17199
1626665889949 5 17249
1626665918238 5 17299
1626665946323 5 17349
1626665974515 5 17399
1626666002760 5 17449
1626666030903 5 17499
1626666059074 5 17549
1626666087285 5 17599
1626666115497 5 17649
1626666143480 5 17699
1626666171622 5 17749
1626666199798 5 17799
1626666228079 5 17849
1626666256255 5 17899
1626666284392 5 17949
1626666312692 5 17999
1626666340879 5 18049
1626666369048 5 18099
1626666397129 5 18149
1626666425346 5 18199
1626666453668 5 18249
1626666481865 5 18299
1626666510077 5 18349
1626666538452 5 18399
1626666566636 5 18449
1626666594849 5 18499
1626666622950 5 18549
1626666651252 5 18599
1626666679322 5 18649
1626666707450 5 18699
1626666737398 5 18749
1626666738092 5 18749
1626667022098 5 18749
1626667057686 6 18799
1626667085786 6 18849
1626667113931 6 18899
1626667142102 6 18949
1626667170406 6 18999
1626667198471 6 19049
1626667226620 6 19099
1626667254802 6 19149
1626667283110 6 19199
1626667311377 6 19249
1626667339572 6 19299
1626667367737 6 19349
1626667395819 6 19399
1626667423855 6 19449
1626667451942 6 19499
1626667479928 6 19549
1626667508046 6 19599
1626667536350 6 19649
1626667564601 6 19699
1626667592738 6 19749
1626667620782 6 19799
1626667648936 6 19849
1626667677211 6 19899
1626667705509 6 19949
1626667733751 6 19999
1626667761863 6 20049
1626667790067 6 20099
1626667818394 6 20149
1626667846506 6 20199
1626667874543 6 20249
1626667902639 6 20299
1626667930715 6 20349
1626667958859 6 20399
1626667987046 6 20449
1626668015218 6 20499
1626668043371 6 20549
1626668071617 6 20599
1626668099836 6 20649
1626668128005 6 20699
1626668156055 6 20749
1626668184283 6 20799
1626668212420 6 20849
1626668240665 6 20899
1626668268826 6 20949
1626668296930 6 20999
1626668325259 6 21049
1626668353433 6 21099
1626668381429 6 21149
1626668409586 6 21199
1626668437785 6 21249
1626668465887 6 21299
1626668494110 6 21349
1626668522177 6 21399
1626668550244 6 21449
1626668578587 6 21499
1626668606828 6 21549
1626668634956 6 21599
1626668663096 6 21649
1626668691211 6 21699
1626668719369 6 21749
1626668747493 6 21799
1626668775682 6 21849
1626668792460 6 21874
1626669043881 6 21874
1626669063301 7 21899
1626669091426 7 21949
1626669119648 7 21999
1626669147843 7 22049
1626669175929 7 22099
1626669204079 7 22149
1626669232350 7 22199
1626669260603 7 22249
1626669288899 7 22299
1626669317681 7 22349
1626669346028 7 22399
1626669374304 7 22449
1626669402545 7 22499
1626669430805 7 22549
1626669459142 7 22599
1626669487454 7 22649
1626669515703 7 22699
1626669543907 7 22749
1626669572244 7 22799
1626669600428 7 22849
1626669628519 7 22899
1626669656756 7 22949
1626669684784 7 22999
1626669712852 7 23049
1626669741104 7 23099
1626669769417 7 23149
1626669797463 7 23199
1626669825643 7 23249
1626669853892 7 23299
1626669882133 7 23349
1626669910210 7 23399
1626669938146 7 23449
1626669966332 7 23499
1626669994515 7 23549
1626670022726 7 23599
1626670050883 7 23649
1626670079112 7 23699
1626670107303 7 23749
1626670135527 7 23799
1626670163614 7 23849
1626670191796 7 23899
1626670219938 7 23949
1626670248160 7 23999
1626670277210 7 24049
1626670305279 7 24099
1626670333617 7 24149
1626670361911 7 24199
1626670390053 7 24249
1626670418222 7 24299
1626670446470 7 24349
1626670474602 7 24399
1626670502773 7 24449
1626670530999 7 24499
1626670559206 7 24549
1626670587482 7 24599
1626670615679 7 24649
1626670644006 7 24699
1626670672286 7 24749
1626670700534 7 24799
1626670728735 7 24849
1626670757050 7 24899
1626670785294 7 24949
1626670815530 7 24999
1626670816431 7 24999
1626671071078 7 24999
1626671106793 8 25049
1626671134926 8 25099
1626671162993 8 25149
1626671191053 8 25199
1626671219218 8 25249
1626671247431 8 25299
1626671275622 8 25349
1626671303875 8 25399
1626671332128 8 25449
1626671360470 8 25499
1626671388759 8 25549
1626671417139 8 25599
1626671445355 8 25649
1626671473564 8 25699
1626671501759 8 25749
1626671530064 8 25799
1626671558486 8 25849
1626671586647 8 25899
1626671614837 8 25949
1626671642997 8 25999
1626671671296 8 26049
1626671699521 8 26099
1626671727892 8 26149
1626671756179 8 26199
1626671784523 8 26249
1626671812681 8 26299
1626671840998 8 26349
1626671869340 8 26399
1626671897548 8 26449
1626671925935 8 26499
1626671954275 8 26549
1626671982551 8 26599
1626672010683 8 26649
1626672038808 8 26699
1626672067131 8 26749
1626672095456 8 26799
1626672123648 8 26849
1626672151851 8 26899
1626672180027 8 26949
1626672208320 8 26999
1626672236494 8 27049
1626672264696 8 27099
1626672292792 8 27149
1626672321068 8 27199
1626672349243 8 27249
1626672377365 8 27299
1626672405489 8 27349
1626672433725 8 27399
1626672461876 8 27449
1626672490210 8 27499
1626672518432 8 27549
1626672546715 8 27599
1626672574870 8 27649
1626672603037 8 27699
1626672631127 8 27749
1626672659292 8 27799
1626672687325 8 27849
1626672715438 8 27899
1626672743766 8 27949
1626672772007 8 27999
1626672800090 8 28049
1626672828313 8 28099
1626672845161 8 28124
1626673096588 8 28124
1626673116245 9 28149
1626673144392 9 28199
1626673172509 9 28249
1626673200622 9 28299
1626673228673 9 28349
1626673256836 9 28399
1626673284876 9 28449
1626673312948 9 28499
1626673340993 9 28549
1626673369179 9 28599
1626673397309 9 28649
1626673425508 9 28699
1626673453896 9 28749
1626673481999 9 28799
1626673510217 9 28849
1626673538586 9 28899
1626673566866 9 28949
1626673595309 9 28999
1626673623651 9 29049
1626673652004 9 29099
1626673680144 9 29149
1626673708270 9 29199
1626673736547 9 29249
1626673764746 9 29299
1626673792959 9 29349
1626673821142 9 29399
1626673849267 9 29449
1626673877468 9 29499
1626673905889 9 29549
1626673934105 9 29599
1626673962283 9 29649
1626673990585 9 29699
1626674018737 9 29749
1626674047119 9 29799
1626674075475 9 29849
1626674103691 9 29899
1626674132060 9 29949
1626674160411 9 29999
1626674188723 9 30049
1626674216928 9 30099
1626674245265 9 30149
1626674273563 9 30199
1626674301831 9 30249
1626674330055 9 30299
1626674358086 9 30349
1626674386262 9 30399
1626674414458 9 30449
1626674442652 9 30499
1626674470827 9 30549
1626674498995 9 30599
1626674527217 9 30649
1626674555458 9 30699
1626674583695 9 30749
1626674611622 9 30799
1626674639791 9 30849
1626674667849 9 30899
1626674696049 9 30949
1626674724307 9 30999
1626674752563 9 31049
1626674780952 9 31099
1626674809105 9 31149
1626674837229 9 31199
1626674867370 9 31249
1626674868217 9 31249
1626675125275 9 31249
1626675159236 10 31299
1626675187385 10 31349
1626675215874 10 31399
1626675244058 10 31449
1626675272297 10 31499
1626675300397 10 31549
1626675328468 10 31599
1626675356757 10 31649
1626675384948 10 31699
1626675413089 10 31749
1626675441326 10 31799
1626675469502 10 31849
1626675497806 10 31899
1626675525900 10 31949
1626675554201 10 31999
1626675582520 10 32049
1626675610798 10 32099
1626675639086 10 32149
1626675667360 10 32199
1626675695743 10 32249
1626675723868 10 32299
1626675752009 10 32349
1626675780157 10 32399
1626675808548 10 32449
1626675836693 10 32499
1626675864868 10 32549
1626675893171 10 32599
1626675921426 10 32649
1626675949583 10 32699
1626675977810 10 32749
1626676006124 10 32799
1626676034220 10 32849
1626676062384 10 32899
1626676090553 10 32949
1626676118865 10 32999
1626676147053 10 33049
1626676175163 10 33099
1626676203269 10 33149
1626676231399 10 33199
1626676259439 10 33249
1626676287607 10 33299
1626676315851 10 33349
1626676344106 10 33399
1626676372326 10 33449
1626676400468 10 33499
1626676428709 10 33549
1626676456984 10 33599
1626676485278 10 33649
1626676513491 10 33699
1626676541747 10 33749
1626676569966 10 33799
1626676598335 10 33849
1626676626667 10 33899
1626676654908 10 33949
1626676683141 10 33999
1626676711398 10 34049
1626676739831 10 34099
1626676767897 10 34149
1626676796052 10 34199
1626676824344 10 34249
1626676852578 10 34299
1626676880855 10 34349
1626676897644 10 34374
1626677147892 10 34374
1626677167585 11 34399
1626677195799 11 34449
1626677223884 11 34499
1626677252134 11 34549
1626677280168 11 34599
1626677308361 11 34649
1626677336456 11 34699
1626677364421 11 34749
1626677392633 11 34799
1626677420721 11 34849
1626677448790 11 34899
1626677476823 11 34949
1626677504836 11 34999
1626677533061 11 35049
1626677561258 11 35099
1626677589462 11 35149
1626677617797 11 35199
1626677646214 11 35249
1626677674560 11 35299
1626677703345 11 35349
1626677731783 11 35399
1626677760146 11 35449
1626677788423 11 35499
1626677816742 11 35549
1626677844863 11 35599
1626677872985 11 35649
1626677901222 11 35699
1626677929639 11 35749
1626677957915 11 35799
1626677986071 11 35849
1626678014418 11 35899
1626678042758 11 35949
1626678071026 11 35999
1626678099276 11 36049
1626678127774 11 36099
1626678156091 11 36149
1626678184472 11 36199
1626678212722 11 36249
1626678240982 11 36299
1626678269203 11 36349
1626678297376 11 36399
1626678325561 11 36449
1626678353862 11 36499
1626678382177 11 36549
1626678410378 11 36599
1626678438640 11 36649
1626678466936 11 36699
1626678495112 11 36749
1626678523182 11 36799
1626678551463 11 36849
1626678579739 11 36899
1626678607936 11 36949
1626678636106 11 36999
1626678664328 11 37049
1626678692457 11 37099
1626678720558 11 37149
1626678748773 11 37199
1626678777128 11 37249
1626678805321 11 37299
1626678833576 11 37349
1626678861790 11 37399
1626678890050 11 37449
1626678920300 11 37499
1626678920878 11 37499
1626679191076 11 37499
1626679226991 12 37549
1626679254974 12 37599
1626679283064 12 37649
1626679311167 12 37699
1626679339262 12 37749
1626679367310 12 37799
1626679395548 12 37849
1626679423658 12 37899
1626679451662 12 37949
1626679479827 12 37999
1626679507898 12 38049
1626679536003 12 38099
1626679564018 12 38149
1626679592182 12 38199
1626679621126 12 38249
1626679649536 12 38299
1626679677686 12 38349
1626679706011 12 38399
1626679734414 12 38449
1626679762715 12 38499
1626679791056 12 38549
1626679819432 12 38599
1626679847667 12 38649
1626679875900 12 38699
1626679904033 12 38749
1626679932137 12 38799
1626679960357 12 38849
1626679988548 12 38899
1626680016554 12 38949
1626680044691 12 38999
1626680072891 12 39049
1626680101153 12 39099
1626680129377 12 39149
1626680157479 12 39199
1626680185575 12 39249
1626680213724 12 39299
1626680241949 12 39349
1626680270032 12 39399
1626680298347 12 39449
1626680326528 12 39499
1626680354831 12 39549
1626680383134 12 39599
1626680411304 12 39649
1626680439494 12 39699
1626680467588 12 39749
1626680495559 12 39799
1626680523770 12 39849
1626680551966 12 39899
1626680580260 12 39949
1626680608436 12 39999
1626680636692 12 40049
1626680665013 12 40099
1626680693142 12 40149
1626680721253 12 40199
1626680749344 12 40249
1626680777590 12 40299
1626680805906 12 40349
1626680834014 12 40399
1626680862320 12 40449
1626680890700 12 40499
1626680919020 12 40549
1626680947206 12 40599
1626680963820 12 40624
1626681252238 12 40624
1626681273575 13 40649
1626681301804 13 40699
1626681330038 13 40749
1626681358311 13 40799
1626681386466 13 40849
1626681414720 13 40899
1626681442835 13 40949
1626681470873 13 40999
1626681498979 13 41049
1626681527035 13 41099
1626681555087 13 41149
1626681583353 13 41199
1626681611406 13 41249
1626681640038 13 41299
1626681668102 13 41349
1626681696361 13 41399
1626681724690 13 41449
1626681753047 13 41499
1626681781444 13 41549
1626681809841 13 41599
1626681838159 13 41649
1626681866367 13 41699
1626681894694 13 41749
1626681922958 13 41799
1626681951266 13 41849
1626681979415 13 41899
1626682007825 13 41949
1626682035984 13 41999
1626682064202 13 42049
1626682092419 13 42099
1626682120666 13 42149
1626682148895 13 42199
1626682177042 13 42249
1626682205182 13 42299
1626682233410 13 42349
1626682261529 13 42399
1626682289578 13 42449
1626682317827 13 42499
1626682345935 13 42549
1626682374244 13 42599
1626682402440 13 42649
1626682430680 13 42699
1626682458916 13 42749
1626682487072 13 42799
1626682515201 13 42849
1626682543393 13 42899
1626682571590 13 42949
1626682599740 13 42999
1626682627976 13 43049
1626682656137 13 43099
1626682684254 13 43149
1626682712359 13 43199
1626682740475 13 43249
1626682768703 13 43299
1626682796971 13 43349
1626682825011 13 43399
1626682853326 13 43449
1626682881385 13 43499
1626682909727 13 43549
1626682937813 13 43599
1626682965974 13 43649
1626682994264 13 43699
1626683024546 13 43749
1626683025316 13 43749
1626683276091 13 43749
1626683310684 14 43799
1626683339607 14 43849
1626683367678 14 43899
1626683395751 14 43949
1626683423743 14 43999
1626683451769 14 44049
1626683479919 14 44099
1626683508011 14 44149
1626683536265 14 44199
1626683564388 14 44249
1626683592554 14 44299
1626683620895 14 44349
1626683649112 14 44399
1626683677308 14 44449
1626683705570 14 44499
1626683733794 14 44549
1626683762047 14 44599
1626683790262 14 44649
1626683818528 14 44699
1626683846993 14 44749
1626683875321 14 44799
1626683903729 14 44849
1626683932243 14 44899
1626683960617 14 44949
1626683988966 14 44999
1626684017361 14 45049
1626684045700 14 45099
1626684073849 14 45149
1626684102207 14 45199
1626684130274 14 45249
1626684158552 14 45299
1626684186820 14 45349
1626684215190 14 45399
1626684243366 14 45449
1626684271630 14 45499
1626684299840 14 45549
1626684328013 14 45599
1626684356242 14 45649
1626684384742 14 45699
1626684413017 14 45749
1626684441395 14 45799
1626684469504 14 45849
1626684497653 14 45899
1626684525663 14 45949
1626684553772 14 45999
1626684581805 14 46049
1626684609965 14 46099
1626684638144 14 46149
1626684666244 14 46199
1626684694534 14 46249
1626684722758 14 46299
1626684750918 14 46349
1626684779057 14 46399
1626684807256 14 46449
1626684835480 14 46499
1626684863637 14 46549
1626684891763 14 46599
1626684919982 14 46649
1626684948194 14 46699
1626684976341 14 46749
1626685004346 14 46799
1626685032533 14 46849
1626685049455 14 46874
1626685301454 14 46874
1626685321225 15 46899
1626685349264 15 46949
1626685377410 15 46999
1626685405501 15 47049
1626685433577 15 47099
1626685461619 15 47149
1626685489759 15 47199
1626685517905 15 47249
1626685546091 15 47299
1626685574233 15 47349
1626685602499 15 47399
1626685630689 15 47449
1626685658849 15 47499
1626685687005 15 47549
1626685715133 15 47599
1626685743244 15 47649
1626685771405 15 47699
1626685799565 15 47749
1626685827849 15 47799
1626685855975 15 47849
1626685884230 15 47899
1626685912609 15 47949
1626685940970 15 47999
1626685969188 15 48049
1626685997637 15 48099
1626686025907 15 48149
1626686054126 15 48199
1626686082440 15 48249
1626686110808 15 48299
1626686139203 15 48349
1626686167425 15 48399
1626686195615 15 48449
1626686223779 15 48499
1626686252082 15 48549
1626686280285 15 48599
1626686308420 15 48649
1626686336467 15 48699
1626686364654 15 48749
1626686392863 15 48799
1626686421076 15 48849
1626686449337 15 48899
1626686477573 15 48949
1626686505789 15 48999
1626686534060 15 49049
1626686562359 15 49099
1626686590501 15 49149
1626686618750 15 49199
1626686646841 15 49249
1626686674943 15 49299
1626686703128 15 49349
1626686731452 15 49399
1626686759599 15 49449
1626686787887 15 49499
1626686816187 15 49549
1626686844479 15 49599
1626686872685 15 49649
1626686900944 15 49699
1626686929208 15 49749
1626686957365 15 49799
1626686985633 15 49849
1626687013761 15 49899
1626687041965 15 49949
1626687072199 15 49999
1626687072988 15 49999
1626687334488 15 49999
1626687368201 16 50049
1626687396325 16 50099
1626687424544 16 50149
1626687452663 16 50199
1626687480841 16 50249
1626687508887 16 50299
1626687536961 16 50349
1626687565112 16 50399
1626687593216 16 50449
1626687621302 16 50499
1626687649386 16 50549
1626687677464 16 50599
1626687705466 16 50649
1626687734141 16 50699
1626687762152 16 50749
1626687790391 16 50799
1626687818584 16 50849
1626687846877 16 50899
1626687874921 16 50949
1626687903151 16 50999
1626687931358 16 51049
1626687959761 16 51099
1626687987789 16 51149
1626688016089 16 51199
1626688044393 16 51249
1626688072748 16 51299
1626688101149 16 51349
1626688129389 16 51399
1626688157720 16 51449
1626688186089 16 51499
1626688214236 16 51549
1626688242430 16 51599
1626688270667 16 51649
1626688298885 16 51699
1626688327196 16 51749
1626688355517 16 51799
1626688383828 16 51849
1626688412084 16 51899
1626688440260 16 51949
1626688468502 16 51999
1626688496736 16 52049
1626688524973 16 52099
1626688553282 16 52149
1626688581570 16 52199
1626688609826 16 52249
1626688638011 16 52299
1626688666239 16 52349
1626688694403 16 52399
1626688722606 16 52449
1626688750760 16 52499
1626688778916 16 52549
1626688806921 16 52599
1626688834944 16 52649
1626688863126 16 52699
1626688891392 16 52749
1626688919489 16 52799
1626688947538 16 52849
1626688975735 16 52899
1626689003839 16 52949
1626689032075 16 52999
1626689060133 16 53049
1626689088281 16 53099
1626689105281 16 53124
1626689354950 16 53124
1626689376449 17 53149
1626689404498 17 53199
1626689432627 17 53249
1626689460836 17 53299
1626689488912 17 53349
1626689516956 17 53399
1626689545083 17 53449
1626689573148 17 53499
1626689601250 17 53549
1626689629284 17 53599
1626689657286 17 53649
1626689685393 17 53699
1626689713519 17 53749
1626689741718 17 53799
1626689769974 17 53849
1626689798280 17 53899
1626689826565 17 53949
1626689855093 17 53999
1626689883407 17 54049
1626689911541 17 54099
1626689939789 17 54149
1626689968081 17 54199
1626689996533 17 54249
1626690024873 17 54299
1626690053440 17 54349
1626690081681 17 54399
1626690110019 17 54449
1626690138384 17 54499
1626690166652 17 54549
1626690195084 17 54599
1626690223365 17 54649
1626690251690 17 54699
1626690279982 17 54749
1626690308278 17 54799
1626690336661 17 54849
1626690364935 17 54899
1626690393130 17 54949
1626690421307 17 54999
1626690449452 17 55049
1626690477798 17 55099
1626690506027 17 55149
1626690534230 17 55199
1626690562481 17 55249
1626690590630 17 55299
1626690618951 17 55349
1626690647080 17 55399
1626690675234 17 55449
1626690703481 17 55499
1626690731694 17 55549
1626690759846 17 55599
1626690788106 17 55649
1626690816290 17 55699
1626690844574 17 55749
1626690872847 17 55799
1626690901166 17 55849
1626690929358 17 55899
1626690957712 17 55949
1626690985970 17 55999
1626691014017 17 56049
1626691042187 17 56099
1626691070367 17 56149
1626691098401 17 56199
1626691128628 17 56249
1626691129446 17 56249
1626691377830 17 56249
1626691411684 18 56299
1626691439777 18 56349
1626691467867 18 56399
1626691495838 18 56449
1626691524047 18 56499
1626691552218 18 56549
1626691580358 18 56599
1626691608487 18 56649
1626691636697 18 56699
1626691664781 18 56749
1626691692841 18 56799
1626691721023 18 56849
1626691749094 18 56899
1626691777128 18 56949
1626691805340 18 56999
1626691833599 18 57049
1626691861652 18 57099
1626691889861 18 57149
1626691918156 18 57199
1626691946437 18 57249
1626691974686 18 57299
1626692002955 18 57349
1626692031096 18 57399
1626692059270 18 57449
1626692087473 18 57499
1626692115854 18 57549
1626692144157 18 57599
1626692172435 18 57649
1626692200751 18 57699
1626692228995 18 57749
1626692257348 18 57799
1626692285578 18 57849
1626692314042 18 57899
1626692342390 18 57949
1626692370629 18 57999
1626692398863 18 58049
1626692427131 18 58099
1626692455464 18 58149
1626692483737 18 58199
1626692511980 18 58249
1626692540265 18 58299
1626692568499 18 58349
1626692596741 18 58399
1626692624766 18 58449
1626692653034 18 58499
1626692681279 18 58549
1626692709511 18 58599
1626692737701 18 58649
1626692766043 18 58699
1626692794285 18 58749
1626692822559 18 58799
1626692850899 18 58849
1626692879248 18 58899
1626692907575 18 58949
1626692935796 18 58999
1626692964185 18 59049
1626692992436 18 59099
1626693020795 18 59149
1626693049159 18 59199
1626693077773 18 59249
1626693106119 18 59299
1626693134401 18 59349
1626693151306 18 59374
1626693411905 18 59374
1626693431511 19 59399
1626693459666 19 59449
1626693487838 19 59499
1626693515958 19 59549
1626693544139 19 59599
1626693572311 19 59649
1626693600406 19 59699
1626693628490 19 59749
1626693656677 19 59799
1626693684904 19 59849
1626693712909 19 59899
1626693740988 19 59949
1626693769126 19 59999
1626693797189 19 60049
1626693825308 19 60099
1626693853469 19 60149
1626693881656 19 60199
1626693909848 19 60249
1626693938242 19 60299
1626693966400 19 60349
1626693994684 19 60399
1626694022862 19 60449
1626694050839 19 60499
1626694078896 19 60549
1626694107343 19 60599
1626694135572 19 60649
1626694163823 19 60699
1626694192007 19 60749
1626694220233 19 60799
1626694248433 19 60849
1626694276628 19 60899
1626694304840 19 60949
1626694333242 19 60999
1626694361619 19 61049
1626694389905 19 61099
1626694418323 19 61149
1626694446698 19 61199
1626694475027 19 61249
1626694503452 19 61299
1626694531742 19 61349
1626694559958 19 61399
1626694588148 19 61449
1626694616394 19 61499
1626694644642 19 61549
1626694672938 19 61599
1626694701280 19 61649
1626694729450 19 61699
1626694757592 19 61749
1626694785850 19 61799
1626694814020 19 61849
1626694842321 19 61899
1626694870586 19 61949
1626694898759 19 61999
1626694926918 19 62049
1626694955163 19 62099
1626694983456 19 62149
1626695011598 19 62199
1626695039805 19 62249
1626695067974 19 62299
1626695096236 19 62349
1626695124432 19 62399
1626695152803 19 62449
1626695183145 19 62499
1626695183963 19 62499
1626695457692 19 62499
1626695491784 20 62549
1626695519951 20 62599
1626695548048 20 62649
1626695576824 20 62699
1626695604934 20 62749
1626695633255 20 62799
1626695661536 20 62849
1626695689839 20 62899
1626695718070 20 62949
1626695746275 20 62999
1626695774427 20 63049
1626695802742 20 63099
1626695831114 20 63149
1626695859347 20 63199
1626695887642 20 63249
1626695915941 20 63299
1626695944104 20 63349
1626695972343 20 63399
1626696001090 20 63449
1626696029941 20 63499
1626696058319 20 63549
1626696086533 20 63599
1626696114752 20 63649
1626696142957 20 63699
1626696171167 20 63749
1626696199622 20 63799
1626696228078 20 63849
1626696256557 20 63899
1626696284819 20 63949
1626696313141 20 63999
1626696341733 20 64049
1626696370163 20 64099
1626696398439 20 64149
1626696426803 20 64199
1626696455347 20 64249
1626696483619 20 64299
1626696511883 20 64349
1626696540235 20 64399
1626696568615 20 64449
1626696597020 20 64499
1626696625207 20 64549
1626696653504 20 64599
1626696681819 20 64649
1626696710019 20 64699
1626696738322 20 64749
1626696766604 20 64799
1626696794624 20 64849
1626696822906 20 64899
1626696851044 20 64949
1626696879283 20 64999
1626696907485 20 65049
1626696935752 20 65099
1626696963860 20 65149
1626696992187 20 65199
1626697020521 20 65249
1626697048565 20 65299
1626697076691 20 65349
1626697104898 20 65399
1626697133240 20 65449
1626697161385 20 65499
1626697189632 20 65549
1626697217766 20 65599
1626697234749 20 65624
1626697486053 20 65624
1626697507357 21 65649
1626697535543 21 65699
1626697563704 21 65749
1626697591854 21 65799
1626697619986 21 65849
1626697648171 21 65899
1626697676401 21 65949
1626697704504 21 65999
1626697732756 21 66049
1626697761009 21 66099
1626697789285 21 66149
1626697817613 21 66199
1626697845820 21 66249
1626697874034 21 66299
1626697902288 21 66349
1626697930566 21 66399
1626697958811 21 66449
1626697987008 21 66499
1626698015154 21 66549
1626698043377 21 66599
1626698071505 21 66649
1626698099644 21 66699
1626698127953 21 66749
1626698156184 21 66799
1626698184389 21 66849
1626698212435 21 66899
1626698240553 21 66949
1626698268643 21 66999
1626698296813 21 67049
1626698324916 21 67099
1626698353075 21 67149
1626698381340 21 67199
1626698409603 21 67249
1626698437844 21 67299
1626698466168 21 67349
1626698494449 21 67399
1626698522731 21 67449
1626698551012 21 67499
1626698579530 21 67549
1626698607959 21 67599
1626698636413 21 67649
1626698664752 21 67699
1626698693199 21 67749
1626698721487 21 67799
1626698749755 21 67849
1626698778076 21 67899
1626698806473 21 67949
1626698834644 21 67999
1626698863061 21 68049
1626698891450 21 68099
1626698919746 21 68149
1626698948018 21 68199
1626698976319 21 68249
1626699004510 21 68299
1626699032652 21 68349
1626699060879 21 68399
1626699089388 21 68449
1626699117723 21 68499
1626699146265 21 68549
1626699174655 21 68599
1626699203488 21 68649
1626699231852 21 68699
1626699262110 21 68749
1626699262779 21 68749
1626699520492 21 68749
1626699553918 22 68799
1626699582079 22 68849
1626699610361 22 68899
1626699638350 22 68949
1626699666508 22 68999
1626699694560 22 69049
1626699722728 22 69099
1626699750832 22 69149
1626699778887 22 69199
1626699806967 22 69249
1626699835077 22 69299
1626699863236 22 69349
1626699891350 22 69399
1626699919454 22 69449
1626699947655 22 69499
1626699975677 22 69549
1626700003880 22 69599
1626700032083 22 69649
1626700060302 22 69699
1626700088525 22 69749
1626700116561 22 69799
1626700144725 22 69849
1626700173003 22 69899
1626700201181 22 69949
1626700229292 22 69999
1626700257499 22 70049
1626700285700 22 70099
1626700313866 22 70149
1626700342011 22 70199
1626700370222 22 70249
1626700398403 22 70299
1626700426605 22 70349
1626700454777 22 70399
1626700482916 22 70449
1626700511169 22 70499
1626700539435 22 70549
1626700567756 22 70599
1626700596124 22 70649
1626700624353 22 70699
1626700652699 22 70749
1626700681820 22 70799
1626700710202 22 70849
1626700738597 22 70899
1626700766660 22 70949
1626700794834 22 70999
1626700823242 22 71049
1626700851382 22 71099
1626700879581 22 71149
1626700907776 22 71199
1626700935974 22 71249
1626700964085 22 71299
1626700992294 22 71349
1626701020473 22 71399
1626701048795 22 71449
1626701076874 22 71499
1626701105071 22 71549
1626701133131 22 71599
1626701161212 22 71649
1626701189361 22 71699
1626701217580 22 71749
1626701245622 22 71799
1626701273850 22 71849
1626701290781 22 71874
1626701540243 22 71874
1626701560081 23 71899
1626701588300 23 71949
1626701616455 23 71999
1626701645504 23 72049
1626701673630 23 72099
1626701701741 23 72149
1626701729874 23 72199
1626701757935 23 72249
1626701786061 23 72299
1626701814293 23 72349
1626701842343 23 72399
1626701870582 23 72449
1626701898781 23 72499
1626701926946 23 72549
1626701955268 23 72599
1626701983410 23 72649
1626702011691 23 72699
1626702039725 23 72749
1626702067922 23 72799
1626702096128 23 72849
1626702124377 23 72899
1626702152725 23 72949
1626702180887 23 72999
1626702209018 23 73049
1626702237238 23 73099
1626702265461 23 73149
1626702293701 23 73199
1626702321935 23 73249
1626702350174 23 73299
1626702378360 23 73349
1626702406582 23 73399
1626702434862 23 73449
1626702463040 23 73499
1626702491185 23 73549
1626702519380 23 73599
1626702547554 23 73649
1626702575870 23 73699
1626702604177 23 73749
1626702632513 23 73799
1626702660612 23 73849
1626702688708 23 73899
1626702716886 23 73949
1626702745040 23 73999
1626702773184 23 74049
1626702801360 23 74099
1626702829582 23 74149
1626702857672 23 74199
1626702885861 23 74249
1626702913968 23 74299
1626702942210 23 74349
1626702970375 23 74399
1626702998487 23 74449
1626703026694 23 74499
1626703054878 23 74549
1626703082966 23 74599
1626703111220 23 74649
1626703139373 23 74699
1626703167548 23 74749
1626703195553 23 74799
1626703223636 23 74849
1626703251852 23 74899
1626703279909 23 74949
1626703310131 23 74999
1626703310940 23 74999
1626703560510 23 74999
1626703597519 24 75049
1626703625649 24 75099
1626703653880 24 75149
1626703682089 24 75199
1626703710240 24 75249
1626703738349 24 75299
1626703766402 24 75349
1626703794557 24 75399
1626703822718 24 75449
1626703850859 24 75499
1626703878875 24 75549
1626703906964 24 75599
1626703935036 24 75649
1626703963146 24 75699
1626703991208 24 75749
1626704019345 24 75799
1626704047586 24 75849
1626704075813 24 75899
1626704104009 24 75949
1626704132144 24 75999
1626704160386 24 76049
1626704188415 24 76099
1626704216676 24 76149
1626704244734 24 76199
1626704272976 24 76249
1626704301238 24 76299
1626704329313 24 76349
1626704357342 24 76399
1626704385396 24 76449
1626704413595 24 76499
1626704441735 24 76549
1626704469795 24 76599
1626704498055 24 76649
1626704526360 24 76699
1626704554767 24 76749
1626704583022 24 76799
1626704611381 24 76849
1626704639676 24 76899
1626704667901 24 76949
1626704696180 24 76999
1626704724648 24 77049
1626704753069 24 77099
1626704781547 24 77149
1626704809735 24 77199
1626704838002 24 77249
1626704866172 24 77299
1626704894382 24 77349
1626704922608 24 77399
1626704950952 24 77449
1626704979243 24 77499
1626705007444 24 77549
1626705035562 24 77599
1626705063689 24 77649
1626705091971 24 77699
1626705120384 24 77749
1626705148519 24 77799
1626705176705 24 77849
1626705204923 24 77899
1626705232995 24 77949
1626705261288 24 77999
1626705289573 24 78049
1626705317616 24 78099
1626705334422 24 78124
1626705585170 24 78124
1626705604453 25 78149
1626705632545 25 78199
1626705660621 25 78249
1626705688778 25 78299
1626705717029 25 78349
1626705745266 25 78399
1626705773372 25 78449
1626705801440 25 78499
1626705829581 25 78549
1626705858240 25 78599
1626705886323 25 78649
1626705914452 25 78699
1626705942486 25 78749
1626705970612 25 78799
1626705998775 25 78849
1626706027101 25 78899
1626706055294 25 78949
1626706083368 25 78999
1626706111509 25 79049
1626706139587 25 79099
1626706167741 25 79149
1626706196011 25 79199
1626706224061 25 79249
1626706252248 25 79299
1626706280413 25 79349
1626706308655 25 79399
1626706336873 25 79449
1626706365066 25 79499
1626706393190 25 79549
1626706421319 25 79599
1626706449607 25 79649
1626706477790 25 79699
1626706506195 25 79749
1626706534631 25 79799
1626706562792 25 79849
1626706591307 25 79899
1626706619709 25 79949
1626706647896 25 79999
1626706676208 25 80049
1626706704990 25 80099
1626706733090 25 80149
1626706761563 25 80199
1626706789962 25 80249
1626706818328 25 80299
1626706846797 25 80349
1626706875143 25 80399
1626706903251 25 80449
1626706931883 25 80499
1626706960158 25 80549
1626706988352 25 80599
1626707016689 25 80649
1626707045019 25 80699
1626707073348 25 80749
1626707101583 25 80799
1626707129961 25 80849
1626707158081 25 80899
1626707186324 25 80949
1626707214734 25 80999
1626707243041 25 81049
1626707271455 25 81099
1626707299665 25 81149
1626707328046 25 81199
1626707358320 25 81249
1626707358835 25 81249
1626707646022 25 81249
1626707681108 26 81299
1626707709227 26 81349
1626707737358 26 81399
1626707765583 26 81449
1626707793774 26 81499
1626707821881 26 81549
1626707850252 26 81599
1626707878415 26 81649
1626707906689 26 81699
1626707934922 26 81749
1626707963300 26 81799
1626707991939 26 81849
1626708020234 26 81899
1626708048389 26 81949
1626708077180 26 81999
1626708105409 26 82049
1626708133673 26 82099
1626708161790 26 82149
1626708190150 26 82199
1626708218689 26 82249
1626708246989 26 82299
1626708275332 26 82349
1626708303642 26 82399
1626708332084 26 82449
1626708360486 26 82499
1626708388706 26 82549
1626708417395 26 82599
1626708445704 26 82649
1626708473904 26 82699
1626708501993 26 82749
1626708530294 26 82799
1626708558737 26 82849
1626708586987 26 82899
1626708615193 26 82949
1626708643368 26 82999
1626708671598 26 83049
1626708699829 26 83099
1626708728090 26 83149
1626708756353 26 83199
1626708784762 26 83249
1626708812960 26 83299
1626708841209 26 83349
1626708869312 26 83399
1626708897611 26 83449
1626708925995 26 83499
1626708954280 26 83549
1626708982563 26 83599
1626709010877 26 83649
1626709039106 26 83699
1626709067292 26 83749
1626709095677 26 83799
1626709123813 26 83849
1626709152463 26 83899
1626709180791 26 83949
1626709209142 26 83999
1626709237499 26 84049
1626709265875 26 84099
1626709294155 26 84149
1626709322435 26 84199
1626709350888 26 84249
1626709379350 26 84299
1626709407486 26 84349
1626709424341 26 84374
1626709667107 26 84374
1626709686628 27 84399
1626709714786 27 84449
1626709743109 27 84499
1626709771350 27 84549
1626709799548 27 84599
1626709827762 27 84649
1626709856047 27 84699
1626709884452 27 84749
1626709912675 27 84799
1626709941171 27 84849
1626709969527 27 84899
1626709997609 27 84949
1626710025704 27 84999
1626710054069 27 85049
1626710082200 27 85099
1626710110505 27 85149
1626710138874 27 85199
1626710167337 27 85249
1626710195768 27 85299
1626710224249 27 85349
1626710252641 27 85399
1626710280764 27 85449
1626710309008 27 85499
1626710337371 27 85549
1626710365792 27 85599
1626710393952 27 85649
1626710422227 27 85699
1626710450403 27 85749
1626710478785 27 85799
1626710506959 27 85849
1626710535161 27 85899
1626710563256 27 85949
1626710591398 27 85999
1626710619576 27 86049
1626710647773 27 86099
1626710675991 27 86149
1626710704083 27 86199
1626710732196 27 86249
1626710760502 27 86299
1626710788841 27 86349
1626710817172 27 86399
1626710845374 27 86449
1626710873407 27 86499
1626710901770 27 86549
1626710930083 27 86599
1626710958398 27 86649
1626710986639 27 86699
1626711014893 27 86749
1626711043175 27 86799
1626711071366 27 86849
1626711099707 27 86899
1626711128090 27 86949
1626711156621 27 86999
1626711184951 27 87049
1626711213244 27 87099
1626711241476 27 87149
1626711269765 27 87199
1626711297960 27 87249
1626711326271 27 87299
1626711354734 27 87349
1626711383036 27 87399
1626711411203 27 87449
1626711441656 27 87499
1626711442452 27 87499
1626711686987 27 87499
1626711721021 28 87549
1626711749319 28 87599
1626711780278 28 87649
1626711808490 28 87699
1626711836749 28 87749
1626711865094 28 87799
1626711893334 28 87849
1626711921655 28 87899
1626711949776 28 87949
1626711977939 28 87999
1626712005939 28 88049
1626712034263 28 88099
1626712062377 28 88149
1626712090462 28 88199
1626712120892 28 88249
1626712148986 28 88299
1626712177108 28 88349
1626712205378 28 88399
1626712233600 28 88449
1626712262150 28 88499
1626712290733 28 88549
1626712319059 28 88599
1626712347293 28 88649
1626712375874 28 88699
1626712404219 28 88749
1626712432563 28 88799
1626712460876 28 88849
1626712489154 28 88899
1626712517447 28 88949
1626712545729 28 88999
1626712573942 28 89049
1626712602175 28 89099
1626712630432 28 89149
1626712658961 28 89199
1626712687288 28 89249
1626712715563 28 89299
1626712743722 28 89349
1626712772012 28 89399
1626712801219 28 89449
1626712829319 28 89499
1626712857805 28 89549
1626712886135 28 89599
1626712914464 28 89649
1626712942570 28 89699
1626712970845 28 89749
1626712999101 28 89799
1626713027577 28 89849
1626713055854 28 89899
1626713084393 28 89949
1626713112616 28 89999
1626713140740 28 90049
1626713168801 28 90099
1626713197265 28 90149
1626713225571 28 90199
1626713254082 28 90249
1626713282336 28 90299
1626713310464 28 90349
1626713338676 28 90399
1626713366894 28 90449
1626713395167 28 90499
1626713423302 28 90549
1626713451409 28 90599
1626713467906 28 90624
1626713720229 28 90624
1626713740062 29 90649
1626713768207 29 90699
1626713796303 29 90749
1626713824382 29 90799
1626713852378 29 90849
1626713880406 29 90899
1626713908577 29 90949
1626713936737 29 90999
1626713964949 29 91049
1626713993049 29 91099
1626714021257 29 91149
1626714049413 29 91199
1626714077640 29 91249
1626714105703 29 91299
1626714133808 29 91349
1626714162033 29 91399
1626714190238 29 91449
1626714218402 29 91499
1626714246704 29 91549
1626714274882 29 91599
1626714303031 29 91649
1626714331200 29 91699
1626714359639 29 91749
1626714388049 29 91799
1626714416263 29 91849
1626714444445 29 91899
1626714472601 29 91949
1626714500770 29 91999
1626714529017 29 92049
1626714557338 29 92099
1626714585423 29 92149
1626714613647 29 92199
1626714641873 29 92249
1626714670021 29 92299
1626714698209 29 92349
1626714726415 29 92399
1626714754718 29 92449
1626714782872 29 92499
1626714811134 29 92549
1626714839398 29 92599
1626714867549 29 92649
1626714895931 29 92699
1626714924167 29 92749
1626714952352 29 92799
1626714980711 29 92849
1626715009345 29 92899
1626715037659 29 92949
1626715065991 29 92999
1626715094200 29 93049
1626715122475 29 93099
1626715150537 29 93149
1626715178704 29 93199
1626715206948 29 93249
1626715235236 29 93299
1626715263474 29 93349
1626715291694 29 93399
1626715319793 29 93449
1626715348031 29 93499
1626715376805 29 93549
1626715405033 29 93599
1626715433249 29 93649
1626715461596 29 93699
1626715491673 29 93749
1626715492347 29 93749
1626715732752 29 93749
