1626654856255 0.001 0
1626656883106 0.0009972609476841367 3125
1626658908490 0.0009890738003669028 6250
1626660932861 0.0009755282581475768 9375
1626662949194 0.0009567727288213003 12500
1626664968725 0.0009330127018922195 15625
1626667022123 0.0009045084971874739 18750
1626669043888 0.0008715724127386972 21875
1626671071108 0.0008345653031794292 25000
1626673096595 0.0007938926261462366 28125
1626675125301 0.00075 31250
1626677147899 0.0007033683215379003 34375
1626679191098 0.0006545084971874739 37500
1626681252244 0.0006039558454088797 40625
1626683276115 0.0005522642316338269 43750
1626685301470 0.0005000000000000002 46875
1626687334540 0.0004477357683661734 50000
1626689354971 0.00039604415459112036 53125
1626691377860 0.0003454915028125264 56250
1626693411921 0.00029663167846210003 59375
1626695457698 0.00025000000000000017 62500
1626697486074 0.00020610737385376354 65625
1626699520510 0.00016543469682057108 68750
1626701540248 0.00012842758726130303 71875
1626703560516 9.549150281252637e-05 75000
1626705585195 6.698729810778068e-05 78125
1626707646040 4.322727117869953e-05 81250
1626709667130 2.447174185242324e-05 84375
1626711687011 1.092619963309716e-05 87500
1626713720235 2.7390523158633003e-06 90625
