1626656883028 17.386859893798828 0
1626658908434 15.666742324829102 1
1626660932809 15.522252082824707 2
1626662949096 15.176146507263184 3
1626664968037 15.003721237182617 4
1626667021893 14.662069320678711 5
1626669043851 14.200201034545898 6
1626671070780 14.425275802612305 7
1626673096459 14.282271385192871 8
1626675124951 13.778564453125 9
1626677147858 13.856608390808105 10
1626679190896 14.088506698608398 11
1626681252175 13.875812530517578 12
1626683276030 13.516401290893555 13
1626685298856 13.67219352722168 14
1626687334172 13.818431854248047 15
1626689354715 13.527713775634766 16
1626691377602 13.462154388427734 17
1626693411649 13.6103515625 18
1626695457628 13.368608474731445 19
1626697485951 13.426340103149414 20
1626699520450 13.2373685836792 21
1626701540199 13.366250038146973 22
1626703560383 13.07052230834961 23
1626705584545 13.12855052947998 24
1626707645979 13.078205108642578 25
1626709667051 13.015438079833984 26
1626711686707 13.191761016845703 27
1626713720070 13.012872695922852 28
1626715732515 13.238407135009766 29
