1626654895876 29.87093734741211 49
1626654924069 27.20703125 99
1626654952120 26.432117462158203 149
1626654980284 26.213809967041016 199
1626655008407 25.562665939331055 249
1626655036472 24.580337524414062 299
1626655064489 24.252700805664062 349
1626655092500 22.574779510498047 399
1626655120482 22.036418914794922 449
1626655148457 22.4642276763916 499
1626655176476 21.553730010986328 549
1626655204512 21.188888549804688 599
1626655232563 21.55252456665039 649
1626655260810 21.44400405883789 699
1626655288873 20.732982635498047 749
1626655316907 20.712120056152344 799
1626655344913 20.403297424316406 849
1626655373145 20.64582061767578 899
1626655401324 20.11534309387207 949
1626655429601 21.255577087402344 999
1626655457702 20.611019134521484 1049
1626655485869 20.77328872680664 1099
1626655513906 19.479522705078125 1149
1626655541925 19.618896484375 1199
1626655569925 20.107036590576172 1249
1626655598113 19.83987045288086 1299
1626655626246 19.89221954345703 1349
1626655654426 19.763105392456055 1399
1626655682645 19.836153030395508 1449
1626655710671 19.49778175354004 1499
1626655738761 20.316452026367188 1549
1626655766878 18.927860260009766 1599
1626655795001 18.78577423095703 1649
1626655823202 19.146183013916016 1699
1626655851246 18.365468978881836 1749
1626655879468 18.90105438232422 1799
1626655907559 18.884265899658203 1849
1626655935619 18.714744567871094 1899
1626655963706 18.732696533203125 1949
1626655991868 18.399826049804688 1999
1626656019958 18.136629104614258 2049
1626656048143 18.497587203979492 2099
1626656076233 18.443527221679688 2149
1626656104376 17.784217834472656 2199
1626656132609 17.792003631591797 2249
1626656160703 17.955612182617188 2299
1626656188751 17.469619750976562 2349
1626656216867 17.835330963134766 2399
1626656244922 17.992782592773438 2449
1626656272945 17.979053497314453 2499
1626656301047 17.76150894165039 2549
1626656329365 25.551807403564453 2599
1626656357538 17.440210342407227 2649
1626656385601 18.122875213623047 2699
1626656413711 18.481142044067383 2749
1626656441749 17.76018714904785 2799
1626656469853 17.24723243713379 2849
1626656497862 18.01321029663086 2899
1626656526175 18.160640716552734 2949
1626656554344 18.580556869506836 2999
1626656582425 17.900108337402344 3049
1626656610404 17.518108367919922 3099
1626656883028 17.386859893798828 0
1626656902796 17.392210006713867 3149
1626656930933 17.200321197509766 3199
1626656959007 17.152530670166016 3249
1626656987179 16.866832733154297 3299
1626657015312 17.121572494506836 3349
1626657043402 17.477855682373047 3399
1626657071437 17.440874099731445 3449
1626657099553 17.183040618896484 3499
1626657127743 17.173946380615234 3549
1626657155759 16.809669494628906 3599
1626657183911 17.29847526550293 3649
1626657212076 17.197181701660156 3699
1626657240147 17.427276611328125 3749
1626657268231 16.931367874145508 3799
1626657296368 16.885509490966797 3849
1626657324606 17.622272491455078 3899
1626657352749 17.162635803222656 3949
1626657380826 16.89688491821289 3999
1626657408871 17.085548400878906 4049
1626657437224 16.66914176940918 4099
1626657465411 16.845090866088867 4149
1626657493629 16.95256996154785 4199
1626657521750 17.093673706054688 4249
1626657549930 17.229578018188477 4299
1626657578115 16.76621437072754 4349
1626657606299 17.07049560546875 4399
1626657634528 16.62067413330078 4449
1626657662829 16.464195251464844 4499
1626657691143 16.480148315429688 4549
1626657719381 17.250608444213867 4599
1626657747703 17.318260192871094 4649
1626657776035 16.480525970458984 4699
1626657804304 16.111858367919922 4749
1626657832326 16.175731658935547 4799
1626657860610 16.227949142456055 4849
1626657888766 16.702619552612305 4899
1626657916885 16.887813568115234 4949
1626657945028 16.728069305419922 4999
1626657973071 16.631324768066406 5049
1626658001154 16.08356285095215 5099
1626658029172 15.909749984741211 5149
1626658057404 16.347810745239258 5199
1626658085457 16.34638214111328 5249
1626658113645 16.664886474609375 5299
1626658141827 16.215679168701172 5349
1626658170093 16.458641052246094 5399
1626658198171 16.265249252319336 5449
1626658226400 16.169265747070312 5499
1626658254519 15.634035110473633 5549
1626658283380 15.871133804321289 5599
1626658311411 15.879474639892578 5649
1626658339704 15.93111801147461 5699
1626658367874 15.639142036437988 5749
1626658395920 15.904476165771484 5799
1626658424040 15.725837707519531 5849
1626658452058 16.096473693847656 5899
1626658480135 16.389522552490234 5949
1626658508234 16.01829719543457 5999
1626658536424 15.891886711120605 6049
1626658564771 15.639975547790527 6099
1626658592892 15.836356163024902 6149
1626658621083 16.05047607421875 6199
1626658650968 15.666742324829102 6249
1626658908434 15.666742324829102 1
1626658941989 15.734792709350586 6299
1626658970138 15.63309097290039 6349
1626658998294 15.583333969116211 6399
1626659026915 15.668498992919922 6449
1626659054897 15.539046287536621 6499
1626659082937 15.755023956298828 6549
1626659111063 15.748462677001953 6599
1626659139107 15.921157836914062 6649
1626659167220 15.469796180725098 6699
1626659195108 15.088184356689453 6749
1626659223228 16.118026733398438 6799
1626659251343 15.941189765930176 6849
1626659279462 15.710538864135742 6899
1626659307487 15.642472267150879 6949
1626659335592 15.19045639038086 6999
1626659363752 15.563092231750488 7049
1626659391827 15.439986228942871 7099
1626659420652 15.802327156066895 7149
1626659448750 15.567989349365234 7199
1626659476999 15.649129867553711 7249
1626659505210 15.688955307006836 7299
1626659533391 15.78367805480957 7349
1626659561532 16.01388931274414 7399
1626659589732 15.500391006469727 7449
1626659617942 15.634173393249512 7499
1626659646228 15.525806427001953 7549
1626659674441 15.49998664855957 7599
1626659702746 15.319881439208984 7649
1626659731034 16.00600814819336 7699
1626659759244 15.769065856933594 7749
1626659787465 15.623340606689453 7799
1626659815574 15.955123901367188 7849
1626659843807 15.276510238647461 7899
1626659871947 15.277368545532227 7949
1626659900187 15.742878913879395 7999
1626659928178 15.690393447875977 8049
1626659956378 15.457098960876465 8099
1626659984674 15.451902389526367 8149
1626660013016 15.788028717041016 8199
1626660041089 15.524272918701172 8249
1626660069256 15.517973899841309 8299
1626660097292 15.717239379882812 8349
1626660125339 15.431354522705078 8399
1626660153354 14.90839672088623 8449
1626660181689 15.172428131103516 8499
1626660209875 14.918123245239258 8549
1626660237983 15.615848541259766 8599
1626660266050 15.058116912841797 8649
1626660294206 15.562366485595703 8699
1626660322295 15.341178894042969 8749
1626660350611 15.10615062713623 8799
1626660378743 15.310422897338867 8849
1626660406897 15.129734992980957 8899
1626660435117 15.291326522827148 8949
1626660463242 15.330511093139648 8999
1626660491408 15.337214469909668 9049
1626660519685 15.219261169433594 9099
1626660547969 15.13440990447998 9149
1626660576178 15.436494827270508 9199
1626660604462 15.407339096069336 9249
1626660632828 15.629410743713379 9299
1626660661009 15.178747177124023 9349
1626660932809 15.522252082824707 2
1626660952852 14.72027587890625 9399
1626660981073 15.407082557678223 9449
1626661009221 15.39123249053955 9499
1626661037456 15.600059509277344 9549
1626661065509 15.018556594848633 9599
1626661093669 15.216171264648438 9649
1626661121633 15.938711166381836 9699
1626661149724 15.203338623046875 9749
1626661177823 14.9441499710083 9799
1626661205893 15.198554992675781 9849
1626661234054 16.368797302246094 9899
1626661262145 14.531353950500488 9949
1626661290188 14.778143882751465 9999
1626661318270 14.943431854248047 10049
1626661346392 14.864052772521973 10099
1626661374633 15.146780014038086 10149
1626661402696 15.155393600463867 10199
1626661430837 15.07278823852539 10249
1626661459007 15.16808795928955 10299
1626661487122 14.928110122680664 10349
1626661515371 15.168054580688477 10399
1626661543451 14.847129821777344 10449
1626661571678 15.306916236877441 10499
1626661599796 14.838631629943848 10549
1626661627879 14.884726524353027 10599
1626661656145 14.934212684631348 10649
1626661684154 15.266364097595215 10699
1626661712444 14.939199447631836 10749
1626661740554 14.89011287689209 10799
1626661768713 15.239522933959961 10849
1626661797023 15.464014053344727 10899
1626661825074 15.376117706298828 10949
1626661853134 15.15037727355957 10999
1626661881254 14.780591011047363 11049
1626661909323 15.02214241027832 11099
1626661937489 15.020410537719727 11149
1626661965604 14.833890914916992 11199
1626661993763 15.07394790649414 11249
1626662021924 14.81325912475586 11299
1626662050069 15.342321395874023 11349
1626662078280 15.244423866271973 11399
1626662106397 15.37312126159668 11449
1626662134572 15.403179168701172 11499
1626662162660 14.873092651367188 11549
1626662190931 14.993734359741211 11599
1626662219027 14.681085586547852 11649
1626662247159 15.05547046661377 11699
1626662275306 15.118515014648438 11749
1626662303385 15.077263832092285 11799
1626662331591 14.749507904052734 11849
1626662359774 15.065261840820312 11899
1626662387889 14.665563583374023 11949
1626662415904 14.674602508544922 11999
1626662444011 14.895830154418945 12049
1626662472200 15.490140914916992 12099
1626662500514 14.894362449645996 12149
1626662528848 14.936418533325195 12199
1626662556949 14.805349349975586 12249
1626662585818 15.310066223144531 12299
1626662613958 15.10104751586914 12349
1626662642123 14.624221801757812 12399
1626662670182 14.831892967224121 12449
1626662700161 15.176146507263184 12499
1626662949096 15.176146507263184 3
1626662982897 14.774681091308594 12549
1626663011044 14.679319381713867 12599
1626663039204 14.776277542114258 12649
1626663067452 14.66583251953125 12699
1626663095618 14.763870239257812 12749
1626663123807 15.011700630187988 12799
1626663151942 14.501668930053711 12849
1626663180064 14.81751823425293 12899
1626663208137 15.299469947814941 12949
1626663236079 14.894137382507324 12999
1626663264181 15.033520698547363 13049
1626663292387 14.449548721313477 13099
1626663320417 15.333715438842773 13149
1626663348664 14.748229026794434 13199
1626663376844 14.748154640197754 13249
1626663405048 14.757067680358887 13299
1626663433258 14.653911590576172 13349
1626663461569 14.817047119140625 13399
1626663489828 15.363688468933105 13449
1626663517973 14.497466087341309 13499
1626663546226 14.724767684936523 13549
1626663574511 14.838273048400879 13599
1626663602633 14.791521072387695 13649
1626663630783 14.871953964233398 13699
1626663659055 14.780384063720703 13749
1626663687192 14.68147087097168 13799
1626663715418 14.775918006896973 13849
1626663743500 14.719053268432617 13899
1626663771665 14.61536979675293 13949
1626663799857 14.97422981262207 13999
1626663828050 14.98345947265625 14049
1626663856084 14.579723358154297 14099
1626663884392 14.964300155639648 14149
1626663912564 14.677009582519531 14199
1626663940790 14.663671493530273 14249
1626663969076 14.937185287475586 14299
1626663997058 14.964876174926758 14349
1626664025135 14.663856506347656 14399
1626664053361 14.410625457763672 14449
1626664081491 14.672272682189941 14499
1626664109575 14.408154487609863 14549
1626664138481 14.942740440368652 14599
1626664166582 14.845891952514648 14649
1626664194799 14.610183715820312 14699
1626664222970 14.873762130737305 14749
1626664251114 14.684762001037598 14799
1626664279397 14.590682983398438 14849
1626664307476 14.89156723022461 14899
1626664335661 14.590646743774414 14949
1626664363715 14.898284912109375 14999
1626664391946 14.818780899047852 15049
1626664420279 14.640968322753906 15099
1626664448601 14.969221115112305 15149
1626664476814 14.668615341186523 15199
1626664504953 14.585235595703125 15249
1626664533125 14.803300857543945 15299
1626664561217 14.684677124023438 15349
1626664589424 14.443656921386719 15399
1626664617685 14.372629165649414 15449
1626664645787 14.345366477966309 15499
1626664673993 15.014205932617188 15549
1626664702246 14.518023490905762 15599
1626664968037 15.003721237182617 4
1626664987839 14.451059341430664 15649
1626665015890 14.373908996582031 15699
1626665044022 15.093717575073242 15749
1626665072231 14.434591293334961 15799
1626665100296 14.979117393493652 15849
1626665129093 14.749417304992676 15899
1626665157168 14.782194137573242 15949
1626665185336 14.626270294189453 15999
1626665213657 14.67988395690918 16049
1626665241879 14.617177963256836 16099
1626665270095 14.600605964660645 16149
1626665298219 14.661430358886719 16199
1626665326224 14.937641143798828 16249
1626665354287 14.386157989501953 16299
1626665382402 14.483646392822266 16349
1626665410502 14.685559272766113 16399
1626665438629 14.492521286010742 16449
1626665466776 14.54111099243164 16499
1626665494930 14.664244651794434 16549
1626665523065 14.462444305419922 16599
1626665551083 14.832170486450195 16649
1626665579261 14.743910789489746 16699
1626665607285 14.972330093383789 16749
1626665636470 14.228676795959473 16799
1626665664604 14.793142318725586 16849
1626665692893 14.754971504211426 16899
1626665720990 14.302753448486328 16949
1626665749257 14.485528945922852 16999
1626665777352 14.801677703857422 17049
1626665805496 14.738662719726562 17099
1626665833790 14.437374114990234 17149
1626665861931 14.624858856201172 17199
1626665889949 14.568846702575684 17249
1626665918238 14.653238296508789 17299
1626665946323 14.89403247833252 17349
1626665974515 14.98284912109375 17399
1626666002760 14.303154945373535 17449
1626666030903 14.501470565795898 17499
1626666059074 14.796936988830566 17549
1626666087285 14.468835830688477 17599
1626666115497 14.875898361206055 17649
1626666143480 14.65289306640625 17699
1626666171622 15.05606746673584 17749
1626666199798 14.409198760986328 17799
1626666228079 14.34367561340332 17849
1626666256255 14.604467391967773 17899
1626666284392 14.362452507019043 17949
1626666312692 14.591646194458008 17999
1626666340879 14.360502243041992 18049
1626666369048 14.307028770446777 18099
1626666397129 14.522634506225586 18149
1626666425346 14.21391487121582 18199
1626666453668 14.428350448608398 18249
1626666481865 14.753852844238281 18299
1626666510077 14.796695709228516 18349
1626666538452 14.479063987731934 18399
1626666566636 14.597209930419922 18449
1626666594849 14.707219123840332 18499
1626666622950 14.537961959838867 18549
1626666651252 14.739189147949219 18599
1626666679322 14.294299125671387 18649
1626666707450 14.639227867126465 18699
1626666737398 14.662069320678711 18749
1626667021893 14.662069320678711 5
1626667057686 14.565364837646484 18799
1626667085786 14.833093643188477 18849
1626667113931 14.326189041137695 18899
1626667142102 14.554121017456055 18949
1626667170406 14.578662872314453 18999
1626667198471 14.573612213134766 19049
1626667226620 14.282493591308594 19099
1626667254802 14.495765686035156 19149
1626667283110 14.736483573913574 19199
1626667311377 14.418085098266602 19249
1626667339572 14.769804954528809 19299
1626667367737 14.51246452331543 19349
1626667395819 14.072809219360352 19399
1626667423855 14.971728324890137 19449
1626667451942 14.57855224609375 19499
1626667479928 14.390992164611816 19549
1626667508046 14.337871551513672 19599
1626667536350 14.521536827087402 19649
1626667564601 14.457151412963867 19699
1626667592738 14.159058570861816 19749
1626667620782 14.218069076538086 19799
1626667648936 14.586241722106934 19849
1626667677211 14.432882308959961 19899
1626667705509 14.852173805236816 19949
1626667733751 14.658114433288574 19999
1626667761863 14.540338516235352 20049
1626667790067 14.18802261352539 20099
1626667818394 13.988813400268555 20149
1626667846506 14.298816680908203 20199
1626667874543 14.252573013305664 20249
1626667902639 14.273356437683105 20299
1626667930715 14.278312683105469 20349
1626667958859 14.768783569335938 20399
1626667987046 14.3644437789917 20449
1626668015218 14.486587524414062 20499
1626668043371 14.449685096740723 20549
1626668071617 14.550325393676758 20599
1626668099836 14.867687225341797 20649
1626668128005 14.446874618530273 20699
1626668156055 14.756891250610352 20749
1626668184283 14.445825576782227 20799
1626668212420 14.863018035888672 20849
1626668240665 14.695552825927734 20899
1626668268826 14.569442749023438 20949
1626668296930 13.989852905273438 20999
1626668325259 14.183833122253418 21049
1626668353433 14.846488952636719 21099
1626668381429 19.955116271972656 21149
1626668409586 13.982818603515625 21199
1626668437785 14.396013259887695 21249
1626668465887 14.462936401367188 21299
1626668494110 14.539295196533203 21349
1626668522177 14.253786087036133 21399
1626668550244 14.403646469116211 21449
1626668578587 14.541193008422852 21499
1626668606828 14.534015655517578 21549
1626668634956 14.229662895202637 21599
1626668663096 14.181304931640625 21649
1626668691211 14.173202514648438 21699
1626668719369 14.226500511169434 21749
1626668747493 13.907337188720703 21799
1626668775682 14.3223295211792 21849
1626669043851 14.200201034545898 6
1626669063301 14.296585083007812 21899
1626669091426 14.169046401977539 21949
1626669119648 13.860881805419922 21999
1626669147843 14.30850601196289 22049
1626669175929 14.219425201416016 22099
1626669204079 14.013501167297363 22149
1626669232350 14.491899490356445 22199
1626669260603 14.236922264099121 22249
1626669288899 13.841586112976074 22299
1626669317681 14.37437629699707 22349
1626669346028 14.581693649291992 22399
1626669374304 14.316887855529785 22449
1626669402545 14.607099533081055 22499
1626669430805 14.416803359985352 22549
1626669459142 14.177227020263672 22599
1626669487454 14.150415420532227 22649
1626669515703 14.313037872314453 22699
1626669543907 14.365752220153809 22749
1626669572244 14.12999153137207 22799
1626669600428 14.328811645507812 22849
1626669628519 14.58164119720459 22899
1626669656756 14.18484115600586 22949
1626669684784 14.245827674865723 22999
1626669712852 14.466816902160645 23049
1626669741104 14.84107780456543 23099
1626669769417 14.419658660888672 23149
1626669797463 14.656411170959473 23199
1626669825643 14.38500690460205 23249
1626669853892 14.130889892578125 23299
1626669882133 14.940475463867188 23349
1626669910210 14.303153991699219 23399
1626669938146 14.365459442138672 23449
1626669966332 14.209953308105469 23499
1626669994515 14.375143051147461 23549
1626670022726 14.470325469970703 23599
1626670050883 14.226551055908203 23649
1626670079112 14.029776573181152 23699
1626670107303 14.269491195678711 23749
1626670135527 14.221061706542969 23799
1626670163614 14.14073657989502 23849
1626670191796 14.585471153259277 23899
1626670219938 14.169585227966309 23949
1626670248160 14.402690887451172 23999
1626670277210 14.450141906738281 24049
1626670305279 14.190481185913086 24099
1626670333617 14.288435935974121 24149
1626670361911 14.132843971252441 24199
1626670390053 14.46882438659668 24249
1626670418222 14.167606353759766 24299
1626670446470 14.296632766723633 24349
1626670474602 14.317280769348145 24399
1626670502773 14.268669128417969 24449
1626670530999 13.953338623046875 24499
1626670559206 14.295948028564453 24549
1626670587482 14.190406799316406 24599
1626670615679 14.424156188964844 24649
1626670644006 14.325553894042969 24699
1626670672286 14.440547943115234 24749
1626670700534 14.217638969421387 24799
1626670728735 14.119863510131836 24849
1626670757050 14.17358112335205 24899
1626670785294 14.246963500976562 24949
1626670815530 14.425275802612305 24999
1626671070780 14.425275802612305 7
1626671106793 14.162153244018555 25049
1626671134926 13.914628028869629 25099
1626671162993 13.983524322509766 25149
1626671191053 14.252662658691406 25199
1626671219218 14.400801658630371 25249
1626671247431 14.217325210571289 25299
1626671275622 13.994307518005371 25349
1626671303875 14.062176704406738 25399
1626671332128 14.57568359375 25449
1626671360470 13.995464324951172 25499
1626671388759 14.28909683227539 25549
1626671417139 13.902837753295898 25599
1626671445355 13.95663070678711 25649
1626671473564 13.846025466918945 25699
1626671501759 13.862643241882324 25749
1626671530064 13.945690155029297 25799
1626671558486 13.845841407775879 25849
1626671586647 14.14152717590332 25899
1626671614837 14.007030487060547 25949
1626671642997 14.348587036132812 25999
1626671671296 14.040340423583984 26049
1626671699521 14.104900360107422 26099
1626671727892 13.928910255432129 26149
1626671756179 14.20742416381836 26199
1626671784523 13.86996841430664 26249
1626671812681 14.035612106323242 26299
1626671840998 14.050176620483398 26349
1626671869340 13.93514633178711 26399
1626671897548 14.08028507232666 26449
1626671925935 14.387273788452148 26499
1626671954275 13.854181289672852 26549
1626671982551 14.049341201782227 26599
1626672010683 13.871177673339844 26649
1626672038808 14.016530990600586 26699
1626672067131 14.209968566894531 26749
1626672095456 14.107320785522461 26799
1626672123648 13.95849895477295 26849
1626672151851 13.945005416870117 26899
1626672180027 13.946182250976562 26949
1626672208320 13.940861701965332 26999
1626672236494 14.219757080078125 27049
1626672264696 14.289834976196289 27099
1626672292792 13.92660903930664 27149
1626672321068 14.564190864562988 27199
1626672349243 14.144227981567383 27249
1626672377365 13.628915786743164 27299
1626672405489 14.166098594665527 27349
1626672433725 14.15911865234375 27399
1626672461876 14.18109130859375 27449
1626672490210 14.363058090209961 27499
1626672518432 14.08300495147705 27549
1626672546715 14.085948944091797 27599
1626672574870 13.774162292480469 27649
1626672603037 14.212936401367188 27699
1626672631127 13.631855964660645 27749
1626672659292 13.853837966918945 27799
1626672687325 13.866920471191406 27849
1626672715438 13.883430480957031 27899
1626672743766 13.85371208190918 27949
1626672772007 14.220888137817383 27999
1626672800090 14.112089157104492 28049
1626672828313 14.09273910522461 28099
1626673096459 14.282271385192871 8
1626673116245 13.929019927978516 28149
1626673144392 14.110271453857422 28199
1626673172509 13.97083568572998 28249
1626673200622 14.342537879943848 28299
1626673228673 14.24515151977539 28349
1626673256836 14.09675407409668 28399
1626673284876 13.69410514831543 28449
1626673312948 13.748180389404297 28499
1626673340993 14.26445484161377 28549
1626673369179 13.97091007232666 28599
1626673397309 13.896272659301758 28649
1626673425508 14.068843841552734 28699
1626673453896 13.819223403930664 28749
1626673481999 13.836685180664062 28799
1626673510217 14.138501167297363 28849
1626673538586 13.798879623413086 28899
1626673566866 13.970294952392578 28949
1626673595309 13.698408126831055 28999
1626673623651 14.005756378173828 29049
1626673652004 14.131319046020508 29099
1626673680144 13.73897933959961 29149
1626673708270 14.143280029296875 29199
1626673736547 13.807561874389648 29249
1626673764746 13.982261657714844 29299
1626673792959 14.168115615844727 29349
1626673821142 13.940731048583984 29399
1626673849267 13.867483139038086 29449
1626673877468 14.027156829833984 29499
1626673905889 14.259679794311523 29549
1626673934105 13.851548194885254 29599
1626673962283 14.396464347839355 29649
1626673990585 13.739645957946777 29699
1626674018737 13.742339134216309 29749
1626674047119 13.801247596740723 29799
1626674075475 14.125375747680664 29849
1626674103691 13.999842643737793 29899
1626674132060 14.280607223510742 29949
1626674160411 14.253890037536621 29999
1626674188723 14.006817817687988 30049
1626674216928 14.137245178222656 30099
1626674245265 13.805505752563477 30149
1626674273563 14.029991149902344 30199
1626674301831 13.99919319152832 30249
1626674330055 13.974002838134766 30299
1626674358086 14.125215530395508 30349
1626674386262 14.20649242401123 30399
1626674414458 13.96068000793457 30449
1626674442652 13.856399536132812 30499
1626674470827 14.098814010620117 30549
1626674498995 14.162897109985352 30599
1626674527217 14.109891891479492 30649
1626674555458 13.752668380737305 30699
1626674583695 13.890266418457031 30749
1626674611622 14.034720420837402 30799
1626674639791 14.213459014892578 30849
1626674667849 13.770048141479492 30899
1626674696049 13.844905853271484 30949
1626674724307 13.893190383911133 30999
1626674752563 14.133379936218262 31049
1626674780952 13.814523696899414 31099
1626674809105 14.06793212890625 31149
1626674837229 14.199921607971191 31199
1626674867370 13.778564453125 31249
1626675124951 13.778564453125 9
1626675159236 13.96506118774414 31299
1626675187385 13.774215698242188 31349
1626675215874 13.721659660339355 31399
1626675244058 14.150583267211914 31449
1626675272297 14.003477096557617 31499
1626675300397 13.59761905670166 31549
1626675328468 13.961847305297852 31599
1626675356757 13.96611213684082 31649
1626675384948 14.067798614501953 31699
1626675413089 13.764420509338379 31749
1626675441326 13.881307601928711 31799
1626675469502 14.236351013183594 31849
1626675497806 14.056537628173828 31899
1626675525900 13.864317893981934 31949
1626675554201 14.073931694030762 31999
1626675582520 13.99079704284668 32049
1626675610798 13.730295181274414 32099
1626675639086 13.515125274658203 32149
1626675667360 14.010594367980957 32199
1626675695743 13.855104446411133 32249
1626675723868 14.124687194824219 32299
1626675752009 13.937213897705078 32349
1626675780157 13.733027458190918 32399
1626675808548 14.305816650390625 32449
1626675836693 13.908737182617188 32499
1626675864868 13.958017349243164 32549
1626675893171 13.936153411865234 32599
1626675921426 14.008079528808594 32649
1626675949583 13.914246559143066 32699
1626675977810 13.8892822265625 32749
1626676006124 13.598348617553711 32799
1626676034220 13.93490219116211 32849
1626676062384 13.630115509033203 32899
1626676090553 13.647992134094238 32949
1626676118865 13.846100807189941 32999
1626676147053 13.674640655517578 33049
1626676175163 13.424270629882812 33099
1626676203269 14.362098693847656 33149
1626676231399 13.787284851074219 33199
1626676259439 13.94992446899414 33249
1626676287607 14.381617546081543 33299
1626676315851 13.900186538696289 33349
1626676344106 13.858869552612305 33399
1626676372326 13.854971885681152 33449
1626676400468 14.082575798034668 33499
1626676428709 14.169788360595703 33549
1626676456984 13.718210220336914 33599
1626676485278 13.731186866760254 33649
1626676513491 13.91031265258789 33699
1626676541747 13.981319427490234 33749
1626676569966 13.641424179077148 33799
1626676598335 13.997796058654785 33849
1626676626667 13.697223663330078 33899
1626676654908 14.095739364624023 33949
1626676683141 14.378787994384766 33999
1626676711398 13.797191619873047 34049
1626676739831 14.068573951721191 34099
1626676767897 13.853038787841797 34149
1626676796052 13.715719223022461 34199
1626676824344 13.85336685180664 34249
1626676852578 14.094483375549316 34299
1626676880855 13.959331512451172 34349
1626677147858 13.856608390808105 10
1626677167585 13.86475658416748 34399
1626677195799 13.581165313720703 34449
1626677223884 13.761438369750977 34499
1626677252134 13.617999076843262 34549
1626677280168 13.622444152832031 34599
1626677308361 14.031303405761719 34649
1626677336456 13.72835922241211 34699
1626677364421 13.796893119812012 34749
1626677392633 13.765045166015625 34799
1626677420721 13.694997787475586 34849
1626677448790 13.583576202392578 34899
1626677476823 13.70053768157959 34949
1626677504836 13.818967819213867 34999
1626677533061 13.6308012008667 35049
1626677561258 13.92702579498291 35099
1626677589462 14.101156234741211 35149
1626677617797 13.803743362426758 35199
1626677646214 13.447175979614258 35249
1626677674560 13.976899147033691 35299
1626677703345 13.99948501586914 35349
1626677731783 13.670486450195312 35399
1626677760146 13.875396728515625 35449
1626677788423 13.554031372070312 35499
1626677816742 14.236528396606445 35549
1626677844863 13.709668159484863 35599
1626677872985 13.885822296142578 35649
1626677901222 13.792940139770508 35699
1626677929639 13.960824012756348 35749
1626677957915 13.583593368530273 35799
1626677986071 13.799283027648926 35849
1626678014418 13.781366348266602 35899
1626678042758 13.883478164672852 35949
1626678071026 13.644229888916016 35999
1626678099276 13.965869903564453 36049
1626678127774 13.725730895996094 36099
1626678156091 13.606315612792969 36149
1626678184472 13.825942993164062 36199
1626678212722 13.996217727661133 36249
1626678240982 13.77194595336914 36299
1626678269203 13.771955490112305 36349
1626678297376 13.81545639038086 36399
1626678325561 14.009272575378418 36449
1626678353862 13.625115394592285 36499
1626678382177 13.664104461669922 36549
1626678410378 13.808374404907227 36599
1626678438640 13.794527053833008 36649
1626678466936 13.948436737060547 36699
1626678495112 14.190473556518555 36749
1626678523182 13.971267700195312 36799
1626678551463 13.849813461303711 36849
1626678579739 13.752176284790039 36899
1626678607936 13.8613920211792 36949
1626678636106 13.782146453857422 36999
1626678664328 13.980340957641602 37049
1626678692457 13.782062530517578 37099
1626678720558 13.831079483032227 37149
1626678748773 13.688562393188477 37199
1626678777128 13.828666687011719 37249
1626678805321 13.658679962158203 37299
1626678833576 13.47119426727295 37349
1626678861790 13.737273216247559 37399
1626678890050 13.802494049072266 37449
1626678920300 14.088506698608398 37499
1626679190896 14.088506698608398 11
1626679226991 13.842101097106934 37549
1626679254974 13.731990814208984 37599
1626679283064 14.033798217773438 37649
1626679311167 13.761029243469238 37699
1626679339262 13.847366333007812 37749
1626679367310 13.720870018005371 37799
1626679395548 13.887628555297852 37849
1626679423658 13.784200668334961 37899
1626679451662 13.558671951293945 37949
1626679479827 13.816255569458008 37999
1626679507898 13.810734748840332 38049
1626679536003 14.155647277832031 38099
1626679564018 13.951810836791992 38149
1626679592182 13.582531929016113 38199
1626679621126 13.288326263427734 38249
1626679649536 13.795738220214844 38299
1626679677686 13.696008682250977 38349
1626679706011 13.757272720336914 38399
1626679734414 13.633642196655273 38449
1626679762715 13.5925874710083 38499
1626679791056 13.608556747436523 38549
1626679819432 13.661725997924805 38599
1626679847667 13.943133354187012 38649
1626679875900 13.705209732055664 38699
1626679904033 13.539793014526367 38749
1626679932137 13.885859489440918 38799
1626679960357 13.654077529907227 38849
1626679988548 13.654776573181152 38899
1626680016554 13.629865646362305 38949
1626680044691 13.714920997619629 38999
1626680072891 13.65463638305664 39049
1626680101153 14.153114318847656 39099
1626680129377 13.979179382324219 39149
1626680157479 13.775312423706055 39199
1626680185575 13.752018928527832 39249
1626680213724 13.604684829711914 39299
1626680241949 13.876482963562012 39349
1626680270032 13.626741409301758 39399
1626680298347 13.727740287780762 39449
1626680326528 13.932137489318848 39499
1626680354831 14.122137069702148 39549
1626680383134 13.970983505249023 39599
1626680411304 13.531403541564941 39649
1626680439494 13.713151931762695 39699
1626680467588 13.896806716918945 39749
1626680495559 13.743162155151367 39799
1626680523770 13.589094161987305 39849
1626680551966 13.913015365600586 39899
1626680580260 13.617705345153809 39949
1626680608436 13.782567024230957 39999
1626680636692 13.737876892089844 40049
1626680665013 13.849175453186035 40099
1626680693142 13.661998748779297 40149
1626680721253 13.814251899719238 40199
1626680749344 13.783939361572266 40249
1626680777590 13.500625610351562 40299
1626680805906 13.909444808959961 40349
1626680834014 14.007637023925781 40399
1626680862320 13.6957368850708 40449
1626680890700 13.604391098022461 40499
1626680919020 13.853132247924805 40549
1626680947206 13.723772048950195 40599
1626681252175 13.875812530517578 12
1626681273575 13.864494323730469 40649
1626681301804 13.508962631225586 40699
1626681330038 13.695840835571289 40749
1626681358311 13.715082168579102 40799
1626681386466 13.783136367797852 40849
1626681414720 13.545774459838867 40899
1626681442835 13.851408004760742 40949
1626681470873 13.808540344238281 40999
1626681498979 13.675813674926758 41049
1626681527035 13.782076835632324 41099
1626681555087 13.419967651367188 41149
1626681583353 13.532666206359863 41199
1626681611406 13.461360931396484 41249
1626681640038 13.707212448120117 41299
1626681668102 13.767898559570312 41349
1626681696361 13.591257095336914 41399
1626681724690 13.651643753051758 41449
1626681753047 13.908562660217285 41499
1626681781444 13.495134353637695 41549
1626681809841 13.781225204467773 41599
1626681838159 13.943607330322266 41649
1626681866367 13.77850341796875 41699
1626681894694 14.134324073791504 41749
1626681922958 13.553882598876953 41799
1626681951266 13.932966232299805 41849
1626681979415 13.626136779785156 41899
1626682007825 13.682710647583008 41949
1626682035984 13.834272384643555 41999
1626682064202 13.75838851928711 42049
1626682092419 13.552042961120605 42099
1626682120666 13.72944450378418 42149
1626682148895 13.680587768554688 42199
1626682177042 13.664886474609375 42249
1626682205182 13.559505462646484 42299
1626682233410 13.464499473571777 42349
1626682261529 13.990543365478516 42399
1626682289578 13.788047790527344 42449
1626682317827 13.611015319824219 42499
1626682345935 13.268949508666992 42549
1626682374244 13.499402046203613 42599
1626682402440 13.514862060546875 42649
1626682430680 13.583160400390625 42699
1626682458916 13.643409729003906 42749
1626682487072 13.792553901672363 42799
1626682515201 13.91600227355957 42849
1626682543393 13.62070083618164 42899
1626682571590 13.535637855529785 42949
1626682599740 13.528299331665039 42999
1626682627976 13.955737113952637 43049
1626682656137 13.506915092468262 43099
1626682684254 13.664506912231445 43149
1626682712359 13.541297912597656 43199
1626682740475 13.849390983581543 43249
1626682768703 13.617582321166992 43299
1626682796971 13.70692253112793 43349
1626682825011 13.801322937011719 43399
1626682853326 13.475906372070312 43449
1626682881385 13.511757850646973 43499
1626682909727 13.706746101379395 43549
1626682937813 13.962401390075684 43599
1626682965974 13.529013633728027 43649
1626682994264 13.615629196166992 43699
1626683024546 13.516401290893555 43749
1626683276030 13.516401290893555 13
1626683310684 13.522516250610352 43799
1626683339607 13.702852249145508 43849
1626683367678 13.461372375488281 43899
1626683395751 13.536850929260254 43949
1626683423743 13.73625659942627 43999
1626683451769 13.57832145690918 44049
1626683479919 13.582128524780273 44099
1626683508011 13.65162467956543 44149
1626683536265 13.550905227661133 44199
1626683564388 13.570408821105957 44249
1626683592554 13.52584457397461 44299
1626683620895 13.729948043823242 44349
1626683649112 13.494922637939453 44399
1626683677308 13.743339538574219 44449
1626683705570 13.685134887695312 44499
1626683733794 13.486902236938477 44549
1626683762047 13.545198440551758 44599
1626683790262 13.773042678833008 44649
1626683818528 13.634604454040527 44699
1626683846993 13.593118667602539 44749
1626683875321 13.434884071350098 44799
1626683903729 13.746776580810547 44849
1626683932243 13.529436111450195 44899
1626683960617 13.640560150146484 44949
1626683988966 13.771628379821777 44999
1626684017361 13.478668212890625 45049
1626684045700 13.299415588378906 45099
1626684073849 13.53040599822998 45149
1626684102207 13.86076831817627 45199
1626684130274 13.149666786193848 45249
1626684158552 13.582390785217285 45299
1626684186820 13.716740608215332 45349
1626684215190 13.309078216552734 45399
1626684243366 13.81028938293457 45449
1626684271630 13.618600845336914 45499
1626684299840 13.62729263305664 45549
1626684328013 13.7506685256958 45599
1626684356242 13.542743682861328 45649
1626684384742 13.311422348022461 45699
1626684413017 13.722869873046875 45749
1626684441395 13.820938110351562 45799
1626684469504 13.817447662353516 45849
1626684497653 13.601585388183594 45899
1626684525663 13.62259578704834 45949
1626684553772 13.729167938232422 45999
1626684581805 13.888744354248047 46049
1626684609965 13.807740211486816 46099
1626684638144 13.852645874023438 46149
1626684666244 13.882173538208008 46199
1626684694534 13.43008041381836 46249
1626684722758 13.773435592651367 46299
1626684750918 13.751949310302734 46349
1626684779057 13.334726333618164 46399
1626684807256 13.498125076293945 46449
1626684835480 13.488471031188965 46499
1626684863637 13.613653182983398 46549
1626684891763 13.26709270477295 46599
1626684919982 13.866589546203613 46649
1626684948194 13.378562927246094 46699
1626684976341 13.540313720703125 46749
1626685004346 13.722949981689453 46799
1626685032533 13.66441822052002 46849
1626685298856 13.67219352722168 14
1626685321225 13.516779899597168 46899
1626685349264 13.583826065063477 46949
1626685377410 13.631357192993164 46999
1626685405501 13.305707931518555 47049
1626685433577 13.375205993652344 47099
1626685461619 13.630282402038574 47149
1626685489759 13.746545791625977 47199
1626685517905 13.880956649780273 47249
1626685546091 13.568906784057617 47299
1626685574233 13.656551361083984 47349
1626685602499 13.709033966064453 47399
1626685630689 13.616525650024414 47449
1626685658849 13.776052474975586 47499
1626685687005 13.59167766571045 47549
1626685715133 13.253628730773926 47599
1626685743244 13.6632080078125 47649
1626685771405 13.421037673950195 47699
1626685799565 13.27431869506836 47749
1626685827849 13.61861515045166 47799
1626685855975 13.606208801269531 47849
1626685884230 13.587386131286621 47899
1626685912609 13.533608436584473 47949
1626685940970 13.419740676879883 47999
1626685969188 13.711709976196289 48049
1626685997637 13.512845993041992 48099
1626686025907 13.704992294311523 48149
1626686054126 13.695242881774902 48199
1626686082440 13.542747497558594 48249
1626686110808 13.479299545288086 48299
1626686139203 13.642897605895996 48349
1626686167425 13.375594139099121 48399
1626686195615 13.872052192687988 48449
1626686223779 13.856498718261719 48499
1626686252082 13.805055618286133 48549
1626686280285 13.646195411682129 48599
1626686308420 13.37773609161377 48649
1626686336467 13.406585693359375 48699
1626686364654 13.649604797363281 48749
1626686392863 13.142969131469727 48799
1626686421076 13.421952247619629 48849
1626686449337 13.606164932250977 48899
1626686477573 13.161672592163086 48949
1626686505789 13.30124282836914 48999
1626686534060 13.521989822387695 49049
1626686562359 13.681260108947754 49099
1626686590501 13.703876495361328 49149
1626686618750 13.8601655960083 49199
1626686646841 13.303411483764648 49249
1626686674943 13.662553787231445 49299
1626686703128 13.70833969116211 49349
1626686731452 13.538163185119629 49399
1626686759599 13.194324493408203 49449
1626686787887 13.578323364257812 49499
1626686816187 13.542691230773926 49549
1626686844479 13.40174674987793 49599
1626686872685 13.482725143432617 49649
1626686900944 13.403860092163086 49699
1626686929208 13.529471397399902 49749
1626686957365 13.791257858276367 49799
1626686985633 13.383331298828125 49849
1626687013761 13.697806358337402 49899
1626687041965 13.475418090820312 49949
1626687072199 13.818431854248047 49999
1626687334172 13.818431854248047 15
1626687368201 13.694302558898926 50049
1626687396325 13.655994415283203 50099
1626687424544 13.656234741210938 50149
1626687452663 13.585713386535645 50199
1626687480841 13.304239273071289 50249
1626687508887 13.468944549560547 50299
1626687536961 13.419454574584961 50349
1626687565112 13.601003646850586 50399
1626687593216 13.272870063781738 50449
1626687621302 13.336177825927734 50499
1626687649386 13.516016006469727 50549
1626687677464 13.663436889648438 50599
1626687705466 13.558066368103027 50649
1626687734141 13.47542667388916 50699
1626687762152 13.625312805175781 50749
1626687790391 13.745664596557617 50799
1626687818584 13.837223052978516 50849
1626687846877 13.499298095703125 50899
1626687874921 13.737820625305176 50949
1626687903151 13.50760555267334 50999
1626687931358 13.409696578979492 51049
1626687959761 13.420045852661133 51099
1626687987789 13.589397430419922 51149
1626688016089 13.493043899536133 51199
1626688044393 13.416954040527344 51249
1626688072748 13.694543838500977 51299
1626688101149 13.484660148620605 51349
1626688129389 13.588107109069824 51399
1626688157720 13.689104080200195 51449
1626688186089 13.402204513549805 51499
1626688214236 13.533010482788086 51549
1626688242430 13.650989532470703 51599
1626688270667 13.311101913452148 51649
1626688298885 13.534088134765625 51699
1626688327196 13.704700469970703 51749
1626688355517 13.24153995513916 51799
1626688383828 13.764397621154785 51849
1626688412084 13.459585189819336 51899
1626688440260 13.695230484008789 51949
1626688468502 13.554756164550781 51999
1626688496736 13.632768630981445 52049
1626688524973 13.287583351135254 52099
1626688553282 13.421281814575195 52149
1626688581570 13.649479866027832 52199
1626688609826 13.592546463012695 52249
1626688638011 13.614449501037598 52299
1626688666239 13.404275894165039 52349
1626688694403 13.353282928466797 52399
1626688722606 13.437129974365234 52449
1626688750760 13.560291290283203 52499
1626688778916 13.232583999633789 52549
1626688806921 13.532999992370605 52599
1626688834944 13.539934158325195 52649
1626688863126 13.373771667480469 52699
1626688891392 13.39606761932373 52749
1626688919489 13.233085632324219 52799
1626688947538 13.315450668334961 52849
1626688975735 13.377647399902344 52899
1626689003839 13.15557861328125 52949
1626689032075 13.408617973327637 52999
1626689060133 13.544124603271484 53049
1626689088281 13.520745277404785 53099
1626689354715 13.527713775634766 16
1626689376449 13.73793888092041 53149
1626689404498 13.289499282836914 53199
1626689432627 13.462922096252441 53249
1626689460836 13.480847358703613 53299
1626689488912 13.485774993896484 53349
1626689516956 13.685705184936523 53399
1626689545083 13.33176040649414 53449
1626689573148 13.29203987121582 53499
1626689601250 13.279693603515625 53549
1626689629284 13.434462547302246 53599
1626689657286 13.26611042022705 53649
1626689685393 13.182987213134766 53699
1626689713519 13.263139724731445 53749
1626689741718 13.360599517822266 53799
1626689769974 13.304882049560547 53849
1626689798280 13.278116226196289 53899
1626689826565 13.695782661437988 53949
1626689855093 13.217748641967773 53999
1626689883407 13.456022262573242 54049
1626689911541 13.391436576843262 54099
1626689939789 13.289390563964844 54149
1626689968081 13.46804428100586 54199
1626689996533 13.602163314819336 54249
1626690024873 13.476578712463379 54299
1626690053440 13.255943298339844 54349
1626690081681 13.590834617614746 54399
1626690110019 13.800498962402344 54449
1626690138384 13.534032821655273 54499
1626690166652 13.47014331817627 54549
1626690195084 13.335044860839844 54599
1626690223365 13.319957733154297 54649
1626690251690 13.103057861328125 54699
1626690279982 13.174322128295898 54749
1626690308278 13.518455505371094 54799
1626690336661 13.390800476074219 54849
1626690364935 13.510444641113281 54899
1626690393130 13.587165832519531 54949
1626690421307 13.695638656616211 54999
1626690449452 13.299367904663086 55049
1626690477798 13.658546447753906 55099
1626690506027 13.338865280151367 55149
1626690534230 13.31525993347168 55199
1626690562481 13.615589141845703 55249
1626690590630 13.437128067016602 55299
1626690618951 13.158658981323242 55349
1626690647080 13.4766845703125 55399
1626690675234 13.2965087890625 55449
1626690703481 13.310802459716797 55499
1626690731694 13.358861923217773 55549
1626690759846 13.074700355529785 55599
1626690788106 13.474059104919434 55649
1626690816290 13.430303573608398 55699
1626690844574 13.711816787719727 55749
1626690872847 13.396173477172852 55799
1626690901166 13.588955879211426 55849
1626690929358 13.314263343811035 55899
1626690957712 13.237167358398438 55949
1626690985970 13.264562606811523 55999
1626691014017 13.584526062011719 56049
1626691042187 13.645638465881348 56099
1626691070367 13.329648971557617 56149
1626691098401 13.54710578918457 56199
1626691128628 13.462154388427734 56249
1626691377602 13.462154388427734 17
1626691411684 13.238343238830566 56299
1626691439777 13.115288734436035 56349
1626691467867 13.711036682128906 56399
1626691495838 13.205272674560547 56449
1626691524047 13.3093900680542 56499
1626691552218 13.205585479736328 56549
1626691580358 13.141542434692383 56599
1626691608487 13.588419914245605 56649
1626691636697 13.497018814086914 56699
1626691664781 13.136415481567383 56749
1626691692841 13.395626068115234 56799
1626691721023 13.252814292907715 56849
1626691749094 13.394790649414062 56899
1626691777128 13.14704704284668 56949
1626691805340 13.714067459106445 56999
1626691833599 13.586103439331055 57049
1626691861652 13.81812858581543 57099
1626691889861 13.45366096496582 57149
1626691918156 13.187721252441406 57199
1626691946437 13.361808776855469 57249
1626691974686 13.406633377075195 57299
1626692002955 13.305835723876953 57349
1626692031096 13.106022834777832 57399
1626692059270 13.184122085571289 57449
1626692087473 13.297683715820312 57499
1626692115854 13.284162521362305 57549
1626692144157 13.277849197387695 57599
1626692172435 13.446285247802734 57649
1626692200751 13.540735244750977 57699
1626692228995 13.61772346496582 57749
1626692257348 13.454656600952148 57799
1626692285578 13.16697883605957 57849
1626692314042 13.291963577270508 57899
1626692342390 13.604864120483398 57949
1626692370629 13.583005905151367 57999
1626692398863 13.327032089233398 58049
1626692427131 13.232889175415039 58099
1626692455464 13.353703498840332 58149
1626692483737 13.488286972045898 58199
1626692511980 13.313519477844238 58249
1626692540265 13.433975219726562 58299
1626692568499 13.693958282470703 58349
1626692596741 13.465009689331055 58399
1626692624766 13.618619918823242 58449
1626692653034 13.43034553527832 58499
1626692681279 13.506241798400879 58549
1626692709511 13.448385238647461 58599
1626692737701 13.516019821166992 58649
1626692766043 13.429084777832031 58699
1626692794285 13.307937622070312 58749
1626692822559 13.515838623046875 58799
1626692850899 13.44367790222168 58849
1626692879248 13.334603309631348 58899
1626692907575 13.264419555664062 58949
1626692935796 13.178749084472656 58999
1626692964185 13.307469367980957 59049
1626692992436 13.35676097869873 59099
1626693020795 13.31430721282959 59149
1626693049159 13.315252304077148 59199
1626693077773 13.399430274963379 59249
1626693106119 13.337019920349121 59299
1626693134401 13.293861389160156 59349
1626693411649 13.6103515625 18
1626693431511 13.386430740356445 59399
1626693459666 13.406280517578125 59449
1626693487838 13.161367416381836 59499
1626693515958 13.33843994140625 59549
1626693544139 13.465973854064941 59599
1626693572311 13.340059280395508 59649
1626693600406 13.449366569519043 59699
1626693628490 13.147636413574219 59749
1626693656677 13.179183959960938 59799
1626693684904 13.230487823486328 59849
1626693712909 13.246732711791992 59899
1626693740988 13.219759941101074 59949
1626693769126 13.62801742553711 59999
1626693797189 13.386345863342285 60049
1626693825308 13.555566787719727 60099
1626693853469 13.541860580444336 60149
1626693881656 13.023048400878906 60199
1626693909848 13.33932876586914 60249
1626693938242 13.435169219970703 60299
1626693966400 12.982848167419434 60349
1626693994684 13.454407691955566 60399
1626694022862 13.50922679901123 60449
1626694050839 13.306089401245117 60499
1626694078896 13.229667663574219 60549
1626694107343 13.13975715637207 60599
1626694135572 13.160906791687012 60649
1626694163823 13.151308059692383 60699
1626694192007 13.37808609008789 60749
1626694220233 13.119794845581055 60799
1626694248433 13.237180709838867 60849
1626694276628 13.353401184082031 60899
1626694304840 13.480777740478516 60949
1626694333242 13.560094833374023 60999
1626694361619 13.371550559997559 61049
1626694389905 13.355107307434082 61099
1626694418323 13.362730026245117 61149
1626694446698 13.412232398986816 61199
1626694475027 13.16120433807373 61249
1626694503452 13.398104667663574 61299
1626694531742 13.63007926940918 61349
1626694559958 13.289643287658691 61399
1626694588148 13.010302543640137 61449
1626694616394 13.507808685302734 61499
1626694644642 13.135473251342773 61549
1626694672938 13.196849822998047 61599
1626694701280 13.089155197143555 61649
1626694729450 13.599238395690918 61699
1626694757592 13.534385681152344 61749
1626694785850 13.25531005859375 61799
1626694814020 13.02779769897461 61849
1626694842321 13.465457916259766 61899
1626694870586 13.335843086242676 61949
1626694898759 12.757018089294434 61999
1626694926918 13.167524337768555 62049
1626694955163 13.591972351074219 62099
1626694983456 13.30707836151123 62149
1626695011598 13.35579776763916 62199
1626695039805 13.022344589233398 62249
1626695067974 13.328081130981445 62299
1626695096236 13.190404891967773 62349
1626695124432 13.574029922485352 62399
1626695152803 13.386651992797852 62449
1626695183145 13.368608474731445 62499
1626695457628 13.368608474731445 19
1626695491784 13.36086654663086 62549
1626695519951 13.100171089172363 62599
1626695548048 13.26011848449707 62649
1626695576824 13.296598434448242 62699
1626695604934 12.943657875061035 62749
1626695633255 13.021049499511719 62799
1626695661536 13.29025936126709 62849
1626695689839 12.942008972167969 62899
1626695718070 13.074536323547363 62949
1626695746275 13.416701316833496 62999
1626695774427 13.579726219177246 63049
1626695802742 13.122859954833984 63099
1626695831114 13.447795867919922 63149
1626695859347 13.056922912597656 63199
1626695887642 13.263160705566406 63249
1626695915941 13.143131256103516 63299
1626695944104 13.260565757751465 63349
1626695972343 13.308893203735352 63399
1626696001090 13.293088912963867 63449
1626696029941 12.802570343017578 63499
1626696058319 13.312145233154297 63549
1626696086533 13.307195663452148 63599
1626696114752 13.428569793701172 63649
1626696142957 13.096357345581055 63699
1626696171167 13.680459022521973 63749
1626696199622 13.311320304870605 63799
1626696228078 13.443887710571289 63849
1626696256557 13.015591621398926 63899
1626696284819 13.283940315246582 63949
1626696313141 13.482770919799805 63999
1626696341733 13.009989738464355 64049
1626696370163 13.196849822998047 64099
1626696398439 13.007997512817383 64149
1626696426803 13.175264358520508 64199
1626696455347 13.03386116027832 64249
1626696483619 13.585577011108398 64299
1626696511883 13.08397102355957 64349
1626696540235 13.241255760192871 64399
1626696568615 13.336681365966797 64449
1626696597020 13.109807968139648 64499
1626696625207 13.564496994018555 64549
1626696653504 13.326512336730957 64599
1626696681819 13.300424575805664 64649
1626696710019 13.595958709716797 64699
1626696738322 13.485282897949219 64749
1626696766604 13.44205093383789 64799
1626696794624 13.252134323120117 64849
1626696822906 13.235119819641113 64899
1626696851044 13.076733589172363 64949
1626696879283 12.995315551757812 64999
1626696907485 13.144662857055664 65049
1626696935752 13.311488151550293 65099
1626696963860 13.502603530883789 65149
1626696992187 13.446327209472656 65199
1626697020521 13.330570220947266 65249
1626697048565 13.41250228881836 65299
1626697076691 13.474617958068848 65349
1626697104898 13.309104919433594 65399
1626697133240 13.209417343139648 65449
1626697161385 13.387129783630371 65499
1626697189632 13.336030960083008 65549
1626697217766 12.996328353881836 65599
1626697485951 13.426340103149414 20
1626697507357 13.400680541992188 65649
1626697535543 13.32513427734375 65699
1626697563704 13.01724624633789 65749
1626697591854 13.155964851379395 65799
1626697619986 13.444472312927246 65849
1626697648171 13.222079277038574 65899
1626697676401 13.332152366638184 65949
1626697704504 13.134516716003418 65999
1626697732756 13.441991806030273 66049
1626697761009 13.18858528137207 66099
1626697789285 13.447928428649902 66149
1626697817613 13.064661026000977 66199
1626697845820 13.536720275878906 66249
1626697874034 13.24766731262207 66299
1626697902288 13.478919982910156 66349
1626697930566 13.340834617614746 66399
1626697958811 13.338908195495605 66449
1626697987008 13.20408821105957 66499
1626698015154 13.263431549072266 66549
1626698043377 13.251771926879883 66599
1626698071505 13.193721771240234 66649
1626698099644 13.49020004272461 66699
1626698127953 13.16665267944336 66749
1626698156184 13.218921661376953 66799
1626698184389 13.109452247619629 66849
1626698212435 13.205085754394531 66899
1626698240553 13.308995246887207 66949
1626698268643 12.944289207458496 66999
1626698296813 13.276317596435547 67049
1626698324916 13.380748748779297 67099
1626698353075 13.114816665649414 67149
1626698381340 13.28911018371582 67199
1626698409603 13.37370777130127 67249
1626698437844 13.177488327026367 67299
1626698466168 13.341018676757812 67349
1626698494449 13.267633438110352 67399
1626698522731 13.131689071655273 67449
1626698551012 13.005340576171875 67499
1626698579530 13.258739471435547 67549
1626698607959 13.347040176391602 67599
1626698636413 13.18978214263916 67649
1626698664752 13.23206901550293 67699
1626698693199 13.237531661987305 67749
1626698721487 13.404735565185547 67799
1626698749755 13.155277252197266 67849
1626698778076 13.451356887817383 67899
1626698806473 13.38901138305664 67949
1626698834644 13.265948295593262 67999
1626698863061 13.307910919189453 68049
1626698891450 13.439294815063477 68099
1626698919746 13.098947525024414 68149
1626698948018 13.33436393737793 68199
1626698976319 13.287650108337402 68249
1626699004510 13.239350318908691 68299
1626699032652 13.129335403442383 68349
1626699060879 13.201461791992188 68399
1626699089388 13.059276580810547 68449
1626699117723 13.105583190917969 68499
1626699146265 13.125295639038086 68549
1626699174655 13.141939163208008 68599
1626699203488 13.54711627960205 68649
1626699231852 13.307266235351562 68699
1626699262110 13.2373685836792 68749
1626699520450 13.2373685836792 21
1626699553918 13.515438079833984 68799
1626699582079 12.977874755859375 68849
1626699610361 13.039531707763672 68899
1626699638350 12.99315071105957 68949
1626699666508 13.006657600402832 68999
1626699694560 13.088556289672852 69049
1626699722728 13.35493278503418 69099
1626699750832 13.081087112426758 69149
1626699778887 13.349414825439453 69199
1626699806967 13.168886184692383 69249
1626699835077 13.537546157836914 69299
1626699863236 13.294617652893066 69349
1626699891350 13.261526107788086 69399
1626699919454 13.402694702148438 69449
1626699947655 13.237308502197266 69499
1626699975677 13.111709594726562 69549
1626700003880 13.150197982788086 69599
1626700032083 13.067544937133789 69649
1626700060302 13.419087409973145 69699
1626700088525 13.435836791992188 69749
1626700116561 13.249404907226562 69799
1626700144725 13.222404479980469 69849
1626700173003 13.360841751098633 69899
1626700201181 13.256050109863281 69949
1626700229292 13.242023468017578 69999
1626700257499 12.96537971496582 70049
1626700285700 13.151262283325195 70099
1626700313866 13.346200942993164 70149
1626700342011 13.344497680664062 70199
1626700370222 13.357980728149414 70249
1626700398403 13.061941146850586 70299
1626700426605 13.071218490600586 70349
1626700454777 13.044675827026367 70399
1626700482916 13.297348022460938 70449
1626700511169 13.074283599853516 70499
1626700539435 13.130879402160645 70549
1626700567756 13.119418144226074 70599
1626700596124 12.899484634399414 70649
1626700624353 13.176424026489258 70699
1626700652699 13.32270622253418 70749
1626700681820 13.276294708251953 70799
1626700710202 13.516685485839844 70849
1626700738597 13.255579948425293 70899
1626700766660 13.253650665283203 70949
1626700794834 13.66212272644043 70999
1626700823242 13.262983322143555 71049
1626700851382 13.093286514282227 71099
1626700879581 13.041280746459961 71149
1626700907776 13.58102035522461 71199
1626700935974 13.359929084777832 71249
1626700964085 13.174578666687012 71299
1626700992294 13.079301834106445 71349
1626701020473 13.169225692749023 71399
1626701048795 13.23463249206543 71449
1626701076874 13.04658317565918 71499
1626701105071 13.208402633666992 71549
1626701133131 13.308307647705078 71599
1626701161212 13.363053321838379 71649
1626701189361 13.598760604858398 71699
1626701217580 13.407514572143555 71749
1626701245622 13.209169387817383 71799
1626701273850 13.385817527770996 71849
1626701540199 13.366250038146973 22
1626701560081 13.225244522094727 71899
1626701588300 13.122459411621094 71949
1626701616455 13.239763259887695 71999
1626701645504 13.282532691955566 72049
1626701673630 13.315692901611328 72099
1626701701741 13.06445026397705 72149
1626701729874 13.14400863647461 72199
1626701757935 13.361103057861328 72249
1626701786061 13.413581848144531 72299
1626701814293 13.3016939163208 72349
1626701842343 13.29863166809082 72399
1626701870582 12.895273208618164 72449
1626701898781 12.90923023223877 72499
1626701926946 12.954046249389648 72549
1626701955268 13.422438621520996 72599
1626701983410 13.097479820251465 72649
1626702011691 13.092080116271973 72699
1626702039725 13.013490676879883 72749
1626702067922 13.052252769470215 72799
1626702096128 13.2735595703125 72849
1626702124377 12.764727592468262 72899
1626702152725 13.381898880004883 72949
1626702180887 13.085898399353027 72999
1626702209018 13.188578605651855 73049
1626702237238 13.061882019042969 73099
1626702265461 12.99610710144043 73149
1626702293701 13.203716278076172 73199
1626702321935 13.109671592712402 73249
1626702350174 12.974616050720215 73299
1626702378360 13.275554656982422 73349
1626702406582 13.237138748168945 73399
1626702434862 13.35761547088623 73449
1626702463040 13.281126976013184 73499
1626702491185 13.152093887329102 73549
1626702519380 12.984630584716797 73599
1626702547554 13.408916473388672 73649
1626702575870 13.03889274597168 73699
1626702604177 13.357833862304688 73749
1626702632513 13.433524131774902 73799
1626702660612 12.889796257019043 73849
1626702688708 13.460023880004883 73899
1626702716886 13.329465866088867 73949
1626702745040 13.215853691101074 73999
1626702773184 13.176745414733887 74049
1626702801360 12.7997407913208 74099
1626702829582 13.038322448730469 74149
1626702857672 12.985026359558105 74199
1626702885861 13.169437408447266 74249
1626702913968 13.026283264160156 74299
1626702942210 13.258683204650879 74349
1626702970375 13.116211891174316 74399
1626702998487 13.23882007598877 74449
1626703026694 13.017707824707031 74499
1626703054878 13.066970825195312 74549
1626703082966 13.065572738647461 74599
1626703111220 13.213943481445312 74649
1626703139373 13.129528045654297 74699
1626703167548 12.980188369750977 74749
1626703195553 13.112544059753418 74799
1626703223636 13.178770065307617 74849
1626703251852 13.41986083984375 74899
1626703279909 12.84454345703125 74949
1626703310131 13.07052230834961 74999
1626703560383 13.07052230834961 23
1626703597519 13.004722595214844 75049
1626703625649 13.15843391418457 75099
1626703653880 13.300530433654785 75149
1626703682089 12.954977035522461 75199
1626703710240 13.087207794189453 75249
1626703738349 13.306390762329102 75299
1626703766402 13.21438980102539 75349
1626703794557 13.009842872619629 75399
1626703822718 12.98541259765625 75449
1626703850859 13.074230194091797 75499
1626703878875 12.939992904663086 75549
1626703906964 13.462479591369629 75599
1626703935036 12.860503196716309 75649
1626703963146 13.124505996704102 75699
1626703991208 13.285799026489258 75749
1626704019345 13.360994338989258 75799
1626704047586 13.092185974121094 75849
1626704075813 13.281118392944336 75899
1626704104009 13.020162582397461 75949
1626704132144 13.028919219970703 75999
1626704160386 12.995715141296387 76049
1626704188415 13.099272727966309 76099
1626704216676 13.180118560791016 76149
1626704244734 13.18521499633789 76199
1626704272976 13.075109481811523 76249
1626704301238 13.261356353759766 76299
1626704329313 13.096757888793945 76349
1626704357342 13.416004180908203 76399
1626704385396 13.22111988067627 76449
1626704413595 13.08430290222168 76499
1626704441735 13.501983642578125 76549
1626704469795 13.062444686889648 76599
1626704498055 13.148149490356445 76649
1626704526360 13.116290092468262 76699
1626704554767 13.137758255004883 76749
1626704583022 13.279485702514648 76799
1626704611381 12.980142593383789 76849
1626704639676 12.999074935913086 76899
1626704667901 13.220487594604492 76949
1626704696180 12.945302963256836 76999
1626704724648 13.264493942260742 77049
1626704753069 13.27717399597168 77099
1626704781547 12.834421157836914 77149
1626704809735 13.268266677856445 77199
1626704838002 13.15594482421875 77249
1626704866172 13.065879821777344 77299
1626704894382 13.174195289611816 77349
1626704922608 12.927254676818848 77399
1626704950952 13.013774871826172 77449
1626704979243 13.20517635345459 77499
1626705007444 13.262517929077148 77549
1626705035562 13.066503524780273 77599
1626705063689 13.218053817749023 77649
1626705091971 13.044429779052734 77699
1626705120384 13.165688514709473 77749
1626705148519 13.180030822753906 77799
1626705176705 13.11616039276123 77849
1626705204923 13.292526245117188 77899
1626705232995 13.135871887207031 77949
1626705261288 13.051637649536133 77999
1626705289573 13.191385269165039 78049
1626705317616 13.04290771484375 78099
1626705584545 13.12855052947998 24
1626705604453 12.850954055786133 78149
1626705632545 13.127159118652344 78199
1626705660621 13.249798774719238 78249
1626705688778 13.246475219726562 78299
1626705717029 12.951974868774414 78349
1626705745266 13.350961685180664 78399
1626705773372 13.067426681518555 78449
1626705801440 12.934442520141602 78499
1626705829581 13.538532257080078 78549
1626705858240 13.083097457885742 78599
1626705886323 13.09581470489502 78649
1626705914452 13.145590782165527 78699
1626705942486 12.894264221191406 78749
1626705970612 12.9949312210083 78799
1626705998775 13.320840835571289 78849
1626706027101 12.96549129486084 78899
1626706055294 13.163689613342285 78949
1626706083368 12.914793014526367 78999
1626706111509 12.915262222290039 79049
1626706139587 13.235166549682617 79099
1626706167741 13.008272171020508 79149
1626706196011 13.222402572631836 79199
1626706224061 13.011468887329102 79249
1626706252248 13.07491683959961 79299
1626706280413 12.912915229797363 79349
1626706308655 13.257343292236328 79399
1626706336873 13.240507125854492 79449
1626706365066 13.136886596679688 79499
1626706393190 13.15959358215332 79549
1626706421319 12.98397159576416 79599
1626706449607 13.298500061035156 79649
1626706477790 12.931428909301758 79699
1626706506195 13.088988304138184 79749
1626706534631 12.79946517944336 79799
1626706562792 13.209879875183105 79849
1626706591307 13.083614349365234 79899
1626706619709 13.167474746704102 79949
1626706647896 12.794071197509766 79999
1626706676208 13.242192268371582 80049
1626706704990 13.274606704711914 80099
1626706733090 13.127481460571289 80149
1626706761563 12.876482009887695 80199
1626706789962 12.815547943115234 80249
1626706818328 12.930656433105469 80299
1626706846797 13.114356994628906 80349
1626706875143 13.028336524963379 80399
1626706903251 13.220541954040527 80449
1626706931883 13.229360580444336 80499
1626706960158 13.244232177734375 80549
1626706988352 12.799718856811523 80599
1626707016689 13.051397323608398 80649
1626707045019 13.103044509887695 80699
1626707073348 13.223814964294434 80749
1626707101583 13.167224884033203 80799
1626707129961 13.089396476745605 80849
1626707158081 13.26533031463623 80899
1626707186324 13.026189804077148 80949
1626707214734 12.903178215026855 80999
1626707243041 13.150733947753906 81049
1626707271455 12.910113334655762 81099
1626707299665 13.144065856933594 81149
1626707328046 12.818119049072266 81199
1626707358320 13.078205108642578 81249
1626707645979 13.078205108642578 25
1626707681108 13.13979434967041 81299
1626707709227 12.953496932983398 81349
1626707737358 13.181404113769531 81399
1626707765583 13.3009033203125 81449
1626707793774 13.222942352294922 81499
1626707821881 13.331079483032227 81549
1626707850252 12.639005661010742 81599
1626707878415 13.110876083374023 81649
1626707906689 13.065088272094727 81699
1626707934922 13.335216522216797 81749
1626707963300 13.078909873962402 81799
1626707991939 12.975179672241211 81849
1626708020234 13.100297927856445 81899
1626708048389 13.06898307800293 81949
1626708077180 12.97983169555664 81999
1626708105409 13.28120231628418 82049
1626708133673 13.130533218383789 82099
1626708161790 13.172948837280273 82149
1626708190150 13.062324523925781 82199
1626708218689 12.940032958984375 82249
1626708246989 13.208879470825195 82299
1626708275332 13.021258354187012 82349
1626708303642 13.38122272491455 82399
1626708332084 13.17927360534668 82449
1626708360486 13.052959442138672 82499
1626708388706 13.212108612060547 82549
1626708417395 12.983287811279297 82599
1626708445704 12.96052074432373 82649
1626708473904 13.117554664611816 82699
1626708501993 13.340210914611816 82749
1626708530294 12.982332229614258 82799
1626708558737 13.045459747314453 82849
1626708586987 12.943275451660156 82899
1626708615193 13.076570510864258 82949
1626708643368 12.838178634643555 82999
1626708671598 13.147298812866211 83049
1626708699829 13.321325302124023 83099
1626708728090 13.127357482910156 83149
1626708756353 12.99293327331543 83199
1626708784762 13.209511756896973 83249
1626708812960 13.302433013916016 83299
1626708841209 13.159242630004883 83349
1626708869312 13.024112701416016 83399
1626708897611 13.17719841003418 83449
1626708925995 13.029170036315918 83499
1626708954280 13.27804946899414 83549
1626708982563 13.183801651000977 83599
1626709010877 13.039055824279785 83649
1626709039106 13.544897079467773 83699
1626709067292 13.206905364990234 83749
1626709095677 13.382339477539062 83799
1626709123813 13.113996505737305 83849
1626709152463 13.214299201965332 83899
1626709180791 13.164974212646484 83949
1626709209142 13.144172668457031 83999
1626709237499 13.240358352661133 84049
1626709265875 13.062833786010742 84099
1626709294155 13.211540222167969 84149
1626709322435 13.248077392578125 84199
1626709350888 13.154069900512695 84249
1626709379350 13.09933090209961 84299
1626709407486 13.014504432678223 84349
1626709667051 13.015438079833984 26
1626709686628 13.337541580200195 84399
1626709714786 12.748127937316895 84449
1626709743109 13.35223388671875 84499
1626709771350 12.996382713317871 84549
1626709799548 13.03681755065918 84599
1626709827762 13.313737869262695 84649
1626709856047 13.037433624267578 84699
1626709884452 13.4824800491333 84749
1626709912675 12.90127182006836 84799
1626709941171 13.194095611572266 84849
1626709969527 12.99924373626709 84899
1626709997609 13.342316627502441 84949
1626710025704 12.899589538574219 84999
1626710054069 13.42237663269043 85049
1626710082200 12.957414627075195 85099
1626710110505 13.172473907470703 85149
1626710138874 12.871975898742676 85199
1626710167337 13.119014739990234 85249
1626710195768 12.951801300048828 85299
1626710224249 13.054999351501465 85349
1626710252641 12.959596633911133 85399
1626710280764 13.221179962158203 85449
1626710309008 12.915035247802734 85499
1626710337371 13.172951698303223 85549
1626710365792 12.865184783935547 85599
1626710393952 12.948342323303223 85649
1626710422227 13.290047645568848 85699
1626710450403 13.108476638793945 85749
1626710478785 12.994728088378906 85799
1626710506959 13.058685302734375 85849
1626710535161 13.341584205627441 85899
1626710563256 13.152013778686523 85949
1626710591398 13.069974899291992 85999
1626710619576 13.268795013427734 86049
1626710647773 12.732118606567383 86099
1626710675991 13.19870376586914 86149
1626710704083 12.991582870483398 86199
1626710732196 13.100692749023438 86249
1626710760502 13.075438499450684 86299
1626710788841 13.069589614868164 86349
1626710817172 12.959465026855469 86399
1626710845374 12.961488723754883 86449
1626710873407 13.244498252868652 86499
1626710901770 13.232439994812012 86549
1626710930083 12.901313781738281 86599
1626710958398 13.188894271850586 86649
1626710986639 13.230634689331055 86699
1626711014893 13.213659286499023 86749
1626711043175 13.05777359008789 86799
1626711071366 12.969376564025879 86849
1626711099707 13.04368782043457 86899
1626711128090 13.14523696899414 86949
1626711156621 13.029165267944336 86999
1626711184951 12.999151229858398 87049
1626711213244 13.00960922241211 87099
1626711241476 12.988091468811035 87149
1626711269765 13.300466537475586 87199
1626711297960 12.92671012878418 87249
1626711326271 13.289793014526367 87299
1626711354734 13.189225196838379 87349
1626711383036 13.125395774841309 87399
1626711411203 12.983013153076172 87449
1626711441656 13.191761016845703 87499
1626711686707 13.191761016845703 27
1626711721021 12.802574157714844 87549
1626711749319 13.138957977294922 87599
1626711780278 13.100504875183105 87649
1626711808490 12.925969123840332 87699
1626711836749 12.927629470825195 87749
1626711865094 13.149423599243164 87799
1626711893334 13.233818054199219 87849
1626711921655 13.165043830871582 87899
1626711949776 13.099090576171875 87949
1626711977939 13.077561378479004 87999
1626712005939 13.416933059692383 88049
1626712034263 12.935260772705078 88099
1626712062377 13.054237365722656 88149
1626712090462 13.101638793945312 88199
1626712120892 12.976251602172852 88249
1626712148986 12.909463882446289 88299
1626712177108 12.956798553466797 88349
1626712205378 13.044825553894043 88399
1626712233600 13.183582305908203 88449
1626712262150 13.166332244873047 88499
1626712290733 13.089221954345703 88549
1626712319059 13.067142486572266 88599
1626712347293 12.86853313446045 88649
1626712375874 12.804925918579102 88699
1626712404219 13.399675369262695 88749
1626712432563 13.101516723632812 88799
1626712460876 13.063282012939453 88849
1626712489154 13.075981140136719 88899
1626712517447 13.022266387939453 88949
1626712545729 12.876616477966309 88999
1626712573942 13.063182830810547 89049
1626712602175 13.050956726074219 89099
1626712630432 12.92605209350586 89149
1626712658961 13.538745880126953 89199
1626712687288 13.103484153747559 89249
1626712715563 13.14392375946045 89299
1626712743722 13.11421012878418 89349
1626712772012 13.369878768920898 89399
1626712801219 12.816067695617676 89449
1626712829319 13.069729804992676 89499
1626712857805 13.068731307983398 89549
1626712886135 13.024139404296875 89599
1626712914464 13.23483657836914 89649
1626712942570 13.462278366088867 89699
1626712970845 13.353938102722168 89749
1626712999101 12.930777549743652 89799
1626713027577 13.211002349853516 89849
1626713055854 12.95513916015625 89899
1626713084393 13.088138580322266 89949
1626713112616 13.083337783813477 89999
1626713140740 13.015317916870117 90049
1626713168801 13.117928504943848 90099
1626713197265 12.993515968322754 90149
1626713225571 13.295104026794434 90199
1626713254082 13.222646713256836 90249
1626713282336 13.123048782348633 90299
1626713310464 13.066266059875488 90349
1626713338676 13.064960479736328 90399
1626713366894 12.965303421020508 90449
1626713395167 13.068798065185547 90499
1626713423302 12.901875495910645 90549
1626713451409 12.929634094238281 90599
1626713720070 13.012872695922852 28
1626713740062 13.2830810546875 90649
1626713768207 13.073324203491211 90699
1626713796303 12.889202117919922 90749
1626713824382 13.057594299316406 90799
1626713852378 13.230375289916992 90849
1626713880406 12.951913833618164 90899
1626713908577 12.891637802124023 90949
1626713936737 13.113997459411621 90999
1626713964949 13.100730895996094 91049
1626713993049 12.98127269744873 91099
1626714021257 13.404241561889648 91149
1626714049413 12.915664672851562 91199
1626714077640 13.103267669677734 91249
1626714105703 13.083106994628906 91299
1626714133808 12.909808158874512 91349
1626714162033 12.91678237915039 91399
1626714190238 13.235997200012207 91449
1626714218402 13.442032814025879 91499
1626714246704 12.986675262451172 91549
1626714274882 12.884960174560547 91599
1626714303031 13.007875442504883 91649
1626714331200 13.226469039916992 91699
1626714359639 13.061713218688965 91749
1626714388049 13.05528450012207 91799
1626714416263 12.814262390136719 91849
1626714444445 13.04465103149414 91899
1626714472601 13.233942031860352 91949
1626714500770 12.682649612426758 91999
1626714529017 13.127249717712402 92049
1626714557338 12.965890884399414 92099
1626714585423 13.015019416809082 92149
1626714613647 12.886865615844727 92199
1626714641873 12.81283187866211 92249
1626714670021 12.924461364746094 92299
1626714698209 12.62632942199707 92349
1626714726415 13.037357330322266 92399
1626714754718 13.155144691467285 92449
1626714782872 13.003939628601074 92499
1626714811134 13.281059265136719 92549
1626714839398 13.144325256347656 92599
1626714867549 13.06421947479248 92649
1626714895931 13.007769584655762 92699
1626714924167 13.249933242797852 92749
1626714952352 13.221704483032227 92799
1626714980711 12.79367446899414 92849
1626715009345 13.062483787536621 92899
1626715037659 13.278327941894531 92949
1626715065991 13.20065975189209 92999
1626715094200 13.276476860046387 93049
1626715122475 13.185796737670898 93099
1626715150537 13.226572036743164 93149
1626715178704 13.274770736694336 93199
1626715206948 13.362332344055176 93249
1626715235236 13.131704330444336 93299
1626715263474 13.073234558105469 93349
1626715291694 13.195427894592285 93399
1626715319793 13.01740837097168 93449
1626715348031 12.91268253326416 93499
1626715376805 13.292516708374023 93549
1626715405033 13.123127937316895 93599
1626715433249 13.08779525756836 93649
1626715461596 13.050945281982422 93699
1626715491673 13.238407135009766 93749
1626715732515 13.238407135009766 29
