1626656626657 20.4346923828125 3124
1626656883028 20.4346923828125 0
1626658651654 16.71816062927246 6249
1626658908434 16.71816062927246 1
1626660677465 15.548418998718262 9374
1626660932809 15.548418998718262 2
1626662700946 15.07458209991455 12499
1626662949096 15.07458209991455 3
1626664718835 14.792787551879883 15624
1626664968037 14.792787551879883 4
1626666738092 14.611686706542969 18749
1626667021893 14.611686706542969 5
1626668792460 14.419190406799316 21874
1626669043851 14.419190406799316 6
1626670816431 14.246179580688477 24999
1626671070780 14.246179580688477 7
1626672845161 14.126558303833008 28124
1626673096459 14.126558303833008 8
1626674868217 14.003959655761719 31249
1626675124951 14.003959655761719 9
1626676897644 13.92250919342041 34374
1626677147858 13.92250919342041 10
1626678920878 13.83604621887207 37499
1626679190896 13.83604621887207 11
1626680963820 13.764252662658691 40624
1626681252175 13.764252662658691 12
1626683025316 13.720076560974121 43749
1626683276030 13.720076560974121 13
1626685049455 13.620389938354492 46874
1626685298856 13.620389938354492 14
1626687072988 13.555265426635742 49999
1626687334172 13.555265426635742 15
1626689105281 13.50095272064209 53124
1626689354715 13.50095272064209 16
1626691129446 13.447407722473145 56249
1626691377602 13.447407722473145 17
1626693151306 13.395501136779785 59374
1626693411649 13.395501136779785 18
1626695183963 13.342510223388672 62499
1626695457628 13.342510223388672 19
1626697234749 13.300573348999023 65624
1626697485951 13.300573348999023 20
1626699262779 13.261984825134277 68749
1626699520450 13.261984825134277 21
1626701290781 13.217646598815918 71874
1626701540199 13.217646598815918 22
1626703310940 13.181452751159668 74999
1626703560383 13.181452751159668 23
1626705334422 13.150790214538574 78124
1626705584545 13.150790214538574 24
1626707358835 13.124924659729004 81249
1626707645979 13.124924659729004 25
1626709424341 13.101017951965332 84374
1626709667051 13.101017951965332 26
1626711442452 13.08329963684082 87499
1626711686707 13.08329963684082 27
1626713467906 13.06741714477539 90624
1626713720070 13.06741714477539 28
1626715492347 13.058993339538574 93749
1626715732515 13.058993339538574 29
